1429.0 470.03846153846155 
3509.0 100.0042372881356 
1454.0 464.0344827586207 
1455.0 109.02173913043478 
3035.0 100.00471698113208 
2617.0 100.00487804878048 
3103.0 100.00446428571429 
3345.0 100.00444444444445 
2275.0 100.00602409638554 
2152.0 100.0060606060606 
2138.0 100.00641025641026 
2032.0 100.00657894736842 
2378.0 100.00581395348837 
3416.0 100.00440528634361 
2429.0 100.0054347826087 
1929.0 100.00740740740741 
1842.0 100.008 
2567.0 100.0050505050505 
2490.0 100.00526315789473 
1705.0 100.00892857142857 
1780.0 100.00884955752213 
1629.0 100.0126582278481 
1962.0 100.0068493150685 
2018.0 100.00675675675676 
1578.0 100.01282051282051 
1500.0 100.01351351351352 
1550.0 100.01333333333334 
2476.0 100.00537634408602 
2571.0 100.0049504950495 
2386.0 100.00552486187846 
1461.0 103.02272727272727 
1467.0 100.01754385964912 
3056.0 100.00454545454545 
3093.0 100.00450450450451 
1669.0 100.00934579439253 
1457.0 109.02127659574468 
1436.0 469.0357142857143 
1491.0 100.01428571428572 
1438.0 465.037037037037 
1648.0 100.00952380952381 
1439.0 464.0357142857143 
1940.0 100.00729927007299 
1465.0 102.01818181818182 
1827.0 100.00806451612904 
1948.0 100.00714285714285 
3037.0 100.00467289719626 
3051.0 100.0045871559633 
2489.0 100.00531914893617 
2151.0 100.0060975609756 
1559.0 100.01315789473684 
1571.0 100.01298701298701 
1641.0 100.01204819277109 
2022.0 100.00662251655629 
1809.0 100.00819672131148 
1819.0 100.00813008130082 
1433.0 470.037037037037 
1497.0 100.01408450704226 
1788.0 100.00854700854701 
1807.0 100.00826446280992 
1787.0 100.00877192982456 
1796.0 100.00847457627118 
1434.0 469.037037037037 
1647.0 100.01190476190476 
1800.0 100.00840336134453 
