1449.0 470.0416666666667 
3998.0 95.00377358490566 
1457.0 464.03846153846155 
1464.0 111.02325581395348 
3869.0 95.00438596491227 
2902.0 95.00448430493273 
2108.0 95.00694444444444 
2251.0 95.00689655172414 
2761.0 95.00452488687783 
2024.0 95.00740740740741 
2096.0 95.00714285714285 
1754.0 95.01162790697674 
2426.0 95.00584795321637 
1694.0 95.01204819277109 
2020.0 95.00787401574803 
2485.0 95.00581395348837 
1963.0 95.00806451612904 
1850.0 95.00892857142857 
1905.0 95.00869565217391 
2503.0 95.00568181818181 
2557.0 95.00564971751412 
1603.0 95.01470588235294 
1655.0 95.0126582278481 
2335.0 95.00671140939598 
2286.0 95.00675675675676 
2715.0 95.0045871559633 
1949.0 95.00847457627118 
1466.0 105.02173913043478 
1452.0 465.0416666666667 
1691.0 95.01234567901234 
1597.0 95.015625 
1487.0 95.02 
2604.0 95.00537634408602 
1470.0 99.02127659574468 
1516.0 95.01818181818182 
1545.0 95.01724137931035 
1568.0 95.01694915254237 
1467.0 103.02173913043478 
1814.0 95.00961538461539 
1495.0 95.01923076923077 
1792.0 95.01063829787235 
1765.0 95.01086956521739 
3953.0 95.003861003861 
3980.0 95.00380228136882 
1820.0 95.00943396226415 
3929.0 95.00387596899225 
2262.0 95.0068493150685 
3921.0 95.00393700787401 
2358.0 95.00657894736842 
2419.0 95.0060606060606 
3887.0 95.00408163265305 
2683.0 95.0048309178744 
2396.0 95.00649350649351 
2643.0 95.00515463917526 
2571.0 95.00558659217877 
2592.0 95.0054347826087 
2625.0 95.00523560209425 
2662.0 95.00510204081633 
2375.0 95.00653594771242 
1515.0 95.01886792452831 
1839.0 95.00934579439253 
2702.0 95.00469483568075 
3906.0 95.00401606425703 
3884.0 95.00414937759336 
1472.0 97.02127659574468 
1475.0 97.01960784313725 
2641.0 95.00518134715026 
3996.0 95.00378787878788 
2404.0 95.00636942675159 
