1427.0 470.03333333333336 
4213.0 95.0032894736842 
1448.0 463.03125 
1459.0 114.02083333333333 
3636.0 95.00344827586207 
4181.0 95.00340136054422 
2961.0 95.00502512562814 
2640.0 95.00546448087432 
3273.0 95.00396825396825 
3497.0 95.003861003861 
2480.0 95.00602409638554 
2627.0 95.00558659217877 
2076.0 95.00763358778626 
2261.0 95.00680272108843 
2378.0 95.00657894736842 
2190.0 95.00757575757575 
3196.0 95.00456621004567 
3087.0 95.00462962962963 
3009.0 95.00473933649289 
3502.0 95.00381679389314 
3574.0 95.00378787878788 
1971.0 95.01219512195122 
1908.0 95.01234567901234 
2426.0 95.00653594771242 
1639.0 95.01754385964912 
1433.0 464.03225806451616 
1431.0 469.0285714285714 
1461.0 108.0204081632653 
1773.0 95.01515151515152 
1475.0 102.02 
1862.0 95.01298701298701 
1684.0 95.01724137931035 
2235.0 95.00746268656717 
3226.0 95.00436681222708 
1590.0 97.01587301587301 
1477.0 97.01923076923077 
2438.0 95.00632911392405 
1813.0 95.01492537313433 
1700.0 95.01612903225806 
1738.0 95.01587301587301 
1464.0 108.01851851851852 
1838.0 95.01408450704226 
1466.0 104.02083333333333 
1511.0 97.01818181818182 
1533.0 97.01694915254237 
1480.0 97.01851851851852 
1605.0 97.01538461538462 
1562.0 97.01639344262296 
1993.0 95.01086956521739 
2021.0 95.00884955752213 
3590.0 95.00361010830325 
3617.0 95.00358422939068 
2257.0 95.0068493150685 
3265.0 95.00408163265305 
1630.0 95.01886792452831 
2044.0 95.00877192982456 
2975.0 95.00485436893204 
2998.0 95.0048309178744 
1468.0 102.02083333333333 
1531.0 97.01724137931035 
1756.0 95.015625 
3247.0 95.00414937759336 
2061.0 95.00833333333334 
1830.0 95.01470588235294 
4198.0 95.00334448160535 
3241.0 95.00425531914894 
