1425.0 470.0285714285714 
2649.0 93.00653594771242 
1458.0 464.0238095238095 
1460.0 109.02380952380952 
2465.0 93.00657894736842 
1980.0 93.01030927835052 
1834.0 93.01052631578948 
2071.0 93.00980392156863 
1989.0 93.01 
2312.0 93.00826446280992 
2367.0 93.00806451612904 
2206.0 93.00925925925925 
2154.0 93.00934579439253 
1685.0 95.01063829787235 
1509.0 95.01694915254237 
2143.0 93.00952380952381 
2096.0 93.00970873786407 
2222.0 93.00869565217391 
1552.0 95.01666666666667 
1643.0 95.0111111111111 
2382.0 93.0077519379845 
2423.0 93.00763358778626 
1713.0 93.01388888888889 
2300.0 93.00854700854701 
2261.0 93.00862068965517 
1747.0 93.01369863013699 
1805.0 93.01063829787235 
1630.0 95.01219512195122 
1601.0 95.01369863013699 
1463.0 103.02272727272727 
1797.0 93.01190476190476 
1774.0 93.01234567901234 
1451.0 465.030303030303 
2433.0 93.00719424460432 
2451.0 93.00709219858156 
1435.0 469.0204081632653 
1475.0 103.02083333333333 
1482.0 101.02 
1572.0 95.01492537313433 
1489.0 95.01785714285714 
1504.0 95.01754385964912 
1587.0 95.01470588235294 
1483.0 97.01923076923077 
1566.0 95.01587301587301 
1479.0 101.0204081632653 
1485.0 95.01851851851852 
2217.0 93.00892857142857 
1452.0 464.02777777777777 
1764.0 93.01298701298701 
1754.0 93.01351351351352 
2373.0 93.008 
1428.0 470.02702702702703 
1430.0 469.025 
2431.0 93.00751879699249 
2457.0 93.00704225352112 
1636.0 95.01176470588236 
1469.0 103.02127659574468 
1589.0 95.01428571428572 
1595.0 95.01388888888889 
