1460.0 109.01960784313725 
2612.0 87.00666666666666 
1939.0 95.00840336134453 
1945.0 89.01075268817205 
1463.0 109.01851851851852 
1472.0 101.01886792452831 
1474.0 97.01851851851852 
1465.0 105.02173913043478 
1980.0 87.01010101010101 
2153.0 87.00970873786407 
2298.0 87.00884955752213 
1476.0 95.01886792452831 
2439.0 87.00719424460432 
2565.0 87.00704225352112 
1973.0 89.00934579439253 
1467.0 103.02 
1470.0 103.01960784313725 
2057.0 87.01 
1914.0 95.00892857142857 
1836.0 95.009009009009 
1740.0 95.00961538461539 
1797.0 95.0091743119266 
2427.0 87.0077519379845 
2372.0 87.0078125 
1569.0 95.01333333333334 
1688.0 95.01162790697674 
1650.0 95.01234567901234 
1607.0 95.01315789473684 
2331.0 87.00813008130082 
2363.0 87.00787401574803 
1828.0 95.00909090909092 
1519.0 95.01538461538462 
1549.0 95.01492537313433 
1503.0 95.01818181818182 
2327.0 87.00854700854701 
1708.0 95.01010101010101 
1734.0 95.01 
2304.0 87.00862068965517 
2593.0 87.0068493150685 
1645.0 95.0126582278481 
1630.0 95.01282051282051 
2578.0 87.00689655172414 
1621.0 95.01298701298701 
2577.0 87.00699300699301 
1930.0 95.00854700854701 
1696.0 95.01123595505618 
1564.0 95.01388888888889 
1960.0 89.01 
2435.0 87.00757575757575 
1511.0 95.01587301587301 
1925.0 95.00869565217391 
1556.0 95.01470588235294 
1922.0 95.00877192982456 
1967.0 89.00970873786407 
1952.0 89.01041666666667 
1707.0 95.01020408163265 
1701.0 95.01030927835052 
1953.0 89.01020408163265 
1959.0 89.01010101010101 
1917.0 95.00884955752213 
2299.0 87.00877192982456 
1507.0 95.01612903225806 
