1437.0 466.02222222222224 
1887.0 93.01086956521739 
1460.0 465.01724137931035 
1461.0 110.02083333333333 
1644.0 95.01086956521739 
1718.0 95.01075268817205 
1551.0 95.01408450704226 
1623.0 95.01204819277109 
1740.0 95.01010101010101 
1793.0 95.01 
1482.0 95.01724137931035 
1525.0 95.015625 
1844.0 93.01136363636364 
1837.0 93.01204819277109 
1808.0 95.00952380952381 
1442.0 465.02127659574467 
1529.0 95.01470588235294 
1547.0 95.01449275362319 
1472.0 96.02 
1463.0 104.01960784313725 
1728.0 95.01063829787235 
1467.0 102.02127659574468 
1637.0 95.01098901098901 
1733.0 95.01020408163265 
1470.0 98.01960784313725 
1636.0 95.01162790697674 
1843.0 93.01176470588236 
1630.0 95.01176470588236 
1797.0 95.00990099009901 
1803.0 95.00980392156863 
1441.0 466.0217391304348 
1628.0 95.01190476190476 
1805.0 95.00970873786407 
