0.025332900292302694 0.9662681192274312 
0.8531990906138357 0.06264429818247409 
0.027931146476128613 0.9518038763961533 
0.03020461188697629 0.10124195993879746 
0.8113023708996427 0.06264577366314343 
0.49723936342968494 0.06264601060556095 
0.23936342968496266 0.06265193811503901 
0.28580708022085094 0.06265182272135822 
0.4514452744397532 0.06264610838451334 
0.21208184475479053 0.0626530535872868 
0.23546606040922377 0.06265241617457376 
0.1243910360506658 0.06266322254359204 
0.34264371549204287 0.06264929620708377 
0.10490418967197142 0.06266423518861385 
0.21078272166287756 0.0626541778427806 
0.361805781097759 0.06264921428745725 
0.19227021760311788 0.06265463683821912 
0.1555699902565768 0.0626567187103866 
0.17343293277038 0.06265615751006319 
0.36765183501136733 0.06264889591799963 
0.3851899967521923 0.0626488185740071 
0.07534913933095161 0.06267063867919281 
0.09223773952582007 0.06266570501936278 
0.31308866515102307 0.06265137663571968 
0.2971744072750893 0.0626514858965602 
0.43650535888275416 0.06264625841689671 
0.18772328678142253 0.06265562484534944 
0.03085417343293277 0.0867817852800092 
0.026307242611237416 0.9542210189515137 
0.1039298473530367 0.06266495195792966 
0.07340045469308216 0.0626728532196847 
0.037674569665475804 0.06268339443242613 
0.4004546930821695 0.06264815990258688 
0.03215329652484573 0.07232415050854969 
0.047093212081844756 0.06267901366868943 
0.05651185449821371 0.06267674775641184 
0.06398181227671322 0.06267604365937642 
0.03117895420591101 0.08196294516964221 
0.14387788242936017 0.06265837353185308 
0.04027281584930172 0.0626815410323837 
0.13673270542383892 0.06266083815956912 
0.12796362455342644 0.06266139537974837 
0.8385839558298148 0.0626445088114583 
0.8473530367002273 0.06264436732430795 
0.14582656706722963 0.06265793640920156 
0.8307892172783371 0.06264454486874566 
0.28937966872361154 0.06265170890841276 
0.8281909710945112 0.06264469193705154 
0.3205586229295226 0.06265105747905395 
0.3403702500811952 0.06264980857711144 
0.817148424813251 0.06264504039889462 
0.42611237414745046 0.06264684574173399 
0.3329002923026957 0.0626508516160964 
0.4131211432283209 0.06264762572232857 
0.3897369275738876 0.06264866647855813 
0.39655732380643066 0.06264830070553544 
0.40727508931471257 0.06264782079600931 
0.4192919779149074 0.06264749899078768 
0.32607989607015264 0.0626509538748204 
0.046768431308866515 0.06268066678708066 
0.15199740175381618 0.06265772397576345 
0.43228320883403704 0.06264651786256746 
0.8233192594998376 0.06264488241708625 
0.8161740824943163 0.06264520362491245 
0.03280285807080221 0.06750531039818271 
0.03377720038973693 0.06750128967218323 
0.4124715816823644 0.06264769007305916 
0.8525495290678792 0.06264433262244058 
0.3354985384865216 0.06265055265587777 

0.023708996427411498 0.954198349676801 
0.7226372198765834 0.055417421605142354 
0.03247807729782397 0.937321614397796 
0.03312763884378045 0.09642062947178433 
0.4910685287430984 0.06264815990258688 
0.4179928548229945 0.06264866647855813 
0.5498538486521598 0.06264695929988433 
0.6927573887625853 0.057827268274146366 
0.6346216303994804 0.057827677752200476 
0.5112049366677492 0.06264719319577611 
0.17343293277038 0.06747766790693636 
0.20818447547905164 0.06747677651956854 
0.29100357258850273 0.06747163314939152 
0.0990581357583631 0.0674866058721649 
0.12958752841831764 0.06748416389237925 
0.31958428061058786 0.06747089523298445 
0.34556674244884705 0.06747043675430973 
0.22150048717115947 0.06747555882075358 
0.2487820721013316 0.06747499762043017 
0.15654433257551154 0.06748342931309413 
0.5797336797661579 0.06264625841689671 
0.6063657031503735 0.057829677633967555 
0.5755115297174407 0.06264684574173399 
0.27021760311789544 0.06747202688836992 
0.3605066580058461 0.0674694911420432 
0.2880805456316986 0.0674717624656246 
0.08574212406625528 0.06748846642819209 
0.06982786619032154 0.06748896527292399 
0.34751542708671646 0.06746979398518739 
0.03540110425462813 0.0675042423928391 
0.03020461188697629 0.9517714418954103 
0.03085417343293277 0.9397371188470582 
0.03377720038973693 0.08196183072928366 
0.034751542708671646 0.08195973831065127 
0.6135108801558947 0.05782817680357892 
0.6248782072101332 0.057827839349789696 
0.3637544657356285 0.06265374003174697 
0.059110100682039625 0.0674900076350504 
0.1627151672620981 0.06748081747563592 
0.25982461838259174 0.06747379548640407 
0.7031503734978889 0.05541831105471154 
0.038324131211432286 0.06750128967218323 
0.025332900292302694 0.9517729863954458 
0.3744722312439104 0.06265217377818993 
0.2676193569340695 0.067472162081954 
0.5008119519324457 0.06264762572232857 
0.5086066904839234 0.06264731366979072 
0.3822669697953881 0.0626514858965602 
0.04514452744397532 0.06749707149981772 
0.21890224098733355 0.06747594996037296 
0.6112374147450471 0.05782938981314568 
0.05196492367651835 0.06749631666897338 
0.7080220850925625 0.0554179477838322 
0.41052289704449496 0.06264954781736522 
0.3708996427411497 0.06265253998855401 
0.4033777200389737 0.06264989761702479 
0.04449496589801884 0.06750038114275068 
0.39655732380643066 0.06265017137328013 
0.3900617083468659 0.06265075067683977 
0.4975641442026632 0.06264775509410987 
0.3835660928873011 0.06265137663571968 
0.21403052939265996 0.06747635558664483 
0.2569015914257876 0.06747429336904393 
0.2513803182851575 0.06747481700423413 
0.7102955505034102 0.05541770220530408 
0.715492042871062 0.05541756005103712 
0.7177655082819097 0.05541746735072913 
0.6297499188048068 0.05782778497334971 
0.41377070477427735 0.06264905327301894 
0.6339720688535239 0.05782773110989503 

0.01818772328678142 0.9662480407269712 
0.9230269568041571 0.0626431317551882 
0.025008119519324457 0.9493770807155718 
0.028580708022085094 0.10846438333095845 
0.7356284507957129 0.06264351437634035 
0.9126339720688535 0.06264340133763262 
0.5164014290354011 0.06264731366979072 
0.41214680090938616 0.06264837226113222 
0.6177330302046119 0.06264476722201763 
0.6904839233517376 0.0626445088114583 
0.3601818772328678 0.06264972060996815 
0.40792465086066904 0.06264866647855813 
0.22897044494965899 0.06265359855082768 
0.28905488795063333 0.06265159664394276 
0.32705423838908737 0.06265105747905395 
0.2659954530691783 0.0626534592135587 
0.5927249106852874 0.06264620794938268 
0.5573238064306593 0.06264636075380017 
0.5319909061383566 0.0626466250837167 
0.6921078272166288 0.0626444022910751 
0.715492042871062 0.06264433262244058 
0.1948684637869438 0.06266458920272715 
0.17440727508931472 0.06266495195792966 
0.34264371549204287 0.0626509538748204 
0.08704124715816823 0.0626774765586064 
0.02013640792465086 0.9517889296216174 
0.01948684637869438 0.9638271472429535 
0.029230269568041572 0.09400683858656873 
0.13056187073725237 0.06267171239579494 
0.03377720038973693 0.07954933481871057 
0.1594673595323157 0.0626664972008703 
0.10165638194218903 0.06267674775641184 
0.2806105878531991 0.06265318677800294 
0.6024683338746346 0.0626457275162796 
0.07112698928223449 0.06749229090447013 
0.034426761935693405 0.06750038114275068 
0.3465410847677817 0.06265045552534262 
0.14355310165638194 0.06267116752468342 
0.10685287430984086 0.06267406764511575 
0.11919454368301396 0.06267345079410315 
0.03020461188697629 0.09400228563861866 
0.15167262098083795 0.06266914152505745 
0.03085417343293277 0.08437018277912353 
0.04546930821695356 0.06749785377905641 
0.05261448522247483 0.06749488376974339 
0.03540110425462813 0.06749866503160025 
0.07599870087690809 0.06749111414253843 
0.062033127638843784 0.0674935448311187 
0.2020136407924651 0.06266139537974837 
0.2111075024358558 0.06265652833269578 
0.7206885352387139 0.0626439042986697 
0.7294576161091263 0.06264384194549875 
0.28775576485872034 0.06265170890841276 
0.6151347840207859 0.06264504039889462 
0.08411822020136409 0.06268066678708066 
0.2185774602143553 0.06265634129496443 
0.5209483598570964 0.06264690224518259 
0.528418317635596 0.06264684574173399 
0.03150373497888925 0.07955134266875655 
0.05196492367651835 0.06749558786677883 
0.12504059759662228 0.0626728532196847 
0.6092887301071777 0.06264520362491245 
0.2240987333549854 0.06265528453178235 
0.14907437479701202 0.06267063867919281 
0.9181552452094836 0.0626432642923766 
0.6073400454693082 0.06264545888262113 

0.017538161740824943 0.966236567298137 
0.41506982786619034 0.05783211376445342 
0.028255927249106853 0.9517685735382019 
0.02890548879506333 0.09642445394806237 
0.35531016563819423 0.05783221736868696 
0.19779149074374797 0.05784120530296769 
0.15037349788892498 0.05784172823732584 
0.2273465410847678 0.057839987686202396 
0.20071451770055213 0.05784046012150733 
0.30561870737252356 0.05783627848339502 
0.3234816498863267 0.05783579672785214 
0.2711919454368301 0.05783867536591087 
0.2543033452419617 0.057838883865396463 
0.10198116271516726 0.06266083815956912 
0.04481974667099708 0.06267604365937642 
0.25073075673920103 0.057839312778623905 
0.23546606040922377 0.057839758348675704 
0.27638843780448197 0.057837317399696206 
0.058785319909061384 0.06267536303224219 
0.0883403702500812 0.06266197736526893 
0.3283533614810003 0.05783504359580186 
0.34166937317310814 0.0578347584404607 
0.11107502435855797 0.05784983008838858 
0.3017213380967847 0.05783695925476048 
0.28905488795063333 0.05783713678350017 
0.12211757063981812 0.057849371675136076 
0.140954855472556 0.057841998049202134 
0.08411822020136409 0.06266458920272715 
0.07469957778499513 0.06266821178550307 
0.02987983111399805 0.0819653260194991 
0.13835660928873011 0.05784504949304099 
0.1308866515102306 0.05784611184756268 
0.025982461838259176 0.9541936391781592 
0.34491718090289053 0.05783369987818703 
0.35076323481649885 0.05783345400645324 
0.02078596947060734 0.9638074785078091 
0.03377720038973693 0.08196076272394004 
0.03605066580058461 0.07713991476352708 
0.06528093536862618 0.06267116752468342 
0.038324131211432286 0.06267823138945074 
0.04319584280610588 0.0626774765586064 
0.07015264696329977 0.06267063867919281 
0.03637544657356284 0.06750038114275068 
0.06333225073075674 0.06267345079410315 
0.035076323481649886 0.07714089820028429 
0.03702500811951932 0.06267982492123328 
0.27476453393959077 0.05783787860001962 
0.026307242611237416 0.951778134728897 
0.1276388437804482 0.05784765709050332 
0.1243910360506658 0.05784892565143094 
0.3254303345241962 0.05783564128139694 
0.01851250405975966 0.9662328461860826 
0.019162065605716143 0.9638185421713278 
0.34426761935693406 0.05783448186122003 
0.3527119194543683 0.05783333366782296 
0.08606690483923352 0.06266355214961875 
0.03182851575186749 0.08196183072928366 
0.07080220850925625 0.0626696263178251 
0.07275089314712568 0.06266867019875556 

0.018837284832737902 0.9662603967272543 
0.6943812926274765 0.07469251571425342 
0.026956804157193894 0.9517942898442096 
0.027281584930172135 0.09641946550074317 
0.5404352062357909 0.07469367149617948 
0.40467684313088664 0.07469405957580179 
0.5625202987983111 0.074693062646772 
0.6411172458590452 0.07469301484081851 
0.29360181877232866 0.07469682088588561 
0.2536537836960052 0.0746969088530289 
0.24910685287430984 0.07469775130759368 
0.21468009093861642 0.0746981577549714 
0.32705423838908737 0.07469631456337471 
0.6641766807405002 0.07469292049250505 
0.3436180578109776 0.0746954009814529 
0.18122767132185774 0.07470015386320426 
0.15297174407275088 0.07470158166768139 
0.3884378044819747 0.07469447509539742 
0.3634296849626502 0.07469498746542509 
0.10847677817473206 0.07470381898630406 
0.13283533614810003 0.07470362860861324 
0.08379343942838584 0.07471280529528024 
0.19194543683013965 0.07469880918433022 
0.21013316011692107 0.07469858617247765 
0.06722962000649561 0.0747131963079474 
0.04189671971419292 0.07471486603771538 
0.0581357583631049 0.0747144319079757 
0.35888275414095483 0.07469526017850434 
0.3897369275738876 0.07469423412929527 
0.3296524845729133 0.074695618020252 
0.029230269568041572 0.0819653260194991 
0.03117895420591101 0.07472457683452384 
0.5472556024683338 0.07469325821658165 
0.5592724910685287 0.07469315955073176 
0.09678467034751542 0.0747048242516809 
0.027931146476128613 0.09641835106038461 
0.02111075024358558 0.9638443573862048 
0.03897369275738876 0.07471672659374255 
0.021760311789542058 0.9542098642290359 
0.08996427411497239 0.07470525316490835 
0.0220850925625203 0.9517972571102874 
0.1848002598246184 0.07469989331494199 
0.03052939265995453 0.07954495405497387 
0.1481000324780773 0.07470173711413658 
0.1873985060084443 0.07469951645049122 
0.5410847677817473 0.0746935652794604 
0.5456316986034426 0.07469335869281417 
0.36310490418967195 0.07469512237136323 
0.25332900292302696 0.07469699789294225 
0.06105878531990906 0.07471400920270285 
0.06495615459564794 0.07471359747678775 
0.08769080870412471 0.0747113354645313 
0.21143228320883403 0.07469826273144643 
0.14225397856446897 0.07470205565195455 
0.14550178629425137 0.07470189508817639 
0.02013640792465086 0.9662569645049534 
0.040922377395258204 0.07471624180097491 
0.13543358233192596 0.07470289964104491 
0.1416044170185125 0.07470221886967945 
0.13510880155894772 0.07470344157088188 
0.13803182851575188 0.0747027251212669 
0.020461188697629102 0.9638475444497698 
0.08963949334199416 0.07471098987932544 
0.13933095160766482 0.0747025535345944 

0.02143553101656382 0.9565835891722908 
0.16758687885677168 0.05784255526938139 
0.02890548879506333 0.9541621681743037 
0.029230269568041572 0.09882670311022448 
0.08866515102305944 0.06266139537974837 
0.11269892822344917 0.06266111377385133 
0.058460539136083144 0.06266914152505745 
0.08184475479051641 0.06266423518861385 
0.11984410522897045 0.06265954360763745 
0.13705748619681715 0.06265930023187431 
0.03605066580058461 0.06267674775641184 
0.050016239038648914 0.0626728532196847 
0.15362130561870738 0.05784374569430985 
0.15134784020785969 0.05784539507824686 
0.14192919779149074 0.06265815288899089 
0.023059434881455017 0.9541718907057075 
0.05131536213056187 0.06267063867919281 
0.05716141604417019 0.062670125162557 
0.03280285807080221 0.06509281448760962 
0.02987983111399805 0.08436723005846768 
0.11594673595323157 0.06266083815956912 
0.03117895420591101 0.07955241067410017 
0.08639168561221176 0.06266168317478601 
0.11757063981812277 0.06265979195025291 
0.03215329652484573 0.06991070972736672 
0.08606690483923352 0.06266322254359204 
0.15329652484572914 0.05784471203925177 
0.08411822020136409 0.06266355214961875 
0.13835660928873011 0.0626590616754332 
0.14030529392659954 0.06265882779656938 
0.02273465410847678 0.9565824252012497 
0.0834686586554076 0.06266388960340798 
0.140954855472556 0.06265859845904269 

0.023059434881455017 0.9589982329023906 
0.5043845404352062 0.06264586718200912 
0.02890548879506333 0.09642311982843048 
0.024033777200389735 0.9565835891722908 
0.3838908736602793 0.06264946295472591 
0.4296849626502111 0.0626493790904706 
0.28580708022085094 0.06265253998855401 
0.32445599220526145 0.06265241617457376 
0.2513803182851575 0.06265279303902453 
0.09191295875284183 0.06266004541333467 
0.22052614485222474 0.06265318677800294 
0.12146800909386164 0.06265979195025291 
0.46930821695355635 0.0626470169139459 
0.49074374797012016 0.06264678978158778 
0.17895420591101008 0.06265652833269578 
0.15816823644040273 0.06265691251830609 
0.12504059759662228 0.06265859845904269 
0.059434881455017866 0.06266388960340798 
0.07729782396882104 0.06266355214961875 
0.037349788892497564 0.06267536303224219 
0.14192919779149074 0.06265793640920156 
0.05228970444949659 0.06267470472075172 
0.19129587528418318 0.06265528453178235 
0.2020136407924651 0.0626540296255036 
0.34881455017862945 0.06265193811503901 
0.33842156544332574 0.06265205512261747 
0.20266320233842156 0.06265359855082768 
0.07892172783371225 0.06266227816677397 
0.21208184475479053 0.0626534592135587 
0.03280285807080221 0.08195781000328418 
0.03215329652484573 0.09641728305504099 
0.3605066580058461 0.0626514858965602 
0.35238713868139004 0.06265170890841276 
0.08671646638519 0.06266139537974837 
0.464761286131861 0.06264756203160544 
0.45696654758038324 0.06264782079600931 
0.14939915556999026 0.06265751547627785 
0.15654433257551154 0.06265731080247093 
0.4443000974342319 0.06264837226113222 
0.448522247482949 0.06264802209544577 
0.4556674244884703 0.06264788718950763 
0.18447547905164013 0.06265597689386716 
0.4378044819746671 0.06264859169829572 
0.36797661578434554 0.06265017137328013 
0.32770379993504384 0.06265229411682022 
0.3341994153946086 0.06265217377818993 
0.3744722312439104 0.06265007899462607 
0.034101981162715164 0.07713634525233422 
0.49561545956479375 0.06264657122026202 
0.43520623579084117 0.06264905327301894 
0.37934394283858397 0.06264989761702479 
0.034426761935693405 0.06750223454279311 
0.3757713543358233 0.06264998774945245 
0.38129262747645337 0.06264980857711144 
0.5001623903864891 0.06264610838451334 
0.03540110425462813 0.0626774765586064 
0.4654108476778175 0.06264731366979072 
0.504059759662228 0.06264601060556095 
0.4449496589801884 0.06264822992351267 
0.4943163364728808 0.0626466250837167 
0.08931471256901591 0.06266111377385133 
0.36472880805456315 0.06265045552534262 
0.055212731406300744 0.06267171239579494 
0.034751542708671646 0.06749785377905641 
0.03150373497888925 0.09642062947178433 
0.3621305618707373 0.06265105747905395 

0.023708996427411498 0.9541857459101653 
0.43358233192594997 0.043376125455092264 
0.026307242611237416 0.9517647490619239 
0.03020461188697629 0.09882670311022448 
0.31373822669697954 0.04337927639675119 
0.3910360506658006 0.043379120950295995 
0.27541409548554724 0.04338009281720901 
0.1880480675544008 0.06265751547627785 
0.15004871711594672 0.06265815288899089 
0.2257226372198766 0.04338418316616952 
0.26307242611237414 0.04338393979040638 
0.12504059759662228 0.06266258580467683 
0.0974342318934719 0.06266322254359204 
0.06658005846053913 0.06266570501936278 
0.08541734329327703 0.06266532378201227 
0.12731406300746995 0.06266056834769283 
0.14550178629425137 0.0626603041568973 
0.04449496589801884 0.06267116752468342 
0.40305293926599545 0.04337717954708608 
0.41831763559597274 0.04337693367535229 
0.058785319909061384 0.06267063867919281 
0.21338096784670346 0.0626530535872868 
0.21370574861968172 0.04820638018361443 
0.03117895420591101 0.096415275204995 
0.42189022409873334 0.04337657767357108 
0.4296849626502111 0.04337634846694483 
0.08704124715816823 0.06266495195792966 
0.09418642416368951 0.06266355214961875 
0.03150373497888925 0.08195690147385162 
0.21792789866839882 0.04820545703416799 
0.04059759662227996 0.06267536303224219 
0.39720688535238713 0.04337837959027903 
0.035076323481649886 0.06267604365937642 
0.22117570639818124 0.043385207906224896 
0.1948684637869438 0.06265511859376201 
0.03247807729782397 0.06749950689744764 
0.20850925625202987 0.06265318677800294 
0.03312763884378045 0.06267823138945074 
0.03182851575186749 0.07713634525233422 
0.2711919454368301 0.043380616452399226 
0.22539785644689833 0.04338468497186675 
0.21825267944137708 0.043387540073247445 
0.025008119519324457 0.9517659659407395 
0.26632023384215653 0.04338323801757475 
0.06333225073075674 0.06266609603202994 
0.268268918480026 0.04338116789122785 
0.3916856122117571 0.04337881740131267 
0.3946086391685612 0.043378669184035656 
0.19746670997076973 0.06265448139176392 
0.19064631373822669 0.06265615751006319 
0.19227021760311788 0.06265562484534944 
0.0613835660928873 0.0626664972008703 
0.20006495615459566 0.0626541778427806 
0.20266320233842156 0.06265388370616884 
0.20331276388437805 0.06265359855082768 
0.20591101006820398 0.0626534592135587 
0.12536537836960052 0.06266197736526893 
0.14777525170509906 0.0626590616754332 
0.043520623579084115 0.0626728532196847 
0.2202013640792465 0.04338632273331808 
0.04157193894121468 0.06267470472075172 

0.02890548879506333 0.09641433033438514 
0.40305293926599545 0.04337590839022241 
0.18447547905164013 0.06265545325867694 
0.1864241636895096 0.04820459344275038 
0.02987983111399805 0.09641170569380215 
0.03280285807080221 0.07713718711818161 
0.03345241961675869 0.06749866503160025 
0.03052939265995453 0.0867817852800092 
0.19779149074374797 0.04338418316616952 
0.2539785644689834 0.04338323801757475 
0.3010717765508282 0.04338116789122785 
0.034101981162715164 0.06268066678708066 
0.34686586554076 0.04337717954708608 
0.3877882429360182 0.04337681333672201 
0.1955180253329003 0.0482012036446625 
0.03117895420591101 0.08195875487389406 
0.03215329652484573 0.08195781000328418 
0.22279961026307243 0.04338393979040638 
0.17635595972718415 0.0626567187103866 
0.15102305943488145 0.06265691251830609 
0.11984410522897045 0.06265837353185308 
0.13835660928873011 0.06265731080247093 
0.3429684962650211 0.043378523264700916 
0.3251055537512179 0.043378669184035656 
0.06430659304969145 0.06266733163205825 
0.10295550503410199 0.06266322254359204 
0.09061383566092887 0.06266495195792966 
0.07664826242286457 0.06266690892678539 
0.3117895420591101 0.043379434370791004 
0.3221825267944138 0.04337881740131267 
0.14842481325105553 0.06265710985000597 
0.04806755440077947 0.06267227403217145 
0.05781097759012666 0.06267116752468342 
0.04287106203312764 0.06267901366868943 
0.31049041896719715 0.04338043892365953 
0.10945112049366677 0.06265954360763745 
0.117895420591101 0.06265930023187431 
0.30302046118869763 0.043380616452399226 
0.3968821045794089 0.04337634846694483 
0.08898993179603767 0.06266570501936278 
0.08411822020136409 0.06266609603202994 
0.3920103929847353 0.04337646227989029 
0.08119519324455993 0.0626664972008703 
0.3916856122117571 0.04337669468114954 
0.18155245209483598 0.06265579936512747 
0.1055537512179279 0.06266227816677397 
0.06268268918480026 0.06266867019875556 
0.19129587528418318 0.04820277990077337 
0.34556674244884705 0.043378098772090756 
0.04546930821695356 0.06267345079410315 
0.17992854822994478 0.06265615751006319 
0.06008444300097434 0.06267063867919281 
0.17895420591101008 0.06265634129496443 
0.19356934069503084 0.048202078127941736 
0.18869762910035726 0.048203783825796355 
0.10912633972068854 0.06265979195025291 
0.1071776550828191 0.06266004541333467 
0.1890224098733355 0.04820327161915196 
0.19097109451120495 0.0482030232765365 
0.17733030204611888 0.06265652833269578 
0.30139655732380644 0.043380980853496495 
0.0441701851250406 0.06267406764511575 

0.02078596947060734 0.9542037098993931 
0.7469957778499513 0.04578352256844148 
0.026632023384215654 0.9517699727368402 
0.027281584930172135 0.10847295342261817 
0.5073075673920104 0.04578491122981196 
0.6485872036375446 0.04578432452038291 
0.44397531666125367 0.04578599772875457 
0.6628775576485872 0.04578360743108078 
0.5024358557973368 0.045785436249435235 
0.1701851250405976 0.06265731080247093 
0.212731406300747 0.06265597689386716 
0.402403377720039 0.045786233391905504 
0.08054563169860345 0.06266355214961875 
0.10977590126664502 0.06266290051471538 
0.13478402078596946 0.06266258580467683 
0.25332900292302696 0.06265318677800294 
0.2331925949983761 0.06265562484534944 
0.35725885027606363 0.050608876617949695 
0.2698928223449172 0.0626530535872868 
0.34134459240012993 0.055424532873474056 
0.13705748619681715 0.06266227816677397 
0.3838908736602793 0.04578659960226957 
0.39818122767132186 0.04578635373053578 
0.04546930821695356 0.06749785377905641 
0.3241312114322832 0.05542865235275562 
0.050016239038648914 0.06267823138945074 
0.14939915556999026 0.06266139537974837 
0.2455342643715492 0.06265388370616884 
0.028255927249106853 0.08196410914068337 
0.027606365703150372 0.09642445394806237 
0.07145177005521273 0.06267345079410315 
0.06040922377395258 0.06267604365937642 
0.03540110425462813 0.0747238480323293 
0.3234816498863267 0.06024789074728743 
0.1578434556674245 0.06265882779656938 
0.2962000649561546 0.0626509538748204 
0.02890548879506333 0.07714299061891668 
0.058785319909061384 0.06267674775641184 
0.6524845729132835 0.04578423098699569 
0.3049691458265671 0.06265055265587777 
0.2958752841831764 0.06265137663571968 
0.3322507307567392 0.05542637667266865 
0.35790841182202016 0.04579021712377875 
0.283208834037025 0.06265241617457376 
0.2880805456316986 0.06265205512261747 
0.27541409548554724 0.06265279303902453 
0.025332900292302694 0.9541824064506294 
0.37934394283858397 0.045786852652740094 
0.046443650535888274 0.0626815410323837 
0.3764209158817798 0.04578738158530257 
0.31633647288080546 0.06265017137328013 
0.3098408574212407 0.06265035961657521 
0.33842156544332574 0.05542576945995311 
0.16401429035401105 0.06265772397576345 
0.3205586229295226 0.06264980857711144 
0.3621305618707373 0.04578854100547948 
0.36797661578434554 0.045788388026428366 
0.03150373497888925 0.07472954983773371 
0.15492042871062034 0.06265954360763745 
0.6602793114647613 0.04578395723074035 
0.6573562845079571 0.045784047363168004 
0.07599870087690809 0.06266867019875556 
0.37219876583306266 0.04578794331988441 

