121.0 11.055555555555555 
180.0 11.020408163265307 
126.0 11.041666666666666 
164.0 11.024390243902438 
134.0 11.030303030303031 
151.0 11.025 
145.0 11.029411764705882 
130.0 11.03448275862069 
173.0 11.020833333333334 
169.0 11.022727272727273 
131.0 11.03225806451613 
147.0 11.027777777777779 
171.0 11.02127659574468 
149.0 11.026315789473685 
150.0 11.025641025641026 

123.0 14.058823529411764 
252.0 13.017543859649123 
163.0 14.023809523809524 
165.0 13.04 
244.0 13.01923076923077 
216.0 13.02 
198.0 13.020833333333334 
208.0 13.020408163265307 
189.0 13.025 
190.0 13.02127659574468 
146.0 14.027777777777779 
181.0 13.025641025641026 
154.0 14.026315789473685 
155.0 14.025641025641026 
139.0 14.030303030303031 
135.0 14.03448275862069 
129.0 14.041666666666666 
170.0 13.03448275862069 
128.0 14.043478260869565 
175.0 13.03125 
177.0 13.030303030303031 
178.0 13.028571428571428 
180.0 13.027027027027026 

128.0 14.052631578947368 
277.0 14.018518518518519 
178.0 14.020833333333334 
133.0 14.041666666666666 
219.0 14.02 
245.0 14.01923076923077 
141.0 14.033333333333333 
134.0 14.04 
151.0 14.025641025641026 
145.0 14.029411764705882 
160.0 14.023255813953488 
169.0 14.022727272727273 

123.0 14.055555555555555 
205.0 14.01923076923077 
133.0 14.03125 
151.0 14.025641025641026 
127.0 14.052631578947368 
187.0 14.02 
178.0 14.020408163265307 
129.0 14.043478260869565 
132.0 14.035714285714286 
128.0 14.045454545454545 
162.0 14.022727272727273 
169.0 14.022222222222222 
171.0 14.02127659574468 

123.0 14.0625 
263.0 14.018181818181818 
176.0 14.020833333333334 
237.0 14.02 
128.0 14.047619047619047 
132.0 14.035714285714286 
141.0 14.027777777777779 
133.0 14.033333333333333 
252.0 14.018867924528301 
150.0 14.025641025641026 
159.0 14.025 
168.0 14.023255813953488 
173.0 14.022222222222222 

130.0 14.052631578947368 
247.0 14.018518518518519 
208.0 14.01923076923077 
141.0 14.033333333333333 
135.0 14.05 
136.0 14.041666666666666 
137.0 14.04 
155.0 14.030303030303031 
182.0 14.02127659574468 
158.0 14.027777777777779 
194.0 14.020833333333334 
173.0 14.023809523809524 
199.0 14.020408163265307 
171.0 14.025 
164.0 14.027027027027026 
166.0 14.026315789473685 

123.0 14.066666666666666 
230.0 14.020408163265307 
177.0 14.02127659574468 
214.0 14.020833333333334 
125.0 14.058823529411764 
128.0 14.047619047619047 
152.0 14.025 
150.0 14.030303030303031 
135.0 14.03125 
170.0 14.023255813953488 
130.0 14.043478260869565 
132.0 14.037037037037036 
151.0 14.027027027027026 
133.0 14.03448275862069 
176.0 14.021739130434783 

123.0 14.058823529411764 
248.0 14.019607843137255 
175.0 14.020408163265307 
239.0 14.02 
127.0 14.055555555555555 
128.0 14.043478260869565 
132.0 14.03448275862069 
140.0 14.03125 
142.0 14.025641025641026 
158.0 14.024390243902438 
160.0 14.023255813953488 
141.0 14.027027027027026 
133.0 14.033333333333333 

123.0 14.0625 
257.0 14.020833333333334 
183.0 14.02127659574468 
128.0 14.045454545454545 
151.0 14.026315789473685 
148.0 14.03125 
133.0 14.03225806451613 
129.0 14.043478260869565 
132.0 14.035714285714286 
167.0 14.025641025641026 
174.0 14.025 
176.0 14.021739130434783 

123.0 14.0625 
236.0 14.01923076923077 
127.0 14.058823529411764 
213.0 14.021739130434783 
128.0 14.045454545454545 
180.0 14.022222222222222 
145.0 14.025641025641026 
129.0 14.043478260869565 
132.0 14.035714285714286 
160.0 14.025 
136.0 14.03125 
163.0 14.023809523809524 
227.0 14.02 
176.0 14.023255813953488 
133.0 14.033333333333333 

