0.05319148936170213 0.006283836040216436 
0.3670212765957447 4.7350726833660046E-4 
0.0797872340425532 0.003987819025521862 
0.28191489361702127 0.0011317978609018174 
0.12234042553191489 0.002109259649862958 
0.2127659574468085 0.0012325986078886076 
0.18085106382978725 0.0019619216596150225 
0.10106382978723404 0.002800224017921473 
0.32978723404255317 5.437935034802939E-4 
0.30851063829787234 8.568867327568268E-4 
0.10638297872340426 0.0024324526607290473 
0.19148936170212766 0.001691802010827581 
0.3191489361702128 6.170706422469921E-4 
0.20212765957446807 0.0014501160092807838 
0.2074468085106383 0.0013385686239513572 

0.06382978723404255 0.5027637505118056 
0.75 0.33062645011600933 
0.2765957446808511 0.49697547232350014 
0.2872340425531915 0.3343387470997678 
0.7074468085106383 0.3309053185793326 
0.5585106382978723 0.3310324825986078 
0.4627659574468085 0.3311702436194896 
0.5159574468085106 0.33109995738434594 
0.4148936170212766 0.33185904872389793 
0.42021276595744683 0.3312435207582563 
0.18617021276595744 0.4976314771848416 
0.3723404255319149 0.3319650187399607 
0.22872340425531915 0.49738979118329474 
0.23404255319148937 0.4972782437979653 
0.14893617021276595 0.49804893482387697 
0.1276595744680851 0.49873989919193545 
0.09574468085106383 0.49992749419953586 
0.31382978723404253 0.3334266741339308 
0.09042553191489362 0.5002269746797133 
0.3404255319148936 0.3328922563805104 
0.35106382978723405 0.3327357097658723 
0.35638297872340424 0.332449453099105 
0.3670212765957447 0.33219414309901535 

0.09042553191489362 0.5017401392111368 
0.8829787234042553 0.4961007991750452 
0.35638297872340424 0.49648346867749427 
0.11702127659574468 0.49992749419953586 
0.574468085106383 0.49634570765661246 
0.7127659574468085 0.49621854363733725 
0.1595744680851064 0.4985498839907192 
0.12234042553191489 0.49965197215777246 
0.2127659574468085 0.4972782437979653 
0.18085106382978725 0.497901596833629 
0.26063829787234044 0.49688393676145254 
0.30851063829787234 0.4967965619067708 

0.06382978723404255 0.5022235112142304 
0.5 0.49621854363733725 
0.11702127659574468 0.49820548143851506 
0.2127659574468085 0.4972782437979653 
0.0851063829787234 0.5017401392111368 
0.40425531914893614 0.49634570765661246 
0.35638297872340424 0.4964131824423506 
0.09574468085106383 0.5002269746797133 
0.11170212765957446 0.49894348690752416 
0.09042553191489362 0.5005536806580889 
0.2712765957446808 0.4967965619067708 
0.30851063829787234 0.4967130703789636 
0.3191489361702128 0.49655674581626097 

0.06382978723404255 0.5033715197215777 
0.8085106382978723 0.49604513815650697 
0.34574468085106386 0.49648346867749427 
0.6702127659574468 0.49634570765661246 
0.09042553191489362 0.5009115014915478 
0.11170212765957446 0.49894348690752416 
0.1595744680851064 0.4976314771848416 
0.11702127659574468 0.4985498839907192 
0.75 0.4961585606093769 
0.2074468085106383 0.4972782437979653 
0.2553191489361702 0.4971722737819026 
0.30319148936170215 0.49688393676145254 
0.32978723404255317 0.4967130703789636 

0.10106382978723404 0.5017401392111368 
0.723404255319149 0.4961007991750452 
0.5159574468085106 0.49621854363733725 
0.1595744680851064 0.4985498839907192 
0.1276595744680851 0.5013051044083527 
0.13297872340425532 0.49992749419953586 
0.13829787234042554 0.49965197215777246 
0.23404255319148937 0.49804893482387697 
0.3776595744680851 0.49655674581626097 
0.25 0.4976314771848416 
0.44148936170212766 0.49648346867749427 
0.32978723404255317 0.49697547232350014 
0.46808510638297873 0.4964131824423506 
0.3191489361702128 0.4971722737819026 
0.28191489361702127 0.49750736815702 
0.2925531914893617 0.49738979118329474 

0.06382978723404255 0.5040603248259861 
0.6329787234042553 0.4964131824423506 
0.35106382978723405 0.49655674581626097 
0.5478723404255319 0.49648346867749427 
0.07446808510638298 0.5027637505118056 
0.09042553191489362 0.5009115014915478 
0.21808510638297873 0.4971722737819026 
0.2074468085106383 0.49804893482387697 
0.1276595744680851 0.49820548143851506 
0.31382978723404253 0.49688393676145254 
0.10106382978723404 0.5002269746797133 
0.11170212765957446 0.49916215519463764 
0.2127659574468085 0.49750736815702 
0.11702127659574468 0.49873989919193545 
0.34574468085106386 0.49663320891758306 

0.06382978723404255 0.5027637505118056 
0.7287234042553191 0.49628087894090345 
0.3404255319148936 0.4964131824423506 
0.6808510638297872 0.49634570765661246 
0.0851063829787234 0.5022235112142304 
0.09042553191489362 0.5002269746797133 
0.11170212765957446 0.49873989919193545 
0.15425531914893617 0.49820548143851506 
0.16489361702127658 0.4972782437979653 
0.25 0.4970714730349158 
0.26063829787234044 0.49688393676145254 
0.1595744680851064 0.49750736815702 
0.11702127659574468 0.4985498839907192 

0.06382978723404255 0.5033715197215777 
0.776595744680851 0.49648346867749427 
0.3829787234042553 0.49655674581626097 
0.09042553191489362 0.5005536806580889 
0.2127659574468085 0.49738979118329474 
0.19680851063829788 0.49820548143851506 
0.11702127659574468 0.49837212783474305 
0.09574468085106383 0.5002269746797133 
0.11170212765957446 0.49894348690752416 
0.2978723404255319 0.4972782437979653 
0.3351063829787234 0.4971722737819026 
0.34574468085106386 0.49663320891758306 

0.06382978723404255 0.5033715197215777 
0.6648936170212766 0.49621854363733725 
0.0851063829787234 0.5027637505118056 
0.5425531914893617 0.49663320891758306 
0.09042553191489362 0.5005536806580889 
0.3670212765957447 0.4967130703789636 
0.18085106382978725 0.4972782437979653 
0.09574468085106383 0.5002269746797133 
0.11170212765957446 0.49894348690752416 
0.26063829787234044 0.4971722737819026 
0.13297872340425532 0.49820548143851506 
0.2765957446808511 0.49697547232350014 
0.6170212765957447 0.49634570765661246 
0.34574468085106386 0.49688393676145254 
0.11702127659574468 0.4985498839907192 

