0.08547008547008547 0.810741242212525 
0.1623931623931624 0.7334309369872467 
0.11965811965811966 0.8012584242015348 
0.3418803418803419 0.02366263497522438 
0.1282051282051282 0.7429094389192016 
0.39316239316239315 0.017352518314871283 
0.38461538461538464 0.020506830944662536 
0.46153846153846156 1.785459979110698E-6 
0.4444444444444444 0.0031574123866994395 
0.24786324786324787 0.16719968772277538 
0.3333333333333333 0.154574187039801 
0.29914529914529914 0.15457537109108843 
0.42735042735042733 0.007887567034457236 
0.26495726495726496 0.1640422916984291 
0.28205128205128205 0.15773226077368183 
0.41025641025641024 0.011043193961177564 
0.37606837606837606 0.020508322345433126 
0.1794871794871795 0.7050576873617066 
