0.5384615384615384 0.007886948541784728 
0.08547008547008547 0.810741242212525 
0.28205128205128205 0.706619279634021 
0.29914529914529914 0.2050514392802704 
0.3504273504273504 0.03312807628732017 
0.3333333333333333 0.1955840123311768 
0.1623931623931624 0.7334309369872467 
0.11965811965811966 0.8012584242015348 
0.21367521367521367 0.728715032085141 
0.38461538461538464 0.02366263497522438 
0.4358974358974359 0.01262035027607319 
0.24786324786324787 0.7066238912021932 
0.47863247863247865 0.011041879664248485 
0.5042735042735043 0.007887567034457236 
0.3076923076923077 0.2018940432559241 

0.3333333333333333 0.7145148268822755 
0.9743589743589743 0.012619679716415496 
0.36752136752136755 0.7145096727766713 
0.6495726495726496 0.2082074477770669 
0.717948717948718 0.18927281001879218 
0.7350427350427351 0.03786046111836879 
0.8376068376068376 0.01262035027607319 
0.6837606837606838 0.19873973062613287 
0.7692307692307693 0.028394900463504617 
0.7863247863247863 0.02524142142584598 
0.8034188034188035 0.01893040411927426 
0.8205128205128205 0.01577609148948301 

0.08547008547008547 0.810741242212525 
0.5128205128205128 0.007886948541784728 
0.21367521367521367 0.7129500404208302 
0.2564102564102564 0.2050514392802704 
0.3418803418803419 0.02366263497522438 
0.3076923076923077 0.19242712264858344 
0.11965811965811966 0.8107337319443589 
0.1282051282051282 0.7429094389192016 
0.39316239316239315 0.017352518314871283 
0.46153846153846156 0.007887567034457236 
0.1623931623931624 0.7429036405503967 
0.4188034188034188 0.014197506590968814 
0.4358974358974359 0.011041879664248485 
0.27350427350427353 0.2018940432559241 
0.2905982905982906 0.1955840123311768 

0.10256410256410256 0.810741242212525 
0.5384615384615384 0.007886948541784728 
0.27350427350427353 0.16719968772277538 
0.23931623931623933 0.7066290453077974 
0.358974358974359 0.14196688255145065 
0.36752136752136755 0.02997376365752892 
0.38461538461538464 0.020506830944662536 
0.452991452991453 0.011041879664248485 
0.11965811965811966 0.8075728478299222 
0.1452991452991453 0.7429094389192016 
0.5042735042735043 0.007887567034457236 
0.19658119658119658 0.7397395622468291 
0.1623931623931624 0.7397441738150013 
0.2222222222222222 0.7129500404208302 

0.5213675213675214 0.007886353837291945 
0.1111111111111111 0.810741242212525 
0.27350427350427353 0.7066238912021932 
0.28205128205128205 0.2050514392802704 
0.358974358974359 0.02997376365752892 
0.3418803418803419 0.1861173133377135 
0.1452991452991453 0.8012584242015348 
0.1623931623931624 0.7429094389192016 
0.2222222222222222 0.7334267865758916 
0.18803418803418803 0.7334309369872467 
0.29914529914529914 0.19558268698973574 
0.3333333333333333 0.19242712264858344 
0.24786324786324787 0.7129500404208302 
0.37606837606837606 0.026817744148608994 
0.41025641025641024 0.023661873063961135 
0.46153846153846156 0.011041879664248485 
0.49572649572649574 0.007887567034457236 
0.4358974358974359 0.017352518314871283 
0.4444444444444444 0.014196836031311121 
0.4188034188034188 0.020506830944662536 

0.46153846153846156 1.785459979110698E-6 
0.1282051282051282 0.8107337319443589 
0.2564102564102564 0.7129434689361847 
0.2905982905982906 0.16719968772277538 
0.37606837606837606 0.022087982083050794 
0.36752136752136755 0.10725731165209385 
0.15384615384615385 0.8012584242015348 
0.17094017094017094 0.7429036405503967 
0.2222222222222222 0.7302687188120173 
0.3247863247863248 0.15773226077368183 
0.41025641025641024 0.012622540770955003 
0.3418803418803419 0.15457537109108843 
0.3504273504273504 0.1104138102227235 
0.19658119658119658 0.7334309369872467 
0.42735042735042733 0.00946673674039316 
0.4444444444444444 0.0031574123866994395 

0.46153846153846156 0.007886948541784728 
0.24786324786324787 0.16719968772277538 
0.3333333333333333 0.154574187039801 
0.3418803418803419 0.02997376365752892 
0.29914529914529914 0.15457537109108843 
0.42735042735042733 0.007887567034457236 
0.26495726495726496 0.1640422916984291 
0.28205128205128205 0.15773226077368183 
0.39316239316239315 0.017352518314871283 
0.41025641025641024 0.011043193961177564 
0.358974358974359 0.025242294712842044 
0.37606837606837606 0.020508322345433126 

0.5042735042735043 0.007887567034457236 
0.13675213675213677 0.77288949065503 
0.26495726495726496 0.679829757808022 
0.28205128205128205 0.16719968772277538 
0.36752136752136755 0.14196688255145065 
0.1794871794871795 0.7050576873617066 
0.37606837606837606 0.02997376365752892 
0.3162393162393162 0.16719809784745795 
0.1623931623931624 0.7429094389192016 
0.41025641025641024 0.029972056778400244 
0.47863247863247865 0.011041879664248485 
0.42735042735042733 0.02366263497522438 
0.4444444444444444 0.020506830944662536 
0.46153846153846156 0.014197506590968814 
0.4700854700854701 0.011043193961177564 

0.1623931623931624 0.810741242212525 
0.5128205128205128 0.011040666467083194 
0.28205128205128205 0.2050514392802704 
0.23076923076923078 0.7428984864447925 
0.36752136752136755 0.17508716516425876 
0.38461538461538464 0.03470614848857754 
0.19658119658119658 0.8107337319443589 
0.20512820512820512 0.7429094389192016 
0.358974358974359 0.19242712264858344 
0.3162393162393162 0.1955840123311768 
0.47863247863247865 0.01104126117157598 
0.4188034188034188 0.02366263497522438 
0.4444444444444444 0.020506830944662536 
0.452991452991453 0.014197506590968814 
0.41025641025641024 0.029972056778400244 
0.39316239316239315 0.03312807628732017 

0.8717948717948718 0.012619679716415496 
0.3162393162393162 0.728715032085141 
0.6837606837606838 0.16719660432822037 
0.6495726495726496 0.6971484361992092 
0.6324786324786325 0.7003106543744385 
0.4017094017094017 0.7034570614587916 
0.7521367521367521 0.1577296837208797 
0.7863247863247863 0.03470614848857754 
0.7350427350427351 0.16088657340347307 
0.37606837606837606 0.7034608165928747 
0.3504273504273504 0.7160919831971712 
0.358974358974359 0.7066238912021932 
0.3333333333333333 0.7255497669809406 
0.8034188034188035 0.031550046685428476 
0.8205128205128205 0.025240587833713368 
0.8376068376068376 0.022084716749065512 
0.8547008547008547 0.01577536199997566 

