1864.0 4.021739130434782 
1013.0 4.071428571428571 
1435.0 4.023255813953488 
1754.0 4.0227272727272725 
1291.0 4.03030303030303 
1022.0 4.0625 
1171.0 4.03125 
1037.0 4.055555555555555 
1091.0 4.033333333333333 
1046.0 4.05 
1165.0 4.032258064516129 
1782.0 4.022222222222222 
1062.0 4.0476190476190474 
1070.0 4.043478260869565 
1340.0 4.025 
1317.0 4.027027027027027 
1397.0 4.024390243902439 
1079.0 4.04 
1086.0 4.035714285714286 
1332.0 4.026315789473684 
1418.0 4.023809523809524 
1081.0 4.038461538461538 
1084.0 4.037037037037037 
