1645.0 4.021739130434782 
1018.0 4.1 
1021.0 4.090909090909091 
1023.0 4.0625 
1449.0 4.0285714285714285 
1327.0 4.029411764705882 
1116.0 4.0476190476190474 
1187.0 4.035714285714286 
1260.0 4.0344827586206895 
1629.0 4.023255813953488 
1135.0 4.038461538461538 
1068.0 4.05 
1570.0 4.023809523809524 
1288.0 4.03030303030303 
1122.0 4.041666666666667 
1026.0 4.0588235294117645 
1180.0 4.037037037037037 
1055.0 4.055555555555555 
1527.0 4.025 
1567.0 4.024390243902439 
1280.0 4.033333333333333 
1489.0 4.0256410256410255 
1473.0 4.026315789473684 
1064.0 4.052631578947368 
