864.0 6.083333333333333 
890.0 6.076923076923077 
922.0 6.0625 
932.0 4.1 
974.0 3.1 
1412.0 3.024390243902439 
1047.0 3.090909090909091 
1290.0 3.026315789473684 
1055.0 3.076923076923077 
1224.0 3.0277777777777777 
1119.0 3.05 
1144.0 3.0434782608695654 
1274.0 3.027027027027027 
1162.0 3.04 
1075.0 3.0714285714285716 
1177.0 3.0344827586206895 
1087.0 3.0625 
1118.0 3.0555555555555554 
1107.0 3.0588235294117645 
1084.0 3.066666666666667 
1200.0 3.0303030303030303 
1190.0 3.03125 
946.0 4.090909090909091 
