983.0 4.083333333333333 
864.0 6.083333333333333 
942.0 6.0588235294117645 
890.0 6.076923076923077 
922.0 6.0625 

1823.0 4.020833333333333 
1042.0 4.1 
1046.0 4.090909090909091 
1060.0 4.0476190476190474 
1366.0 4.023255813953488 
1625.0 4.0227272727272725 
1666.0 4.021739130434782 
1806.0 4.0212765957446805 
1246.0 4.0256410256410255 
1156.0 4.035714285714286 
1099.0 4.037037037037037 
1063.0 4.043478260869565 
1075.0 4.041666666666667 
1160.0 4.032258064516129 
1662.0 4.022222222222222 
1213.0 4.026315789473684 
1182.0 4.0285714285714285 
1095.0 4.038461538461538 
1168.0 4.03125 
1194.0 4.027777777777778 
1202.0 4.027027027027027 

992.0 4.111111111111111 
1749.0 4.022222222222222 
1067.0 4.0476190476190474 
996.0 4.090909090909091 
1047.0 4.066666666666666 
999.0 4.083333333333333 
1057.0 4.0625 
1303.0 4.033333333333333 
1387.0 4.032258064516129 
1460.0 4.027027027027027 
1127.0 4.045454545454546 
1544.0 4.025 
1146.0 4.041666666666667 
1206.0 4.038461538461538 
1279.0 4.037037037037037 
1402.0 4.0285714285714285 
1637.0 4.023255813953488 
1704.0 4.0227272727272725 
1201.0 4.04 
1586.0 4.023809523809524 
1550.0 4.024390243902439 
1289.0 4.035714285714286 
1390.0 4.03030303030303 

1864.0 4.021739130434782 
1013.0 4.071428571428571 
1435.0 4.023255813953488 
1754.0 4.0227272727272725 
1291.0 4.03030303030303 
1022.0 4.0625 
1171.0 4.03125 
1037.0 4.055555555555555 
1091.0 4.033333333333333 
1046.0 4.05 
1165.0 4.032258064516129 
1782.0 4.022222222222222 
1062.0 4.0476190476190474 
1070.0 4.043478260869565 
1340.0 4.025 
1317.0 4.027027027027027 
1397.0 4.024390243902439 
1079.0 4.04 
1086.0 4.035714285714286 
1332.0 4.026315789473684 
1418.0 4.023809523809524 
1081.0 4.038461538461538 
1084.0 4.037037037037037 

1645.0 4.021739130434782 
1018.0 4.1 
1021.0 4.090909090909091 
1023.0 4.0625 
1449.0 4.0285714285714285 
1327.0 4.029411764705882 
1116.0 4.0476190476190474 
1187.0 4.035714285714286 
1260.0 4.0344827586206895 
1629.0 4.023255813953488 
1135.0 4.038461538461538 
1068.0 4.05 
1570.0 4.023809523809524 
1288.0 4.03030303030303 
1122.0 4.041666666666667 
1026.0 4.0588235294117645 
1180.0 4.037037037037037 
1055.0 4.055555555555555 
1527.0 4.025 
1567.0 4.024390243902439 
1280.0 4.033333333333333 
1489.0 4.0256410256410255 
1473.0 4.026315789473684 
1064.0 4.052631578947368 

932.0 4.1 
1581.0 4.029411764705882 
1137.0 4.035714285714286 
1435.0 4.033333333333333 
999.0 4.090909090909091 
1017.0 4.0625 
1038.0 4.052631578947368 
1004.0 4.076923076923077 
1504.0 4.03030303030303 
1115.0 4.045454545454546 
1437.0 4.032258064516129 
1092.0 4.0476190476190474 
1129.0 4.038461538461538 

1014.0 4.090909090909091 
971.0 4.111111111111111 

974.0 3.1 
1412.0 3.024390243902439 
1047.0 3.090909090909091 
1290.0 3.026315789473684 
1055.0 3.076923076923077 
1224.0 3.0277777777777777 
1119.0 3.05 
1144.0 3.0434782608695654 
1274.0 3.027027027027027 
1162.0 3.04 
1075.0 3.0714285714285716 
1177.0 3.0344827586206895 
1087.0 3.0625 
1118.0 3.0555555555555554 
1107.0 3.0588235294117645 
1084.0 3.066666666666667 
1200.0 3.0303030303030303 
1190.0 3.03125 

1029.0 4.090909090909091 
1631.0 4.020408163265306 
1299.0 4.0285714285714285 
1444.0 4.0256410256410255 
1603.0 4.022222222222222 
1474.0 4.024390243902439 
1037.0 4.083333333333333 
1040.0 4.071428571428571 
1064.0 4.0476190476190474 
1045.0 4.0588235294117645 
1202.0 4.0344827586206895 
1278.0 4.033333333333333 
1042.0 4.066666666666666 
1157.0 4.035714285714286 
1110.0 4.041666666666667 
1125.0 4.038461538461538 
1292.0 4.032258064516129 
1082.0 4.043478260869565 
1150.0 4.037037037037037 
1068.0 4.045454545454546 
1616.0 4.0212765957446805 
1459.0 4.025 
1629.0 4.020833333333333 

946.0 4.090909090909091 

