0.20337620578778134 0.26082601325319765 
0.10771704180064309 0.7508861149637849 
0.17041800643086816 0.7448804764624296 
0.12861736334405144 0.7493154095095843 
0.15434083601286175 0.7457813222376329 

0.8786173633440515 0.24551163507474177 
0.2508038585209003 0.26490984743411916 
0.2540192926045016 0.2626823015172529 
0.2652733118971061 0.2520749400083657 
0.5112540192926045 0.2461052156242944 
0.7194533762057878 0.24597570714075562 
0.752411575562701 0.24573358258457445 
0.864951768488746 0.2456202476859365 
0.41479099678456594 0.2466896641653923 
0.342443729903537 0.2491579155934218 
0.2966237942122186 0.24948202941730452 
0.26768488745980706 0.25106032282055923 
0.27733118971061094 0.2506164278008939 
0.34565916398713825 0.24831103753747033 
0.7491961414790996 0.24585195458981862 
0.3882636655948553 0.2468550015816239 
0.3633440514469453 0.2474077009444554 
0.2934083601286174 0.24983107507379346 
0.3520900321543408 0.24806403143781783 
0.3729903536977492 0.24721323265012582 
0.37942122186495175 0.24702927615548978 

0.21061093247588425 0.26763240355473356 
0.8191318327974276 0.24585195458981862 
0.2709003215434084 0.2520749400083657 
0.21382636655948553 0.2626823015172529 
0.25482315112540194 0.2567421790722761 
0.2162379421221865 0.26082601325319765 
0.2628617363344051 0.25572122052704577 
0.46061093247588425 0.248574510710433 
0.5281350482315113 0.24831103753747033 
0.5868167202572347 0.24702927615548978 
0.31913183279742763 0.2515445719329215 
0.6543408360128617 0.24653259361997232 
0.33440514469453375 0.2506164278008939 
0.38263665594855306 0.24983107507379346 
0.4413183279742765 0.24948202941730452 
0.5401929260450161 0.2474077009444554 
0.7290996784565916 0.2461052156242944 
0.7829581993569131 0.24597570714075562 
0.37861736334405144 0.25020804438280164 
0.6881028938906752 0.24624089117847783 
0.6591639871382636 0.24638318505237755 
0.44935691318327975 0.2491579155934218 
0.5305466237942122 0.2478319954048109 

0.9115755627009646 0.24573358258457445 
0.227491961414791 0.2579089888382537 
0.5667202572347267 0.2461052156242944 
0.8231511254019293 0.24597570714075562 
0.4509646302250804 0.2478319954048109 
0.2347266881028939 0.25572122052704577 
0.3545016077170418 0.24806403143781783 
0.24678456591639872 0.2540196229516617 
0.29019292604501606 0.248574510710433 
0.2540192926045016 0.2526583448913545 
0.3496784565916399 0.24831103753747033 
0.8456591639871383 0.24585195458981862 
0.26688102893890675 0.2520749400083657 
0.2733118971061093 0.25106032282055923 
0.4903536977491961 0.24653259361997232 
0.47186495176848875 0.24702927615548978 
0.5361736334405145 0.24638318505237755 
0.2805466237942122 0.25020804438280164 
0.2861736334405145 0.2491579155934218 
0.48392282958199356 0.2468550015816239 
0.5530546623794212 0.24624089117847783 
0.2821543408360129 0.24983107507379346 
0.2845659163987138 0.24948202941730452 

0.7355305466237942 0.24573358258457445 
0.2315112540192926 0.26490984743411916 
0.23392282958199356 0.2626823015172529 
0.23553054662379422 0.25572122052704577 
0.5779742765273312 0.2474077009444554 
0.47990353697749194 0.24761360855021616 
0.3102893890675241 0.2520749400083657 
0.36736334405144694 0.2491579155934218 
0.42604501607717044 0.24885615444704826 
0.7226688102893891 0.2461052156242944 
0.32556270096463025 0.24983107507379346 
0.2717041800643087 0.2526583448913545 
0.6752411575562701 0.24624089117847783 
0.44855305466237944 0.2478319954048109 
0.31511254019292606 0.2506164278008939 
0.2379421221864952 0.25482037475184244 
0.3617363344051447 0.24948202941730452 
0.2612540192926045 0.2540196229516617 
0.6406752411575563 0.24653259361997232 
0.6728295819935691 0.24638318505237755 
0.44212218649517687 0.248574510710433 
0.610128617363344 0.2466896641653923 
0.5972668810289389 0.2468550015816239 
0.2684887459807074 0.2533031608146579 

0.16237942122186494 0.26490984743411916 
0.6840836012861736 0.24761360855021616 
0.3271704180064309 0.2491579155934218 
0.5667202572347267 0.248574510710433 
0.2162379421221865 0.2626823015172529 
0.23070739549839228 0.25572122052704577 
0.24758842443729903 0.2533031608146579 
0.2202572347266881 0.259255307798997 
0.6221864951768489 0.2478319954048109 
0.3094855305466238 0.2515445719329215 
0.5683279742765274 0.24831103753747033 
0.2909967845659164 0.2520749400083657 
0.3207395498392283 0.24983107507379346 

0.2282958199356913 0.2626823015172529 
0.1937299035369775 0.26763240355473356 

0.19614147909967847 0.019879796578825677 
0.5482315112540193 0.0013531341970839479 
0.25482315112540194 0.01765225066195933 
0.45016077170418006 0.0018249507263303016 
0.2612540192926045 0.014225256943703536 
0.3971061093247588 0.002183181794832203 
0.31270096463022506 0.00762829403606093 
0.3327974276527331 0.006030271965265628 
0.43729903536977494 0.001999225300196162 
0.34726688102893893 0.0051779935275080465 
0.27733118971061094 0.01287893798296017 
0.35932475884244375 0.0038261035917546565 
0.2869774919614148 0.010691169671752144 
0.31189710610932475 0.008989572096368113 
0.30305466237942125 0.009790323896548807 
0.2845659163987138 0.011712128216982585 
0.3778135048231511 0.0028019445495173056 
0.36977491961414793 0.003033980582524219 

0.24035369774919615 0.2626823015172529 
0.7242765273311897 0.24540745563135094 
0.45739549839228294 0.2474077009444554 
0.5739549839228296 0.2466896641653923 
0.7017684887459807 0.24585195458981862 
0.5980707395498392 0.24638318505237755 
0.24678456591639872 0.26082601325319765 
0.2491961414790997 0.2579089888382537 
0.2684887459807074 0.2520749400083657 
0.2532154340836013 0.25482037475184244 
0.37942122186495175 0.24885615444704826 
0.4405144694533762 0.248574510710433 
0.2508038585209003 0.2567421790722761 
0.3432475884244373 0.2491579155934218 
0.3054662379421222 0.2506164278008939 
0.317524115755627 0.24983107507379346 
0.4517684887459807 0.24831103753747033 
0.2829581993569132 0.25106032282055923 
0.33762057877813506 0.24948202941730452 
0.2717041800643087 0.2515445719329215 
0.7122186495176849 0.2456202476859365 
0.5860128617363344 0.24653259361997232 
0.7226688102893891 0.24551163507474177 

0.17363344051446947 0.2626823015172529 

