0.5 0.10344827586206899 

0.0 0.03448275862068991 
0.043478260869565216 0.014778325123153028 

0.2608695652173913 0.062068965517241545 
0.30434782608695654 0.03448275862068991 

0.2608695652173913 0.10344827586206899 
0.30434782608695654 0.062068965517241545 

0.10869565217391304 0.03448275862068991 
0.15217391304347827 0.014778325123153028 

0.5217391304347826 0.10344827586206899 

0.30434782608695654 0.062068965517241545 
0.2608695652173913 0.10344827586206899 

0.5 0.10344827586206899 

0.2608695652173913 0.10344827586206899 
0.30434782608695654 0.062068965517241545 

0.17391304347826086 0.03448275862068991 
0.13043478260869565 0.062068965517241545 

