140.0 6.125 
156.0 4.111111111111111 
144.0 6.111111111111111 
152.0 4.125 

152.0 4.125 
160.0 4.111111111111111 

142.0 6.142857142857143 
156.0 4.125 
150.0 6.111111111111111 
146.0 6.125 

140.0 6.142857142857143 
154.0 4.111111111111111 
142.0 6.125 
152.0 4.125 

154.0 4.111111111111111 
140.0 6.125 
144.0 6.111111111111111 
152.0 4.125 

152.0 4.142857142857143 
160.0 4.1 
158.0 4.111111111111111 

160.0 4.111111111111111 
140.0 6.125 
148.0 6.1 
152.0 4.142857142857143 
154.0 4.125 
144.0 6.111111111111111 

152.0 4.125 
156.0 4.111111111111111 

152.0 4.125 
160.0 4.111111111111111 

160.0 4.111111111111111 
142.0 6.125 
152.0 4.125 
144.0 6.111111111111111 

