1111.0 4.0625 
1449.0 4.029411764705882 
1307.0 4.03030303030303 
1140.0 4.05 
1261.0 4.03125 
1184.0 4.04 
1241.0 4.038461538461538 
1149.0 4.045454545454546 
1173.0 4.043478260869565 
1177.0 4.041666666666667 
1145.0 4.0476190476190474 
1255.0 4.033333333333333 
1246.0 4.037037037037037 
1249.0 4.035714285714286 
1253.0 4.0344827586206895 
1067.0 4.076923076923077 
1127.0 4.052631578947368 
1124.0 4.055555555555555 
1053.0 4.090909090909091 
1048.0 4.1 
1077.0 4.066666666666666 
896.0 5.090909090909091 
928.0 5.083333333333333 
1001.0 4.111111111111111 
934.0 5.076923076923077 
