1005.0 4.125 
1111.0 4.0625 
1016.0 4.111111111111111 
1069.0 4.1 
1106.0 4.071428571428571 
1074.0 4.090909090909091 
1090.0 4.076923076923077 
1087.0 4.083333333333333 

1097.0 4.125 
1449.0 4.029411764705882 
1120.0 4.083333333333333 
1307.0 4.03030303030303 
1131.0 4.076923076923077 
1140.0 4.05 
1261.0 4.03125 
1184.0 4.04 
1241.0 4.038461538461538 
1149.0 4.045454545454546 
1173.0 4.043478260869565 
1177.0 4.041666666666667 
1145.0 4.0476190476190474 
1255.0 4.033333333333333 
1246.0 4.037037037037037 
1249.0 4.035714285714286 
1253.0 4.0344827586206895 

996.0 5.111111111111111 
1066.0 4.1 
1061.0 4.125 

1341.0 4.038461538461538 
1045.0 4.125 
1067.0 4.076923076923077 
1199.0 4.043478260869565 
1185.0 4.05 
1127.0 4.052631578947368 
1108.0 4.071428571428571 
1114.0 4.066666666666666 
1124.0 4.055555555555555 
1190.0 4.045454545454546 

1044.0 4.111111111111111 
1053.0 4.090909090909091 
1048.0 4.1 

1058.0 4.111111111111111 
1333.0 4.045454545454546 
1163.0 4.052631578947368 
1092.0 4.083333333333333 
1126.0 4.066666666666666 
1096.0 4.076923076923077 
1136.0 4.055555555555555 
1132.0 4.0588235294117645 

1068.0 4.076923076923077 
1801.0 4.029411764705882 
1275.0 4.037037037037037 
1547.0 4.035714285714286 
1799.0 4.032258064516129 
1573.0 4.033333333333333 
1140.0 4.052631578947368 
1077.0 4.066666666666666 
1169.0 4.045454545454546 
1265.0 4.043478260869565 
1159.0 4.0476190476190474 
1550.0 4.0344827586206895 
1269.0 4.041666666666667 
1271.0 4.038461538461538 

1816.0 4.033333333333333 
896.0 5.090909090909091 
1082.0 4.125 
1383.0 4.045454545454546 
1674.0 4.041666666666667 
1191.0 4.1 
1366.0 4.052631578947368 
1293.0 4.055555555555555 
1278.0 4.076923076923077 
1210.0 4.083333333333333 
1732.0 4.035714285714286 
1802.0 4.0344827586206895 
1690.0 4.037037037037037 
1192.0 4.090909090909091 
1686.0 4.038461538461538 
1288.0 4.066666666666666 

928.0 5.083333333333333 
1001.0 4.111111111111111 
934.0 5.076923076923077 

1053.0 4.125 

