907.0 103.02 
811.0 1524.0833333333333 
815.0 1478.076923076923 
817.0 674.0909090909091 
893.0 118.025 
851.0 128.02325581395348 
831.0 570.0769230769231 
832.0 275.0416666666667 
840.0 268.03333333333336 
841.0 138.02777777777777 
813.0 1516.076923076923 
823.0 640.0666666666667 
825.0 604.1 
819.0 668.0833333333334 
827.0 598.0909090909091 
821.0 646.0833333333334 
829.0 576.0909090909091 
843.0 138.02702702702703 
845.0 132.02564102564102 
834.0 274.03846153846155 
836.0 269.037037037037 
847.0 132.025 
849.0 128.02380952380952 
895.0 116.02380952380952 
897.0 112.02325581395348 
899.0 110.02222222222223 
901.0 106.02173913043478 
903.0 104.02083333333333 
838.0 268.0344827586207 
905.0 104.0204081632653 
