860.0 101.01960784313725 
778.0 1141.076923076923 
796.0 1065.0666666666666 
817.0 692.1 
831.0 599.0909090909091 
835.0 291.04 
841.0 272.0357142857143 
842.0 154.02777777777777 
790.0 1088.090909090909 
782.0 1135.0666666666666 
825.0 622.125 
823.0 669.0833333333334 
828.0 605.1 
845.0 115.02380952380952 
827.0 622.1111111111111 
792.0 1071.0833333333333 
843.0 137.02702702702703 
819.0 692.0909090909091 
820.0 675.0909090909091 
854.0 107.02127659574468 
837.0 275.0416666666667 
851.0 109.02173913043478 
794.0 1065.076923076923 
780.0 1135.0714285714287 
847.0 115.02325581395348 
849.0 109.02222222222223 
822.0 675.0833333333334 
856.0 103.02083333333333 
839.0 273.03846153846155 
858.0 101.02 
