860.0 101.01960784313725 
817.0 692.0833333333334 
833.0 599.0833333333334 
835.0 290.04 
841.0 272.0344827586207 
842.0 154.02777777777777 
825.0 622.1111111111111 
823.0 669.0714285714286 
846.0 137.02702702702703 
848.0 115.02380952380952 
819.0 692.0769230769231 
827.0 622.1 
828.0 605.1 
820.0 675.0769230769231 
844.0 152.02631578947367 
837.0 275.0416666666667 
822.0 675.0714285714286 
830.0 605.0909090909091 
831.0 599.0909090909091 
850.0 113.02272727272727 
852.0 109.02222222222223 
854.0 107.02127659574468 
856.0 103.02083333333333 
839.0 273.03846153846155 
858.0 101.02 
