907.0 103.02 
817.0 692.1 
854.0 107.02083333333333 
903.0 106.02127659574468 
833.0 292.04347826086956 
831.0 599.0909090909091 
841.0 272.0344827586207 
842.0 154.02777777777777 
825.0 622.125 
823.0 669.0833333333334 
849.0 109.02173913043478 
846.0 137.02631578947367 
827.0 622.1111111111111 
828.0 605.1 
819.0 692.0909090909091 
820.0 675.0909090909091 
835.0 291.04 
837.0 275.04 
848.0 115.02325581395348 
844.0 152.02631578947367 
830.0 605.0909090909091 
822.0 675.0833333333334 
839.0 274.037037037037 
905.0 104.0204081632653 
