907.0 103.02 
801.0 1164.0714285714287 
811.0 1141.05 
817.0 675.0833333333334 
847.0 130.02380952380952 
893.0 118.02439024390245 
827.0 599.0909090909091 
832.0 275.0416666666667 
840.0 266.03125 
841.0 138.02777777777777 
819.0 669.0769230769231 
825.0 605.1 
903.0 104.0204081632653 
803.0 1147.0666666666666 
834.0 273.03846153846155 
836.0 269.037037037037 
895.0 116.02325581395348 
897.0 112.02272727272727 
899.0 110.02173913043478 
901.0 106.02127659574468 
843.0 136.02564102564102 
845.0 132.02564102564102 
805.0 1145.0588235294117 
807.0 1143.0588235294117 
809.0 1141.0526315789473 
838.0 267.0344827586207 
