0.9492753623188406 0.0013093490171072779 
0.18115942028985507 0.6956856037769547 
0.2536231884057971 0.6806198558591816 
0.2971014492753623 0.37568064166995274 
0.5144927536231884 0.018981257858167636 
0.8478260869565217 0.011128564204955074 
0.3695652173913043 0.3259494660504821 
0.4057971014492754 0.11388425106343707 
0.463768115942029 0.10798762889192795 
0.47101449275362317 0.02421923723386106 
0.3115942028985507 0.37174990980711314 
0.35507246376811596 0.3298819521935749 
0.9202898550724637 0.001964038935931111 
0.1956521739130435 0.6845572997508159 
0.42028985507246375 0.11257330793949107 
0.43478260869565216 0.1099546844833742 
0.8623188405797102 0.009818976193175304 
0.8768115942028986 0.007200939073846802 
0.8913043478260869 0.005891446796045882 
0.9057971014492754 0.0032734528729000557 
0.4855072463768116 0.022908993279581163 
0.5 0.020291302049685787 
0.21014492753623187 0.6832433214079665 
0.2246376811594203 0.6819344757930188 
0.2391304347826087 0.6806215780244644 
0.4492753623188406 0.10864416729037422 

0.6086956521739131 2.467657645022506E-7 
0.014492753623188406 0.6806374749347676 
0.14492753623188406 0.6308946295379607 
0.2971014492753623 0.3868167364437993 
0.39855072463768115 0.3259494660504821 
0.427536231884058 0.12435392527833945 
0.47101449275362317 0.11191708726716151 
0.4782608695652174 0.03469000215344256 
0.10144927536231885 0.6459622189051918 
0.043478260869565216 0.6767042260611298 
0.35507246376811596 0.34102350049081714 
0.34057971014492755 0.3717541048251097 
0.37681159420289856 0.3298819521935749 
0.5 0.009164915746059973 
0.3695652173913043 0.34101441128515775 
0.11594202898550725 0.634832073429595 
0.4855072463768116 0.023564323117973202 
0.3115942028985507 0.38681078714554956 
0.3188405797101449 0.3756855994184942 
0.5652173913043478 0.0039278756803738995 
0.4420289855072464 0.11388425106343707 
0.5434782608695652 0.005237023988572038 
0.13043478260869565 0.6309013415667554 
0.028985507246376812 0.6767073423602131 
0.5144927536231884 0.009164553385701461 
0.5289855072463768 0.005237340134855844 
0.3333333333333333 0.37568064166995274 
0.5797101449275363 0.001309894369446839 
0.45652173913043476 0.11257330793949107 
0.5942028985507246 5.034021595897992E-7 

0.927536231884058 0.0013093490171072779 
0.2318840579710145 0.9417521751168313 
0.2898550724637681 0.9338799242020177 
0.3115942028985507 0.37568064166995274 
0.4782608695652174 0.020290882547886132 
0.8405797101449275 0.011128564204955074 
0.38405797101449274 0.3259494660504821 
0.4057971014492754 0.11388316035875795 
0.463768115942029 0.10929783788772456 
0.47101449275362317 0.02421874592544705 
0.3695652173913043 0.3298819521935749 
0.32608695652173914 0.37174990980711314 
0.42028985507246375 0.11322679852074341 
0.4492753623188406 0.10995381884473998 
0.2463768115942029 0.9378161994814959 
0.855072463768116 0.009818976193175304 
0.8695652173913043 0.007200939073846802 
0.8840579710144928 0.005891446796045882 
0.8985507246376812 0.0032734528729000557 
0.2608695652173913 0.9365028092637185 
0.2753623188405797 0.9351920501317897 
0.9130434782608695 0.001964038935931111 

0.9492753623188406 0.0013093490171072779 
0.2971014492753623 0.3756855994184942 
0.3695652173913043 0.32594450830194066 
0.4057971014492754 0.11388425106343707 
0.8260869565217391 0.011128564204955074 
0.5869565217391305 0.01636221171562739 
0.463768115942029 0.10798828859233872 
0.47101449275362317 0.02421923723386106 
0.32608695652173914 0.37174990980711314 
0.35507246376811596 0.3298892235581024 
0.8985507246376812 0.001964038935931111 
0.5579710144927537 0.016362527861911193 
0.3115942028985507 0.3717541048251097 
0.42028985507246375 0.11257330793949107 
0.43478260869565216 0.1099546844833742 
0.4855072463768116 0.02290943486042291 
0.5 0.020291302049685787 
0.8405797101449275 0.009818976193175304 
0.855072463768116 0.007200939073846802 
0.8695652173913043 0.005891446796045882 
0.8840579710144928 0.0032734528729000557 
0.4492753623188406 0.10929859009784808 
0.5144927536231884 0.018981637894641204 
0.5289855072463768 0.017672412243219946 
0.5434782608695652 0.01636285837848062 

0.21739130434782608 0.9849440804101051 
0.927536231884058 0.0013093490171072779 
0.37681159420289856 0.8920041969921227 
0.38405797101449274 0.43915965399491563 
0.8478260869565217 0.011128963243252315 
0.5144927536231884 0.02159972816283382 
0.39855072463768115 0.4097064326405961 
0.4057971014492754 0.11388425106343707 
0.463768115942029 0.11060668350267225 
0.47101449275362317 0.02421923723386106 
0.2463768115942029 0.9796992591598218 
0.2608695652173913 0.9096787455218183 
0.3188405797101449 0.9044360916975002 
0.34782608695652173 0.8972447121798153 
0.2898550724637681 0.9044382303341258 
0.36231884057971014 0.8920066029583268 
0.2318840579710145 0.9810108315364673 
0.2753623188405797 0.9057494819152775 
0.4855072463768116 0.02421874592544705 
0.5 0.021600147664633477 
0.42028985507246375 0.1132277307469649 
0.43478260869565216 0.11126353009832188 
0.8985507246376812 0.005236721295321588 
0.8840579710144928 0.005891446796045882 
0.9130434782608695 0.001964038935931111 
0.4492753623188406 0.11060743571279576 
0.8623188405797102 0.009819338553533816 
0.9057971014492754 0.0032737555661505055 
0.8695652173913043 0.009164207496268334 
0.8768115942028986 0.0072012849632799285 

0.6086956521739131 2.467657645022506E-7 
0.2971014492753623 0.3868058293970081 
0.41304347826086957 0.32594450830194066 
0.427536231884058 0.12369950247086561 
0.47101449275362317 0.11191628132774345 
0.4782608695652174 0.03469000215344256 
0.35507246376811596 0.34101441128515775 
0.34057971014492755 0.3717463140774016 
0.5072463768115942 0.023564323117973202 
0.5217391304347826 0.009164915746059973 
0.3115942028985507 0.38680163437901155 
0.3695652173913043 0.34100713992063025 
0.37681159420289856 0.3298819521935749 
0.3188405797101449 0.3756764466519562 
0.4927536231884058 0.033380199780004415 
0.4420289855072464 0.11388425106343707 
0.3333333333333333 0.37567285092224467 
0.391304347826087 0.32987600289532515 
0.39855072463768115 0.3259494660504821 
0.5362318840579711 0.007855361881320645 
0.5507246376811594 0.005237340134855844 
0.5652173913043478 0.0039278756803738995 
0.5797101449275363 0.001309894369446839 
0.45652173913043476 0.11257330793949107 
0.5942028985507246 5.034021595897992E-7 

0.9492753623188406 0.0013093490171072779 
0.3115942028985507 0.38681078714554956 
0.41304347826086957 0.325940313283944 
0.427536231884058 0.1250083480858133 
0.5652173913043478 0.005237023988572038 
0.8985507246376812 0.0032734528729000557 
0.47101449275362317 0.1132259328821092 
0.4927536231884058 0.034689510845028554 
0.35507246376811596 0.3717463140774016 
0.3695652173913043 0.34100713992063025 
0.5072463768115942 0.02029010347311532 
0.5362318840579711 0.009164553385701461 
0.391304347826087 0.3298710451467837 
0.3333333333333333 0.37568064166995274 
0.9130434782608695 0.001964038935931111 
0.4420289855072464 0.12435198624779877 
0.45652173913043476 0.11388215355443876 

0.9492753623188406 0.0013093490171072779 
0.2971014492753623 0.3868167364437993 
0.5652173913043478 0.0039275855993422155 
0.9202898550724637 0.0032734528729000557 
0.41304347826086957 0.1250106243390567 
0.39855072463768115 0.3259494660504821 
0.47101449275362317 0.11191628132774345 
0.4782608695652174 0.03469000215344256 
0.35507246376811596 0.34102350049081714 
0.34057971014492755 0.3717541048251097 
0.5289855072463768 0.005237023988572038 
0.5072463768115942 0.023563857667896752 
0.3695652173913043 0.34101441128515775 
0.37681159420289856 0.3298819521935749 
0.3115942028985507 0.38681078714554956 
0.3188405797101449 0.3756855994184942 
0.427536231884058 0.12435392527833945 
0.4420289855072464 0.11388316035875795 
0.5217391304347826 0.009164553385701461 
0.4927536231884058 0.033380199780004415 
0.391304347826087 0.32987600289532515 
0.3333333333333333 0.37568064166995274 
0.45652173913043476 0.11322679852074341 
0.9347826086956522 0.001964038935931111 

0.6086956521739131 2.467657645022506E-7 
0.3188405797101449 0.3756764466519562 
0.391304347826087 0.32594450830194066 
0.4420289855072464 0.11388316035875795 
0.45652173913043476 0.11322679852074341 
0.4855072463768116 0.023563857667896752 
0.3333333333333333 0.3717463140774016 
0.37681159420289856 0.32987600289532515 
0.5 0.009164915746059973 
0.5652173913043478 0.0039278756803738995 
0.5434782608695652 0.005237023988572038 
0.5144927536231884 0.009164553385701461 
0.5289855072463768 0.005237340134855844 
0.5797101449275363 0.001309894369446839 
0.5942028985507246 5.034021595897992E-7 

0.9492753623188406 0.0013093490171072779 
0.2536231884057971 0.9312856052152464 
0.2826086956521739 0.9011779610534529 
0.2971014492753623 0.37503117661102037 
0.8478260869565217 0.011128963243252315 
0.5434782608695652 0.017672049882861432 
0.39855072463768115 0.30696205186720255 
0.4057971014492754 0.11388425106343707 
0.463768115942029 0.10929783788772456 
0.47101449275362317 0.02421923723386106 
0.26811594202898553 0.926046027737459 
0.34057971014492755 0.35276493636157696 
0.35507246376811596 0.32922752938610106 
0.3115942028985507 0.3710996820176358 
0.3695652173913043 0.3252950432430083 
0.32608695652173914 0.35670238025321127 
0.38405797101449274 0.3108977414785837 
0.4855072463768116 0.02421874592544705 
0.5 0.020291302049685787 
0.42028985507246375 0.1132277307469649 
0.43478260869565216 0.1099546844833742 
0.5144927536231884 0.020290882547886132 
0.5289855072463768 0.017672412243219946 
0.8623188405797102 0.009819338553533816 
0.8768115942028986 0.0072012849632799285 
0.8913043478260869 0.005891762942329689 
0.9057971014492754 0.0032737555661505055 
0.9202898550724637 0.001964317176920683 
0.4492753623188406 0.10929859009784808 
0.9347826086956522 0.001964038935931111 

