1463.0 109.01694915254237 
3529.0 95.0036231884058 
1468.0 109.01587301587301 
1469.0 103.01587301587301 
1472.0 103.01515151515152 
1473.0 97.01724137931035 
2936.0 95.00403225806451 
3455.0 95.00401606425703 
1476.0 97.01470588235294 
1477.0 95.01428571428572 
2902.0 95.00414937759336 
2742.0 95.00418410041841 
2228.0 95.00526315789473 
2371.0 95.0051282051282 
2528.0 95.005 
2399.0 95.0050505050505 
1756.0 95.00819672131148 
1839.0 95.00806451612904 
1630.0 95.01149425287356 
1562.0 95.01162790697674 
1662.0 95.00990099009901 
1728.0 95.00961538461539 
1488.0 95.01298701298701 
1552.0 95.0126582278481 
2648.0 95.00456621004567 
2703.0 95.00438596491227 
1978.0 95.00699300699301 
1924.0 95.00709219858156 
2041.0 95.00621118012423 
2092.0 95.00617283950618 
2146.0 95.0060975609756 
2100.0 95.00613496932516 
2609.0 95.00467289719626 
2577.0 95.00473933649289 
2607.0 95.00469483568075 
1854.0 95.00769230769231 
1917.0 95.0072463768116 
1878.0 95.00757575757575 
1893.0 95.00746268656717 
2548.0 95.0048076923077 
2571.0 95.00478468899522 
2724.0 95.00432900432901 
2009.0 95.00645161290322 
2030.0 95.00636942675159 
2215.0 95.00561797752809 
2195.0 95.00564971751412 
2922.0 95.00411522633745 
1997.0 95.00675675675676 
3502.0 95.00375939849624 
2177.0 95.00578034682081 
2382.0 95.00510204081633 
2397.0 95.00507614213198 
2164.0 95.00588235294117 
3466.0 95.00392156862745 
3479.0 95.00389105058366 
3515.0 95.00374531835206 
1648.0 95.01010101010101 
1660.0 95.01 
2539.0 95.0049504950495 
2925.0 95.0040650406504 
2150.0 95.00602409638554 
2160.0 95.00595238095238 
3489.0 95.00387596899225 
2224.0 95.00540540540541 
2729.0 95.0042194092827 
2738.0 95.00420168067227 
3520.0 95.00371747211896 
3457.0 95.00398406374502 
3465.0 95.00393700787401 
1738.0 95.00884955752213 
1745.0 95.00862068965517 
1731.0 95.00952380952381 
2037.0 95.00632911392405 
3496.0 95.00381679389314 
1750.0 95.00833333333334 
1632.0 95.01086956521739 
1849.0 95.0079365079365 
1637.0 95.01052631578948 
1999.0 95.00657894736842 
1643.0 95.01020408163265 
2004.0 95.00649350649351 
1844.0 95.008 
3518.0 95.00373134328358 
1554.0 95.01204819277109 
1558.0 95.01176470588236 
1480.0 95.01388888888889 
1640.0 95.01030927835052 
1483.0 95.01351351351352 
1485.0 95.01333333333334 
1486.0 95.01315789473684 
2039.0 95.00625 
2923.0 95.00408163265305 
1553.0 95.0125 
1631.0 95.01123595505618 
