1447.0 111.02439024390245 
3183.0 95.00398406374502 
1465.0 101.015625 
1467.0 96.01754385964912 
1456.0 105.02 
1454.0 109.01923076923077 
2669.0 95.0047619047619 
2439.0 95.00487804878048 
1458.0 103.01851851851852 
1462.0 103.01818181818182 
1463.0 101.01818181818182 
1453.0 111.0204081632653 
3182.0 95.00403225806451 
2996.0 95.0040650406504 
2855.0 95.00452488687783 
2687.0 95.0045871559633 
2309.0 95.0049751243781 
1469.0 95.01515151515152 
1828.0 95.00819672131148 
1747.0 95.00826446280992 
2204.0 95.00555555555556 
2140.0 95.00558659217877 
1564.0 95.01162790697674 
1626.0 95.00990099009901 
2078.0 95.00568181818181 
1718.0 95.00925925925925 
1657.0 95.00970873786407 
1922.0 95.00735294117646 
1983.0 95.00694444444444 
1874.0 95.00740740740741 
2868.0 95.00448430493273 
1475.0 95.01388888888889 
1518.0 95.01351351351352 
2902.0 95.00440528634361 
2213.0 95.00540540540541 
2246.0 95.00537634408602 
2033.0 95.00653594771242 
2001.0 95.00657894736842 
2284.0 95.0051282051282 
2252.0 95.00523560209425 
1652.0 95.00980392156863 
1867.0 95.00769230769231 
1844.0 95.00787401574803 
2293.0 95.00502512562814 
2042.0 95.00628930817611 
1545.0 95.01204819277109 
2057.0 95.0060975609756 
1560.0 95.01176470588236 
2978.0 95.00411522633745 
2993.0 95.00408163265305 
1723.0 95.00869565217391 
1736.0 95.00854700854701 
2926.0 95.00425531914894 
2939.0 95.0042372881356 
2925.0 95.00431034482759 
2913.0 95.00432900432901 
2977.0 95.00414937759336 
2951.0 95.0042194092827 
2963.0 95.00420168067227 
2965.0 95.00418410041841 
1838.0 95.00806451612904 
2911.0 95.00438596491227 
1993.0 95.00675675675676 
1533.0 95.01234567901234 
1541.0 95.01219512195122 
1985.0 95.00689655172414 
2679.0 95.00460829493088 
2066.0 95.00591715976331 
1741.0 95.00833333333334 
2063.0 95.00595238095238 
2675.0 95.00462962962963 
1452.0 111.02127659574468 
1522.0 95.01333333333334 
1529.0 95.0125 
1840.0 95.008 
2070.0 95.00584795321637 
2072.0 95.00581395348837 
2076.0 95.00571428571429 
2250.0 95.00526315789473 
1472.0 95.01492537313433 
1525.0 95.01298701298701 
1528.0 95.01282051282051 
2912.0 95.00436681222708 
