3792.0 94.00387596899225 
1455.0 109.01612903225806 
1458.0 107.01886792452831 
1472.0 101.01666666666667 
1459.0 103.01960784313725 
1480.0 97.01754385964912 
1482.0 95.01960784313725 
1461.0 101.01886792452831 
3510.0 94.00395256916995 
2684.0 94.005 
2881.0 94.0049751243781 
2102.0 95.00671140939598 
2122.0 94.0072463768116 
3369.0 94.00403225806451 
3117.0 94.00431034482759 
3228.0 94.0042372881356 
2138.0 94.00666666666666 
2234.0 94.00645161290322 
2463.0 94.00549450549451 
2552.0 94.00537634408602 
2367.0 94.00558659217877 
2453.0 94.00552486187846 
2626.0 94.00531914893617 
2558.0 94.00534759358288 
2025.0 95.00719424460432 
2082.0 95.00709219858156 
3031.0 94.00478468899522 
3046.0 94.00460829493088 
3102.0 94.00442477876106 
2975.0 94.0048076923077 
1972.0 95.00746268656717 
1733.0 95.00952380952381 
1785.0 95.00943396226415 
1568.0 95.0126582278481 
1618.0 95.01219512195122 
3277.0 94.00416666666666 
1635.0 95.01136363636364 
1683.0 95.0111111111111 
2345.0 94.00581395348837 
2301.0 94.00584795321637 
2672.0 94.0051282051282 
2630.0 94.00526315789473 
2275.0 94.00625 
3315.0 94.00411522633745 
3354.0 94.00404858299595 
1837.0 95.00854700854701 
1926.0 95.0078125 
1821.0 95.00925925925925 
1873.0 95.00840336134453 
1890.0 95.00826446280992 
1961.0 95.00763358778626 
2910.0 94.0049504950495 
2943.0 94.0048309178744 
1494.0 95.01587301587301 
1524.0 95.015625 
3300.0 94.00413223140495 
1716.0 95.01030927835052 
1695.0 95.01063829787235 
1550.0 95.01470588235294 
1535.0 95.01538461538462 
2358.0 94.00571428571429 
2288.0 94.00595238095238 
1630.0 95.01176470588236 
2290.0 94.00591715976331 
2135.0 94.00699300699301 
2092.0 95.0068493150685 
1825.0 95.00884955752213 
1835.0 95.00877192982456 
2125.0 94.00704225352112 
1558.0 95.01351351351352 
1686.0 95.01098901098901 
1963.0 95.00757575757575 
1718.0 95.00990099009901 
1726.0 95.00970873786407 
1488.0 95.01639344262296 
1469.0 101.01754385964912 
1465.0 101.01785714285714 
1485.0 95.01754385964912 
1462.0 101.01851851851852 
1552.0 95.01428571428572 
1554.0 95.01408450704226 
1556.0 95.01369863013699 
1823.0 95.00909090909092 
