1460.0 115.01639344262296 
2718.0 93.00564971751412 
1467.0 98.02083333333333 
1463.0 104.02127659574468 
1466.0 104.01851851851852 
1461.0 110.02325581395348 
2362.0 96.00625 
2379.0 93.00833333333334 
2111.0 96.0078125 
1976.0 96.00819672131148 
1685.0 98.01052631578948 
1731.0 96.01639344262296 
1649.0 98.01315789473684 
1563.0 98.01333333333334 
1824.0 96.00990099009901 
1901.0 96.00980392156863 
2184.0 96.00662251655629 
2547.0 93.00666666666666 
2476.0 93.00671140939598 
2255.0 96.00653594771242 
2327.0 96.00632911392405 
2276.0 96.00649350649351 
2623.0 93.00625 
2672.0 93.00621118012423 
2549.0 93.00645161290322 
2594.0 93.00636942675159 
1515.0 98.01470588235294 
1557.0 98.01449275362319 
1820.0 96.01030927835052 
1480.0 98.01639344262296 
1510.0 98.01612903225806 
1790.0 96.01098901098901 
1751.0 96.01176470588236 
1778.0 96.01149425287356 
2166.0 96.00694444444444 
2128.0 96.00763358778626 
1665.0 98.01219512195122 
2407.0 93.0078125 
2422.0 93.0077519379845 
1931.0 96.00934579439253 
1915.0 96.00970873786407 
1917.0 96.00961538461539 
2141.0 96.00751879699249 
2705.0 93.00568181818181 
2693.0 93.00584795321637 
2146.0 96.0072463768116 
2158.0 96.00714285714285 
2456.0 93.00709219858156 
2444.0 93.00714285714285 
2403.0 93.0079365079365 
2440.0 93.00729927007299 
2392.0 93.00819672131148 
2429.0 93.00735294117646 
2682.0 93.00617283950618 
1936.0 96.00909090909092 
1944.0 96.00892857142857 
1963.0 96.00840336134453 
1971.0 96.00826446280992 
1672.0 98.0111111111111 
1948.0 96.00862068965517 
1679.0 98.01075268817205 
2459.0 93.00699300699301 
2466.0 93.00694444444444 
1955.0 96.00854700854701 
2385.0 93.00826446280992 
2469.0 93.00680272108843 
1734.0 96.01428571428572 
1740.0 96.01388888888889 
1784.0 96.01123595505618 
1779.0 96.01136363636364 
1471.0 98.0204081632653 
1744.0 96.01369863013699 
1747.0 96.01234567901234 
1476.0 98.01666666666667 
1559.0 98.01388888888889 
1683.0 98.01063829787235 
1959.0 96.00847457627118 
1473.0 98.01785714285714 
1513.0 98.01587301587301 
2425.0 93.00763358778626 
1947.0 96.00877192982456 
2428.0 93.00740740740741 
1732.0 96.01470588235294 
2442.0 93.00719424460432 
2467.0 93.0068493150685 
1514.0 98.015625 
