1447.0 109.02325581395348 
2912.0 94.00408163265305 
1453.0 101.02173913043478 
1451.0 103.02272727272727 
1456.0 97.02173913043478 
1449.0 107.02272727272727 
2590.0 94.00442477876106 
2869.0 94.00431034482759 
1458.0 95.02083333333333 
1448.0 109.02173913043478 
2433.0 94.00456621004567 
2576.0 94.00450450450451 
2176.0 95.00571428571429 
2045.0 95.00581395348837 
2246.0 95.0049751243781 
2272.0 94.00534759358288 
2311.0 94.00492610837438 
2403.0 94.00473933649289 
1910.0 95.0060606060606 
1992.0 95.0059880239521 
1619.0 95.0111111111111 
1561.0 95.01176470588236 
1641.0 95.00990099009901 
1688.0 95.00970873786407 
2001.0 95.00588235294117 
1726.0 95.00961538461539 
1491.0 95.01694915254237 
1515.0 95.01639344262296 
2222.0 95.00510204081633 
2893.0 94.00425531914894 
1835.0 95.00709219858156 
1551.0 95.0125 
1529.0 95.01351351351352 
2205.0 95.0054347826087 
1769.0 95.008 
1747.0 95.00833333333334 
1811.0 95.00735294117646 
1790.0 95.00769230769231 
1894.0 95.00632911392405 
1875.0 95.00641025641026 
1862.0 95.0068493150685 
1843.0 95.00699300699301 
2414.0 94.00471698113208 
1635.0 95.01075268817205 
1477.0 95.02 
1462.0 95.0204081632653 
1820.0 95.00719424460432 
2191.0 95.00549450549451 
1777.0 95.0077519379845 
2294.0 94.00526315789473 
2188.0 95.00558659217877 
2282.0 94.00531914893617 
1488.0 95.01785714285714 
1873.0 95.00662251655629 
1863.0 95.00671140939598 
2213.0 95.00523560209425 
1735.0 95.00877192982456 
1743.0 95.00854700854701 
2308.0 94.00502512562814 
2300.0 94.0050505050505 
2901.0 94.00418410041841 
2909.0 94.00411522633745 
1524.0 95.01388888888889 
1520.0 95.01612903225806 
1556.0 95.01204819277109 
2295.0 94.0051282051282 
1636.0 95.01063829787235 
1731.0 95.00952380952381 
1734.0 95.00943396226415 
1522.0 95.01538461538462 
