0.011274663326025681 0.1581732569190453 
0.012214218603194488 0.15815094922201642 
0.21735045411838397 0.13160209559131977 
0.2223614155966176 0.13158684445468422 
0.2524271844660194 0.13158118677496464 
0.2214218603194488 0.13159542988474857 
0.21829000939555276 0.13159672547278603 
0.21139993736298152 0.15786582380554703 
0.05637331663012841 0.15801198053163612 
0.19918571875978702 0.15786830103819233 
0.0554337613529596 0.15801526495244725 
0.018791105543376135 0.15806133215343263 
0.017225180081428124 0.15807518344021548 
0.017851550266207328 0.15807044322207206 
0.01816473535859693 0.1580658277465111 
0.40400876918258694 0.10525187964603151 
0.29783902286251174 0.10532248077643096 
0.3504541183839649 0.10527863375860383 
0.32821797682430315 0.10527981085975377 
0.3742561854055747 0.10526767200414713 
0.3896022549326652 0.1052666507226762 
0.35108048856874413 0.10527297607888424 
0.3651738177262762 0.10527081390829086 
0.30660820544942063 0.10530877858335991 
0.31130598183526464 0.10530718530509581 
0.3999373629815221 0.10525272415716073 
0.39617914187284686 0.10525709487265397 
0.32195427497651113 0.10528982874187891 
0.3181960538678359 0.10529116147798295 
0.3053554650798622 0.10531204101028149 
0.3169433134982775 0.10529527642230463 
0.30191042906357657 0.10531888675857619 
0.3134982774819919 0.10529668841300308 
0.3927341058565612 0.1052656420496184 
0.3228938302536799 0.10528721918866815 
0.32508612590040714 0.10528594159490841 
0.29971813341684933 0.10532066891619005 
0.32602568117757597 0.10528221310699797 
0.31224553711243347 0.10530407172314471 
0.31318509238960224 0.10529812132208272 
0.3175696836830567 0.10529251339014639 
0.32539931099279673 0.10528343891124253 
0.012840588787973693 0.1581182763324285 
0.06201064829314125 0.15798014441308222 
0.014719699342311305 0.15808505889468086 
0.036642655809583466 0.15803663347338642 
0.09238960225493266 0.1579484341289887 
0.03288443470090824 0.15804445980410045 
0.03538991544002505 0.15804049891721475 
0.09802693391794551 0.15793890216859177 
0.031631694331349824 0.15804851971315867 
0.013780144065142498 0.1581123269405932 
0.03131850923896023 0.15805695183197138 
0.049796429689946756 0.15802206030584925 
0.10648293141246477 0.1579089347823072 
0.0416536172878171 0.15802557650615612 
0.09520826808643909 0.1579407444802649 
0.07704353272784216 0.15795248310331675 
0.06733479486376448 0.1579702214670394 
0.07328531161916693 0.1579655382074585 
0.10303789539617914 0.1579103062874002 
0.09834011901033511 0.15793013276502613 
0.09927967428750391 0.15791747317491694 
0.10115878484184153 0.15791310980516388 
0.07485123708111494 0.15796102681061414 
0.07641716254306295 0.1579566779866294 
0.040400876918258694 0.15802917544058803 
0.06702160977137488 0.15797508660077866 
0.005950516755402443 0.5266464356779803 
0.007829627309740057 0.31614084887976784 
0.007203257124960852 0.36878326652755705 
0.008769182586908864 0.21090800609544622 
0.0065768869401816475 0.47401610931187865 
0.009395552771688067 0.15826775480229247 
0.006263701847792045 0.5266065344484111 
0.1932352020043846 0.15787262179280687 
0.2643282179768243 0.1315521420020727 
0.2765424365800188 0.13154105348040201 
0.15095521453178828 0.15787911078064581 
0.17663639210773568 0.1578772012752426 
0.1794550579392421 0.15787442126002263 
0.12746633260256812 0.15790625013403972 
0.14594425305355466 0.15788617474209107 
0.1399937362981522 0.1578883094557147 
0.13592233009708737 0.15789986030340333 
0.12997181334168492 0.15790364058082895 
0.010648293141246476 0.15825656933856114 
0.27121829000939557 0.13154992065019852 
0.2674600689007203 0.13155139367431368 
0.139367366113373 0.15789389364035877 
0.136235515189477 0.15789623225191457 
0.27560288130285 0.1315436584471765 
0.27309740056373316 0.1315443261343675 
0.27153147510178516 0.13154637028438262 
