1449.0 112.02272727272727 
3351.0 95.00395256916995 
1462.0 101.01886792452831 
1459.0 107.02 
1466.0 97.01694915254237 
1452.0 109.02222222222223 
3059.0 95.00404858299595 
3336.0 95.00401606425703 
1471.0 95.01818181818182 
1457.0 109.02 
1468.0 97.01639344262296 
2707.0 95.00460829493088 
2917.0 95.00456621004567 
1879.0 95.00689655172414 
2034.0 95.00645161290322 
2438.0 95.00515463917526 
2565.0 95.0051282051282 
2303.0 95.00523560209425 
2384.0 95.00518134715026 
1663.0 95.01123595505618 
1587.0 95.01149425287356 
1787.0 95.00909090909092 
1724.0 95.0091743119266 
2958.0 95.0042194092827 
3011.0 95.00420168067227 
2127.0 95.00591715976331 
2178.0 95.00581395348837 
2071.0 95.0060606060606 
2116.0 95.00602409638554 
1575.0 95.01282051282051 
1532.0 95.01298701298701 
1714.0 95.01010101010101 
1489.0 95.01428571428572 
1525.0 95.01351351351352 
1678.0 95.01041666666667 
2251.0 95.00546448087432 
2220.0 95.00549450549451 
2595.0 95.00510204081633 
1801.0 95.00806451612904 
1827.0 95.0079365079365 
2263.0 95.00537634408602 
2289.0 95.00534759358288 
2624.0 95.00487804878048 
2650.0 95.00485436893204 
2060.0 95.00628930817611 
2036.0 95.00641025641026 
1861.0 95.00769230769231 
1842.0 95.0077519379845 
2605.0 95.00490196078431 
2704.0 95.00467289719626 
2687.0 95.00471698113208 
2671.0 95.00473933649289 
3043.0 95.00411522633745 
3027.0 95.00416666666666 
2203.0 95.00568181818181 
2663.0 95.0048309178744 
2945.0 95.00431034482759 
2190.0 95.00571428571429 
2208.0 95.00555555555556 
2301.0 95.00526315789473 
1869.0 95.0072463768116 
2596.0 95.0049504950495 
1836.0 95.0078125 
3036.0 95.00414937759336 
1671.0 95.01098901098901 
2923.0 95.00454545454545 
2931.0 95.00450450450451 
2185.0 95.00574712643679 
1474.0 95.01639344262296 
1799.0 95.00847457627118 
1480.0 95.01587301587301 
2939.0 95.00434782608696 
1720.0 95.00925925925925 
1793.0 95.00869565217391 
2669.0 95.00478468899522 
1580.0 95.01219512195122 
1582.0 95.01162790697674 
1676.0 95.01052631578948 
1792.0 95.00877192982456 
1528.0 95.01315789473684 
1455.0 109.02173913043478 
1483.0 95.015625 
1486.0 95.01470588235294 
2936.0 95.00446428571429 
2933.0 95.00448430493273 
