1458.0 115.01785714285714 
3709.0 94.0034965034965 
1459.0 110.02 
3417.0 95.00409836065573 
2947.0 95.00411522633745 
1468.0 107.01923076923077 
1472.0 101.01960784313725 
1473.0 97.01960784313725 
1469.0 103.02083333333333 
2941.0 95.00420168067227 
2721.0 95.00429184549357 
1463.0 110.01923076923077 
1464.0 108.01923076923077 
1474.0 97.01923076923077 
1475.0 95.01886792452831 
1470.0 103.02 
1471.0 101.02 
3492.0 95.00378787878788 
3673.0 95.00371747211896 
2556.0 95.00438596491227 
2709.0 95.00431034482759 
2190.0 95.00546448087432 
2335.0 95.00537634408602 
3692.0 94.00357142857143 
3686.0 95.00367647058823 
2436.0 95.00446428571429 
2546.0 95.00444444444445 
2103.0 95.00555555555556 
1967.0 95.00628930817611 
2052.0 95.00584795321637 
1690.0 95.00909090909092 
1767.0 95.00892857142857 
1928.0 95.0072463768116 
1861.0 95.00729927007299 
1831.0 95.00877192982456 
1668.0 95.01020408163265 
1608.0 95.0111111111111 
1600.0 95.01190476190476 
1556.0 95.01219512195122 
1478.0 95.01785714285714 
1520.0 95.01754385964912 
2064.0 95.00564971751412 
1930.0 95.00694444444444 
1959.0 95.00671140939598 
3419.0 95.00403225806451 
3447.0 95.00393700787401 
2407.0 95.00454545454545 
2433.0 95.00452488687783 
3462.0 95.00384615384615 
3477.0 95.00383141762453 
1843.0 95.00869565217391 
3704.0 94.00355871886121 
1535.0 95.01666666666667 
1524.0 95.01694915254237 
2403.0 95.0046511627907 
2351.0 95.0050505050505 
2372.0 95.00487804878048 
2392.0 95.00478468899522 
2382.0 95.00485436893204 
2361.0 95.00502512562814 
2362.0 95.0049751243781 
3452.0 95.00389105058366 
3683.0 95.00369003690037 
2394.0 95.00469483568075 
1849.0 95.0077519379845 
1857.0 95.00751879699249 
2345.0 95.00515463917526 
2338.0 95.00531914893617 
1684.0 95.00925925925925 
1551.0 95.01351351351352 
1964.0 95.00666666666666 
1546.0 95.01388888888889 
1679.0 95.00943396226415 
2946.0 95.00414937759336 
1536.0 95.01492537313433 
1552.0 95.0125 
1540.0 95.01470588235294 
3708.0 94.00350877192983 
1543.0 95.01408450704226 
1673.0 95.00961538461539 
1603.0 95.01149425287356 
1605.0 95.01123595505618 
1846.0 95.00833333333334 
1671.0 95.01 
1676.0 95.00952380952381 
1848.0 95.00819672131148 
1476.0 95.01851851851852 
2405.0 95.00462962962963 
1672.0 95.00990099009901 
