1454.0 109.01818181818182 
4181.0 95.00354609929079 
1462.0 97.01785714285714 
1455.0 107.01886792452831 
1458.0 103.01851851851852 
1459.0 101.01785714285714 
3396.0 95.00380228136882 
3842.0 95.00377358490566 
1464.0 95.01724137931035 
2823.0 95.00523560209425 
2585.0 95.00531914893617 
3339.0 95.004 
3168.0 95.00401606425703 
3955.0 95.00357142857143 
4110.0 95.00355871886121 
3113.0 95.00429184549357 
2960.0 95.00436681222708 
2243.0 95.00621118012423 
2370.0 95.00617283950618 
2447.0 95.00584795321637 
2538.0 95.00564971751412 
1828.0 95.00952380952381 
1741.0 95.00961538461539 
1618.0 95.01162790697674 
1546.0 95.01204819277109 
2039.0 95.00751879699249 
2111.0 95.00740740740741 
2381.0 95.00595238095238 
1894.0 95.00806451612904 
1960.0 95.0079365079365 
1668.0 95.01010101010101 
1731.0 95.00980392156863 
1477.0 95.01515151515152 
1538.0 95.01234567901234 
3904.0 95.00373134328358 
3853.0 95.00374531835206 
3343.0 95.00389105058366 
3381.0 95.00387596899225 
1662.0 95.01098901098901 
1625.0 95.0111111111111 
3150.0 95.0040650406504 
2224.0 95.00680272108843 
2190.0 95.0068493150685 
1839.0 95.00884955752213 
1872.0 95.00877192982456 
2009.0 95.00763358778626 
1994.0 95.0077519379845 
2120.0 95.00729927007299 
2146.0 95.00719424460432 
1968.0 95.00787401574803 
2888.0 95.00487804878048 
2866.0 95.0049504950495 
2171.0 95.00694444444444 
3945.0 95.00359712230215 
2162.0 95.00709219858156 
2930.0 95.00460829493088 
2946.0 95.00440528634361 
2549.0 95.00549450549451 
2564.0 95.00546448087432 
3923.0 95.00363636363636 
3938.0 95.0036231884058 
2851.0 95.00502512562814 
1880.0 95.00833333333334 
2897.0 95.00478468899522 
2576.0 95.0054347826087 
2909.0 95.0047619047619 
3915.0 95.00366300366301 
2833.0 95.0051282051282 
2950.0 95.00438596491227 
2372.0 95.00613496932516 
2911.0 95.00473933649289 
2920.0 95.00471698113208 
1733.0 95.00970873786407 
1887.0 95.00826446280992 
2542.0 95.00561797752809 
2578.0 95.00540540540541 
2836.0 95.00510204081633 
2843.0 95.00507614213198 
1833.0 95.00892857142857 
1874.0 95.00869565217391 
3386.0 95.00384615384615 
3392.0 95.00383141762453 
1889.0 95.00813008130082 
2236.0 95.00636942675159 
2231.0 95.00657894736842 
1470.0 95.01587301587301 
1474.0 95.015625 
1620.0 95.01136363636364 
1542.0 95.01219512195122 
1624.0 95.01123595505618 
2240.0 95.00628930817611 
2924.0 95.00469483568075 
2926.0 95.0046511627907 
2228.0 95.00662251655629 
2847.0 95.0050505050505 
1467.0 95.01639344262296 
1665.0 95.01030927835052 
1663.0 95.01063829787235 
1831.0 95.00925925925925 
1829.0 95.00934579439253 

3792.0 94.00387596899225 
1455.0 109.01612903225806 
1458.0 107.01886792452831 
1472.0 101.01666666666667 
1459.0 103.01960784313725 
1480.0 97.01754385964912 
1482.0 95.01960784313725 
1461.0 101.01886792452831 
3510.0 94.00395256916995 
2684.0 94.005 
2881.0 94.0049751243781 
2102.0 95.00671140939598 
2122.0 94.0072463768116 
3369.0 94.00403225806451 
3117.0 94.00431034482759 
3228.0 94.0042372881356 
2138.0 94.00666666666666 
2234.0 94.00645161290322 
2463.0 94.00549450549451 
2552.0 94.00537634408602 
2367.0 94.00558659217877 
2453.0 94.00552486187846 
2626.0 94.00531914893617 
2558.0 94.00534759358288 
2025.0 95.00719424460432 
2082.0 95.00709219858156 
3031.0 94.00478468899522 
3046.0 94.00460829493088 
3102.0 94.00442477876106 
2975.0 94.0048076923077 
1972.0 95.00746268656717 
1733.0 95.00952380952381 
1785.0 95.00943396226415 
1568.0 95.0126582278481 
1618.0 95.01219512195122 
3277.0 94.00416666666666 
1635.0 95.01136363636364 
1683.0 95.0111111111111 
2345.0 94.00581395348837 
2301.0 94.00584795321637 
2672.0 94.0051282051282 
2630.0 94.00526315789473 
2275.0 94.00625 
3315.0 94.00411522633745 
3354.0 94.00404858299595 
1837.0 95.00854700854701 
1926.0 95.0078125 
1821.0 95.00925925925925 
1873.0 95.00840336134453 
1890.0 95.00826446280992 
1961.0 95.00763358778626 
2910.0 94.0049504950495 
2943.0 94.0048309178744 
1494.0 95.01587301587301 
1524.0 95.015625 
3300.0 94.00413223140495 
1716.0 95.01030927835052 
1695.0 95.01063829787235 
1550.0 95.01470588235294 
1535.0 95.01538461538462 
2358.0 94.00571428571429 
2288.0 94.00595238095238 
1630.0 95.01176470588236 
2290.0 94.00591715976331 
2135.0 94.00699300699301 
2092.0 95.0068493150685 
1825.0 95.00884955752213 
1835.0 95.00877192982456 
2125.0 94.00704225352112 
1558.0 95.01351351351352 
1686.0 95.01098901098901 
1963.0 95.00757575757575 
1718.0 95.00990099009901 
1726.0 95.00970873786407 
1488.0 95.01639344262296 
1469.0 101.01754385964912 
1465.0 101.01785714285714 
1485.0 95.01754385964912 
1462.0 101.01851851851852 
1552.0 95.01428571428572 
1554.0 95.01408450704226 
1556.0 95.01369863013699 
1823.0 95.00909090909092 

1458.0 115.01785714285714 
3709.0 94.0034965034965 
1459.0 110.02 
3417.0 95.00409836065573 
2947.0 95.00411522633745 
1468.0 107.01923076923077 
1472.0 101.01960784313725 
1473.0 97.01960784313725 
1469.0 103.02083333333333 
2941.0 95.00420168067227 
2721.0 95.00429184549357 
1463.0 110.01923076923077 
1464.0 108.01923076923077 
1474.0 97.01923076923077 
1475.0 95.01886792452831 
1470.0 103.02 
1471.0 101.02 
3492.0 95.00378787878788 
3673.0 95.00371747211896 
2556.0 95.00438596491227 
2709.0 95.00431034482759 
2190.0 95.00546448087432 
2335.0 95.00537634408602 
3692.0 94.00357142857143 
3686.0 95.00367647058823 
2436.0 95.00446428571429 
2546.0 95.00444444444445 
2103.0 95.00555555555556 
1967.0 95.00628930817611 
2052.0 95.00584795321637 
1690.0 95.00909090909092 
1767.0 95.00892857142857 
1928.0 95.0072463768116 
1861.0 95.00729927007299 
1831.0 95.00877192982456 
1668.0 95.01020408163265 
1608.0 95.0111111111111 
1600.0 95.01190476190476 
1556.0 95.01219512195122 
1478.0 95.01785714285714 
1520.0 95.01754385964912 
2064.0 95.00564971751412 
1930.0 95.00694444444444 
1959.0 95.00671140939598 
3419.0 95.00403225806451 
3447.0 95.00393700787401 
2407.0 95.00454545454545 
2433.0 95.00452488687783 
3462.0 95.00384615384615 
3477.0 95.00383141762453 
1843.0 95.00869565217391 
3704.0 94.00355871886121 
1535.0 95.01666666666667 
1524.0 95.01694915254237 
2403.0 95.0046511627907 
2351.0 95.0050505050505 
2372.0 95.00487804878048 
2392.0 95.00478468899522 
2382.0 95.00485436893204 
2361.0 95.00502512562814 
2362.0 95.0049751243781 
3452.0 95.00389105058366 
3683.0 95.00369003690037 
2394.0 95.00469483568075 
1849.0 95.0077519379845 
1857.0 95.00751879699249 
2345.0 95.00515463917526 
2338.0 95.00531914893617 
1684.0 95.00925925925925 
1551.0 95.01351351351352 
1964.0 95.00666666666666 
1546.0 95.01388888888889 
1679.0 95.00943396226415 
2946.0 95.00414937759336 
1536.0 95.01492537313433 
1552.0 95.0125 
1540.0 95.01470588235294 
3708.0 94.00350877192983 
1543.0 95.01408450704226 
1673.0 95.00961538461539 
1603.0 95.01149425287356 
1605.0 95.01123595505618 
1846.0 95.00833333333334 
1671.0 95.01 
1676.0 95.00952380952381 
1848.0 95.00819672131148 
1476.0 95.01851851851852 
2405.0 95.00462962962963 
1672.0 95.00990099009901 

1463.0 109.01694915254237 
3529.0 95.0036231884058 
1468.0 109.01587301587301 
1469.0 103.01587301587301 
1472.0 103.01515151515152 
1473.0 97.01724137931035 
2936.0 95.00403225806451 
3455.0 95.00401606425703 
1476.0 97.01470588235294 
1477.0 95.01428571428572 
2902.0 95.00414937759336 
2742.0 95.00418410041841 
2228.0 95.00526315789473 
2371.0 95.0051282051282 
2528.0 95.005 
2399.0 95.0050505050505 
1756.0 95.00819672131148 
1839.0 95.00806451612904 
1630.0 95.01149425287356 
1562.0 95.01162790697674 
1662.0 95.00990099009901 
1728.0 95.00961538461539 
1488.0 95.01298701298701 
1552.0 95.0126582278481 
2648.0 95.00456621004567 
2703.0 95.00438596491227 
1978.0 95.00699300699301 
1924.0 95.00709219858156 
2041.0 95.00621118012423 
2092.0 95.00617283950618 
2146.0 95.0060975609756 
2100.0 95.00613496932516 
2609.0 95.00467289719626 
2577.0 95.00473933649289 
2607.0 95.00469483568075 
1854.0 95.00769230769231 
1917.0 95.0072463768116 
1878.0 95.00757575757575 
1893.0 95.00746268656717 
2548.0 95.0048076923077 
2571.0 95.00478468899522 
2724.0 95.00432900432901 
2009.0 95.00645161290322 
2030.0 95.00636942675159 
2215.0 95.00561797752809 
2195.0 95.00564971751412 
2922.0 95.00411522633745 
1997.0 95.00675675675676 
3502.0 95.00375939849624 
2177.0 95.00578034682081 
2382.0 95.00510204081633 
2397.0 95.00507614213198 
2164.0 95.00588235294117 
3466.0 95.00392156862745 
3479.0 95.00389105058366 
3515.0 95.00374531835206 
1648.0 95.01010101010101 
1660.0 95.01 
2539.0 95.0049504950495 
2925.0 95.0040650406504 
2150.0 95.00602409638554 
2160.0 95.00595238095238 
3489.0 95.00387596899225 
2224.0 95.00540540540541 
2729.0 95.0042194092827 
2738.0 95.00420168067227 
3520.0 95.00371747211896 
3457.0 95.00398406374502 
3465.0 95.00393700787401 
1738.0 95.00884955752213 
1745.0 95.00862068965517 
1731.0 95.00952380952381 
2037.0 95.00632911392405 
3496.0 95.00381679389314 
1750.0 95.00833333333334 
1632.0 95.01086956521739 
1849.0 95.0079365079365 
1637.0 95.01052631578948 
1999.0 95.00657894736842 
1643.0 95.01020408163265 
2004.0 95.00649350649351 
1844.0 95.008 
3518.0 95.00373134328358 
1554.0 95.01204819277109 
1558.0 95.01176470588236 
1480.0 95.01388888888889 
1640.0 95.01030927835052 
1483.0 95.01351351351352 
1485.0 95.01333333333334 
1486.0 95.01315789473684 
2039.0 95.00625 
2923.0 95.00408163265305 
1553.0 95.0125 
1631.0 95.01123595505618 

1460.0 115.01639344262296 
2718.0 93.00564971751412 
1467.0 98.02083333333333 
1463.0 104.02127659574468 
1466.0 104.01851851851852 
1461.0 110.02325581395348 
2362.0 96.00625 
2379.0 93.00833333333334 
2111.0 96.0078125 
1976.0 96.00819672131148 
1685.0 98.01052631578948 
1731.0 96.01639344262296 
1649.0 98.01315789473684 
1563.0 98.01333333333334 
1824.0 96.00990099009901 
1901.0 96.00980392156863 
2184.0 96.00662251655629 
2547.0 93.00666666666666 
2476.0 93.00671140939598 
2255.0 96.00653594771242 
2327.0 96.00632911392405 
2276.0 96.00649350649351 
2623.0 93.00625 
2672.0 93.00621118012423 
2549.0 93.00645161290322 
2594.0 93.00636942675159 
1515.0 98.01470588235294 
1557.0 98.01449275362319 
1820.0 96.01030927835052 
1480.0 98.01639344262296 
1510.0 98.01612903225806 
1790.0 96.01098901098901 
1751.0 96.01176470588236 
1778.0 96.01149425287356 
2166.0 96.00694444444444 
2128.0 96.00763358778626 
1665.0 98.01219512195122 
2407.0 93.0078125 
2422.0 93.0077519379845 
1931.0 96.00934579439253 
1915.0 96.00970873786407 
1917.0 96.00961538461539 
2141.0 96.00751879699249 
2705.0 93.00568181818181 
2693.0 93.00584795321637 
2146.0 96.0072463768116 
2158.0 96.00714285714285 
2456.0 93.00709219858156 
2444.0 93.00714285714285 
2403.0 93.0079365079365 
2440.0 93.00729927007299 
2392.0 93.00819672131148 
2429.0 93.00735294117646 
2682.0 93.00617283950618 
1936.0 96.00909090909092 
1944.0 96.00892857142857 
1963.0 96.00840336134453 
1971.0 96.00826446280992 
1672.0 98.0111111111111 
1948.0 96.00862068965517 
1679.0 98.01075268817205 
2459.0 93.00699300699301 
2466.0 93.00694444444444 
1955.0 96.00854700854701 
2385.0 93.00826446280992 
2469.0 93.00680272108843 
1734.0 96.01428571428572 
1740.0 96.01388888888889 
1784.0 96.01123595505618 
1779.0 96.01136363636364 
1471.0 98.0204081632653 
1744.0 96.01369863013699 
1747.0 96.01234567901234 
1476.0 98.01666666666667 
1559.0 98.01388888888889 
1683.0 98.01063829787235 
1959.0 96.00847457627118 
1473.0 98.01785714285714 
1513.0 98.01587301587301 
2425.0 93.00763358778626 
1947.0 96.00877192982456 
2428.0 93.00740740740741 
1732.0 96.01470588235294 
2442.0 93.00719424460432 
2467.0 93.0068493150685 
1514.0 98.015625 

1454.0 115.02380952380952 
2971.0 99.0046511627907 
1836.0 99.00884955752213 
1464.0 103.01818181818182 
1458.0 113.02 
1461.0 109.01886792452831 
1462.0 107.01886792452831 
2150.0 99.00666666666666 
2888.0 99.00487804878048 
1466.0 101.01785714285714 
1457.0 113.02325581395348 
2721.0 99.0049751243781 
2453.0 99.00561797752809 
2294.0 99.00584795321637 
1827.0 100.00877192982456 
2631.0 99.00518134715026 
2531.0 99.00520833333333 
1473.0 101.01694915254237 
1475.0 100.01923076923077 
1713.0 100.00990099009901 
1786.0 100.00970873786407 
2669.0 99.00507614213198 
2244.0 99.0060606060606 
1639.0 100.01136363636364 
1699.0 100.01098901098901 
2159.0 99.00645161290322 
2207.0 99.00625 
1479.0 100.01666666666667 
1518.0 100.01538461538462 
1558.0 100.01428571428572 
1524.0 100.01449275362319 
2922.0 99.0048309178744 
2276.0 99.0059880239521 
2483.0 99.0054347826087 
2214.0 99.00613496932516 
2942.0 99.00471698113208 
2694.0 99.0050505050505 
2506.0 99.005291005291 
1611.0 100.01190476190476 
1634.0 100.01162790697674 
1602.0 100.01333333333334 
1581.0 100.01351351351352 
2286.0 99.00588235294117 
1567.0 100.01388888888889 
1802.0 100.00909090909092 
1816.0 100.009009009009 
2933.0 99.0048076923077 
1794.0 100.00952380952381 
1819.0 100.00892857142857 
1705.0 100.01086956521739 
1707.0 100.01030927835052 
1607.0 100.01282051282051 
1469.0 101.01724137931035 
1798.0 100.00943396226415 
1522.0 100.01470588235294 

1447.0 111.02439024390245 
3183.0 95.00398406374502 
1465.0 101.015625 
1467.0 96.01754385964912 
1456.0 105.02 
1454.0 109.01923076923077 
2669.0 95.0047619047619 
2439.0 95.00487804878048 
1458.0 103.01851851851852 
1462.0 103.01818181818182 
1463.0 101.01818181818182 
1453.0 111.0204081632653 
3182.0 95.00403225806451 
2996.0 95.0040650406504 
2855.0 95.00452488687783 
2687.0 95.0045871559633 
2309.0 95.0049751243781 
1469.0 95.01515151515152 
1828.0 95.00819672131148 
1747.0 95.00826446280992 
2204.0 95.00555555555556 
2140.0 95.00558659217877 
1564.0 95.01162790697674 
1626.0 95.00990099009901 
2078.0 95.00568181818181 
1718.0 95.00925925925925 
1657.0 95.00970873786407 
1922.0 95.00735294117646 
1983.0 95.00694444444444 
1874.0 95.00740740740741 
2868.0 95.00448430493273 
1475.0 95.01388888888889 
1518.0 95.01351351351352 
2902.0 95.00440528634361 
2213.0 95.00540540540541 
2246.0 95.00537634408602 
2033.0 95.00653594771242 
2001.0 95.00657894736842 
2284.0 95.0051282051282 
2252.0 95.00523560209425 
1652.0 95.00980392156863 
1867.0 95.00769230769231 
1844.0 95.00787401574803 
2293.0 95.00502512562814 
2042.0 95.00628930817611 
1545.0 95.01204819277109 
2057.0 95.0060975609756 
1560.0 95.01176470588236 
2978.0 95.00411522633745 
2993.0 95.00408163265305 
1723.0 95.00869565217391 
1736.0 95.00854700854701 
2926.0 95.00425531914894 
2939.0 95.0042372881356 
2925.0 95.00431034482759 
2913.0 95.00432900432901 
2977.0 95.00414937759336 
2951.0 95.0042194092827 
2963.0 95.00420168067227 
2965.0 95.00418410041841 
1838.0 95.00806451612904 
2911.0 95.00438596491227 
1993.0 95.00675675675676 
1533.0 95.01234567901234 
1541.0 95.01219512195122 
1985.0 95.00689655172414 
2679.0 95.00460829493088 
2066.0 95.00591715976331 
1741.0 95.00833333333334 
2063.0 95.00595238095238 
2675.0 95.00462962962963 
1452.0 111.02127659574468 
1522.0 95.01333333333334 
1529.0 95.0125 
1840.0 95.008 
2070.0 95.00584795321637 
2072.0 95.00581395348837 
2076.0 95.00571428571429 
2250.0 95.00526315789473 
1472.0 95.01492537313433 
1525.0 95.01298701298701 
1528.0 95.01282051282051 
2912.0 95.00436681222708 

1449.0 112.02272727272727 
3351.0 95.00395256916995 
1462.0 101.01886792452831 
1459.0 107.02 
1466.0 97.01694915254237 
1452.0 109.02222222222223 
3059.0 95.00404858299595 
3336.0 95.00401606425703 
1471.0 95.01818181818182 
1457.0 109.02 
1468.0 97.01639344262296 
2707.0 95.00460829493088 
2917.0 95.00456621004567 
1879.0 95.00689655172414 
2034.0 95.00645161290322 
2438.0 95.00515463917526 
2565.0 95.0051282051282 
2303.0 95.00523560209425 
2384.0 95.00518134715026 
1663.0 95.01123595505618 
1587.0 95.01149425287356 
1787.0 95.00909090909092 
1724.0 95.0091743119266 
2958.0 95.0042194092827 
3011.0 95.00420168067227 
2127.0 95.00591715976331 
2178.0 95.00581395348837 
2071.0 95.0060606060606 
2116.0 95.00602409638554 
1575.0 95.01282051282051 
1532.0 95.01298701298701 
1714.0 95.01010101010101 
1489.0 95.01428571428572 
1525.0 95.01351351351352 
1678.0 95.01041666666667 
2251.0 95.00546448087432 
2220.0 95.00549450549451 
2595.0 95.00510204081633 
1801.0 95.00806451612904 
1827.0 95.0079365079365 
2263.0 95.00537634408602 
2289.0 95.00534759358288 
2624.0 95.00487804878048 
2650.0 95.00485436893204 
2060.0 95.00628930817611 
2036.0 95.00641025641026 
1861.0 95.00769230769231 
1842.0 95.0077519379845 
2605.0 95.00490196078431 
2704.0 95.00467289719626 
2687.0 95.00471698113208 
2671.0 95.00473933649289 
3043.0 95.00411522633745 
3027.0 95.00416666666666 
2203.0 95.00568181818181 
2663.0 95.0048309178744 
2945.0 95.00431034482759 
2190.0 95.00571428571429 
2208.0 95.00555555555556 
2301.0 95.00526315789473 
1869.0 95.0072463768116 
2596.0 95.0049504950495 
1836.0 95.0078125 
3036.0 95.00414937759336 
1671.0 95.01098901098901 
2923.0 95.00454545454545 
2931.0 95.00450450450451 
2185.0 95.00574712643679 
1474.0 95.01639344262296 
1799.0 95.00847457627118 
1480.0 95.01587301587301 
2939.0 95.00434782608696 
1720.0 95.00925925925925 
1793.0 95.00869565217391 
2669.0 95.00478468899522 
1580.0 95.01219512195122 
1582.0 95.01162790697674 
1676.0 95.01052631578948 
1792.0 95.00877192982456 
1528.0 95.01315789473684 
1455.0 109.02173913043478 
1483.0 95.015625 
1486.0 95.01470588235294 
2936.0 95.00446428571429 
2933.0 95.00448430493273 

1454.0 109.0204081632653 
3209.0 94.00353356890459 
1459.0 103.01960784313725 
1463.0 97.01851851851852 
1469.0 95.015625 
1467.0 97.01612903225806 
2573.0 95.0045871559633 
2375.0 95.00471698113208 
2750.0 95.00395256916995 
2920.0 95.00392156862745 
2955.0 94.003861003861 
3123.0 94.00384615384615 
2935.0 94.00389105058366 
2211.0 95.00564971751412 
2087.0 95.00578034682081 
2933.0 95.00389105058366 
1858.0 95.00714285714285 
1768.0 95.00719424460432 
1881.0 95.0068493150685 
1967.0 95.00666666666666 
1634.0 95.01123595505618 
1561.0 95.01162790697674 
2032.0 95.00662251655629 
2749.0 95.00409836065573 
2685.0 95.00411522633745 
2637.0 95.00444444444445 
1480.0 95.01408450704226 
1542.0 95.01388888888889 
1732.0 95.00840336134453 
1674.0 95.00884955752213 
2301.0 95.00490196078431 
2358.0 95.0047619047619 
2214.0 95.0054347826087 
2270.0 95.005291005291 
2669.0 95.00440528634361 
1643.0 95.00952380952381 
1662.0 95.00934579439253 
2057.0 95.00621118012423 
2284.0 95.00520833333333 
2043.0 95.00649350649351 
3159.0 94.00374531835206 
3145.0 94.00375939849624 
3172.0 94.0037037037037 
3194.0 94.0036496350365 
3182.0 94.00366300366301 
1863.0 95.00694444444444 
2680.0 95.0042372881356 
1757.0 95.0072463768116 
1874.0 95.00689655172414 
2369.0 95.00473933649289 
1742.0 95.008 
3124.0 94.00381679389314 
3134.0 94.00380228136882 
2290.0 95.00507614213198 
2070.0 95.00591715976331 
2299.0 95.0049504950495 
2079.0 95.00581395348837 
3202.0 94.00359712230215 
2040.0 95.00653594771242 
3137.0 94.00378787878788 
1476.0 95.01428571428572 
2926.0 95.00390625 
1745.0 95.00751879699249 
1751.0 95.00735294117646 
1667.0 95.0091743119266 
1672.0 95.009009009009 
2062.0 95.0060606060606 
1551.0 95.0125 
1637.0 95.01010101010101 
1555.0 95.01219512195122 
1557.0 95.01176470588236 
1641.0 95.01 
1543.0 95.01369863013699 
1547.0 95.01351351351352 
2066.0 95.00602409638554 
1549.0 95.01333333333334 
1635.0 95.01086956521739 
1642.0 95.00970873786407 

1447.0 109.02325581395348 
2912.0 94.00408163265305 
1453.0 101.02173913043478 
1451.0 103.02272727272727 
1456.0 97.02173913043478 
1449.0 107.02272727272727 
2590.0 94.00442477876106 
2869.0 94.00431034482759 
1458.0 95.02083333333333 
1448.0 109.02173913043478 
2433.0 94.00456621004567 
2576.0 94.00450450450451 
2176.0 95.00571428571429 
2045.0 95.00581395348837 
2246.0 95.0049751243781 
2272.0 94.00534759358288 
2311.0 94.00492610837438 
2403.0 94.00473933649289 
1910.0 95.0060606060606 
1992.0 95.0059880239521 
1619.0 95.0111111111111 
1561.0 95.01176470588236 
1641.0 95.00990099009901 
1688.0 95.00970873786407 
2001.0 95.00588235294117 
1726.0 95.00961538461539 
1491.0 95.01694915254237 
1515.0 95.01639344262296 
2222.0 95.00510204081633 
2893.0 94.00425531914894 
1835.0 95.00709219858156 
1551.0 95.0125 
1529.0 95.01351351351352 
2205.0 95.0054347826087 
1769.0 95.008 
1747.0 95.00833333333334 
1811.0 95.00735294117646 
1790.0 95.00769230769231 
1894.0 95.00632911392405 
1875.0 95.00641025641026 
1862.0 95.0068493150685 
1843.0 95.00699300699301 
2414.0 94.00471698113208 
1635.0 95.01075268817205 
1477.0 95.02 
1462.0 95.0204081632653 
1820.0 95.00719424460432 
2191.0 95.00549450549451 
1777.0 95.0077519379845 
2294.0 94.00526315789473 
2188.0 95.00558659217877 
2282.0 94.00531914893617 
1488.0 95.01785714285714 
1873.0 95.00662251655629 
1863.0 95.00671140939598 
2213.0 95.00523560209425 
1735.0 95.00877192982456 
1743.0 95.00854700854701 
2308.0 94.00502512562814 
2300.0 94.0050505050505 
2901.0 94.00418410041841 
2909.0 94.00411522633745 
1524.0 95.01388888888889 
1520.0 95.01612903225806 
1556.0 95.01204819277109 
2295.0 94.0051282051282 
1636.0 95.01063829787235 
1731.0 95.00952380952381 
1734.0 95.00943396226415 
1522.0 95.01538461538462 

