0.008142812402129659 0.5265129479281483 
0.862198559348575 0.15781295860674885 
0.010648293141246476 0.21080587794833403 
0.00845599749451926 0.47391457676631094 
0.009395552771688067 0.3686725417350653 
0.009708737864077669 0.31603872073265565 
0.6163482618227373 0.1578196982988343 
0.7560288130284999 0.15781894334623522 
0.011274663326025681 0.1581732569190453 
0.4368932038834951 0.15785740640247384 
0.3623551518947698 0.1578596043703941 
0.59849671155653 0.15782489992224205 
0.544942060757908 0.15782532254410053 
0.7914187284685249 0.15781362497480086 
0.8399624177889132 0.15781329060506652 
0.5277168806764798 0.15783257785497742 
0.47979956154087067 0.15783455009559771 
0.25524585029752583 0.15788307211483701 
0.2950203570310053 0.1578820634417792 
0.3191356091450047 0.1578735162648148 
0.3476354525524585 0.15786830103819233 
0.1252740369558409 0.1579702214670394 
0.09802693391794551 0.15797263064384304 
0.05950516755402443 0.15802557650615612 
0.03695584090197307 0.15803663347338642 
0.19135609145004698 0.15791747317491694 
0.21390541810209834 0.15791454271424352 
0.29846539304729097 0.15787626357169612 
0.14594425305355466 0.1579318300689423 
0.1666144691512684 0.15792846240244232 
0.07516442217350454 0.1579854065814382 
0.09489508299404949 0.15797759071373302 
0.01534606952709051 0.1581182763324285 
0.03445036016285625 0.15804445980410045 
0.7754462887566552 0.1578178320447413 
0.7594738490447854 0.15781819970378747 
0.5997494519260883 0.15782203365804165 
0.6116504854368932 0.1578216368883571 
0.07328531161916693 0.15800876829589794 
0.061697463200751645 0.15801198053163612 
0.5393047290948951 0.1578266110253765 
0.24929533354212338 0.15789863449915878 
0.23864704040087692 0.15789986030340333 
0.12871907297212654 0.15795248310331675 
0.1390541810209834 0.15795044085749338 
0.1819605386783589 0.1579204931153055 
0.17726276229251486 0.1579236066972566 
0.21672408393360476 0.15791169781446543 
0.22486689633573442 0.1579089347823072 
0.16911994989038523 0.157926818344781 
0.4572502348888193 0.1578479998145603 
0.450360162856248 0.15784990574626973 
0.23269652364547447 0.15790236298706922 
0.7882868775446289 0.15781430093088222 
0.22987785781396805 0.15790625013403972 
0.4704040087691826 0.15784090307344875 
0.47541497024741625 0.1578355622807619 
0.35108048856874413 0.15786421768767794 
0.35577826495458814 0.15786342779364398 
0.7813968055120576 0.15781533330017053 
0.7860945818979017 0.1578149866834289 
0.445662386470404 0.15785186914325688 
0.1415596617601002 0.15793890216859177 
0.4600689007203257 0.15784554368565892 
0.3595364860632634 0.15786264648541473 
0.46382712182900093 0.1578449442732485 
0.7788913247729408 0.1578160341516045 
0.4400250548073912 0.15785458098046304 
0.4766677106169746 0.1578350539684753 
0.29564672721578455 0.15788106714507788 
0.46445349201378017 0.15784435054247214 
0.4672721578452866 0.15784376241292972 
0.0955214531788287 0.15797508660077866 
0.14375195740682745 0.15793709030835085 
0.3488881929220169 0.15786746601595242 
0.3601628562480426 0.1578618736237609 
0.44096461008455995 0.15785389264423347 
0.4431569057312872 0.15785321129618907 
0.12683996241778892 0.1579545618178154 
0.13968055120576262 0.1579484341289887 
0.6132164108988413 0.15782085250521177 
0.6150955214531788 0.15782046482158826 
0.14437832759160665 0.15793355497129583 
0.2530535546507986 0.15788723530045168 
0.2514876291888506 0.15789274741298454 
0.013153773880363295 0.15813725772542703 
0.014406514249921704 0.15813073287158386 
0.060131537738803635 0.15801862401918587 
0.035703100532414656 0.15804049891721475 
0.06138427810836204 0.15801526495244725 
0.254306295020357 0.1578851275240872 
0.468524898214845 0.1578431798057303 
0.4691512683996242 0.15784203085013693 
0.2505480739116818 0.15789389364035877 
0.4444096461008456 0.1578525368304479 
0.012214218603194488 0.15815094922201642 
0.07422486689633573 0.15799088574642758 
0.07359849671155654 0.15799954166133096 
0.1262135922330097 0.15796326162293964 
0.1255872220482305 0.1579655382074585 

0.7403695584090197 0.1315134261922767 
0.00845599749451926 0.5264589428035523 
0.009395552771688067 0.47391457676631094 
0.013780144065142498 0.316007401434208 
0.009708737864077669 0.36870119991665135 
0.016285624804259317 0.21079763602769 
0.01691199498903852 0.1582355143480081 
0.010335108048856874 0.3160653125898285 
0.6520513623551519 0.13151544140589116 
0.39336047604134045 0.13154299743685746 
0.4550579392420921 0.1315423430037556 
0.21108675227059193 0.15789623225191457 
0.21735045411838397 0.13160209559131977 
0.607892264328218 0.13151753787811934 
0.5289696210460382 0.13152485384327411 
0.563733166301284 0.13152293185242853 
0.2223614155966176 0.13158684445468422 
0.2524271844660194 0.13158118677496464 
0.3241465706232383 0.13155600699159756 
0.35202004384591296 0.13155289837636674 
0.2940808017538365 0.13155842962748943 
0.3210147196993423 0.13155680561374236 
0.37519574068274353 0.13155139367431368 
0.35389915440025055 0.1315521420020727 
0.18697150015659256 0.1579089347823072 
0.20482305042279988 0.15790625013403972 
0.5020357031005324 0.13153733298957854 
0.5067334794863765 0.13153269237736834 
0.5242718446601942 0.13152786439530678 
0.4844973379267147 0.1315379381655699 
0.17037269025994362 0.1579159970100254 
0.0955214531788287 0.1579702214670394 
0.111807077983088 0.15796785774640182 
0.04384591293454432 0.15805268240472456 
0.05950516755402443 0.15804049891721475 
0.5790792358283746 0.1315210739279441 
0.06482931412464767 0.15801862401918587 
0.07986219855934858 0.15801198053163612 
0.28719072972126525 0.13156441109672645 
0.27341058565612275 0.1315653055687344 
0.3896022549326652 0.13154637028438262 
0.3764484810523019 0.13154992065019852 
0.2652677732539931 0.13157588270022755 
0.5909802693391795 0.1315197206249248 
0.603194487942374 0.13151796735785518 
0.12809270278734733 0.1579445235811336 
0.1559661760100219 0.1579251999755207 
0.12308174130911369 0.15796326162293964 
0.139367366113373 0.1579407444802649 
0.14469151268399624 0.15793709030835085 
0.166927654243658 0.1579204931153055 
0.4641403069213905 0.1315416950501893 
0.4744754149702474 0.1315385491886724 
0.02067021609771375 0.15813725772542703 
0.030065768869401818 0.15813073287158386 
0.5862824929533355 0.13152016799782362 
0.09019730660820545 0.15799088574642758 
0.0836204196680238 0.15799954166133096 
0.038208581271531476 0.15810655253087055 
0.03351080488568744 0.1581244087824743 
0.2912621359223301 0.13156178901592636 
0.2693391794550579 0.1315680528756157 
0.06326338866269965 0.15802917544058803 
0.26996554963983715 0.13156712626915282 
0.2214218603194488 0.13159542988474857 
0.2079549013466959 0.15789986030340333 
0.1243344816786721 0.15795248310331675 
0.12746633260256812 0.15795044085749338 
0.21829000939555276 0.13159672547278603 
0.04071406201064829 0.15807518344021548 
0.08080175383651739 0.15800876829589794 
0.1675540244284372 0.15791897170594288 
0.09082367679298466 0.15798014441308222 
0.09332915753210147 0.15797508660077866 
0.018791105543376135 0.15815094922201642 
0.012840588787973693 0.31603047881201163 
0.011587848418415283 0.31603872073265565 
0.017851550266207328 0.1581812146355292 
0.010648293141246476 0.3160561203429045 
0.038834951456310676 0.1580954986608303 
0.03946132164108988 0.1580902052582757 
0.04008769182586909 0.15808005352734908 
0.1237081114938929 0.1579588326312403 

0.009395552771688067 0.6843536704777813 
0.7143751957406828 0.13150344313406287 
0.009708737864077669 0.5528689917345851 
0.6229251487629189 0.1578274876150971 
0.47572815533980584 0.1578279313210052 
0.01252740369558409 0.4739241225611934 
0.013780144065142498 0.3160847785244905 
0.014093329157532102 0.2108519357401689 
0.012840588787973693 0.3687334403709357 
0.4738490447854682 0.15783020577986123 
0.4049483244597557 0.15783257785497742 
0.01096147823363608 0.5528487546494346 
0.011274663326025681 0.5002323332572738 
0.014406514249921704 0.2108420156003893 
0.014719699342311305 0.15821604841334608 
0.013153773880363295 0.36871151686202236 
0.013466958972752897 0.31609509546986153 
0.6464140306921391 0.15781931939270022 
0.7031005324146571 0.1578174671192201 
0.35327278421547137 0.1578350539684753 
0.40119010335108046 0.1578330645393545 
0.23864704040087692 0.15786342779364398 
0.28405887879736924 0.15786110907244713 
0.7090510491700595 0.13150541427872045 
0.7071719386157219 0.15781638844231075 
0.31569057312871907 0.15783711444863668 
0.3501409332915753 0.15783659246032908 
0.21139993736298152 0.15786582380554703 
0.1688067647979956 0.1578851275240872 
0.1954274976511118 0.1578735162648148 
0.08205449420607579 0.1579588326312403 
0.10616974632007517 0.1579545618178154 
0.15659254619480112 0.1579103062874002 
0.13560914500469778 0.15791169781446543 
0.1262135922330097 0.15795044085749338 
0.07516442217350454 0.15798811820900938 
0.05637331663012841 0.15801198053163612 
0.05386783589101159 0.15803286006393466 
0.04008769182586909 0.15804049891721475 
0.015659254619480114 0.1581894565561732 
0.028813028499843407 0.1581812146355292 
0.19918571875978702 0.15786830103819233 
0.15721891637958033 0.15790236298706922 
0.16630128405887878 0.15789623225191457 
0.6235515189476981 0.15782574857419976 
0.632320701534607 0.1578232427121193 
0.30660820544942063 0.15783924985534875 
0.31475101785155024 0.15783870875681552 
0.637018477920451 0.15782085250521177 
0.641716254306295 0.15782046482158826 
0.12997181334168492 0.1579484341289887 
0.7128092702787348 0.13150507990898613 
0.03351080488568744 0.15815813725772557 
0.030065768869401818 0.15816556895566217 
0.3053554650798622 0.15784203085013693 
0.2890698402756029 0.1578525368304479 
0.29564672721578455 0.1578479998145603 
0.30191042906357657 0.15784554368565892 
0.29877857813968056 0.15784737684011832 
0.2922016911994989 0.15785186914325688 
0.2925148762918885 0.157850553699836 
0.633886626996555 0.15782203365804165 
0.7062323833385531 0.15781674534770873 
0.3025367992483558 0.1578431798057303 
0.13185092389602254 0.1579236066972566 
0.13435640463513937 0.15791747317491694 
0.28719072972126525 0.15785527641294259 
0.28499843407453807 0.1578596043703941 
0.08017538365173818 0.15796326162293964 
0.03852176636392108 0.15807518344021548 
0.16786720952082682 0.15789505515076463 
0.03695584090197307 0.15808505889468086 
0.07860945818979016 0.15796785774640182 
0.47541497024741625 0.15782882977944143 
0.03382398997807704 0.1581123269405932 
0.038834951456310676 0.15804851971315867 
0.035076730347635456 0.15810655253087055 
0.7140620106482931 0.13150376589459165 
0.03601628562480426 0.1580902052582757 
0.07673034763545256 0.15797263064384304 
0.0548073911681804 0.15802206030584925 
0.0554337613529596 0.15801526495244725 
0.13091136861885375 0.15793890216859177 
0.07610397745067335 0.15798274918641853 
0.07766990291262135 0.1579702214670394 
0.13153773880363295 0.157935308150737 
0.015032884434700909 0.15820685616642205 
0.3059818352646414 0.1578414643511988 
0.07641716254306295 0.15798014441308222 

0.01096147823363608 0.5264805187007878 
0.6580018791105543 0.1578149866834289 
0.01252740369558409 0.5264522074705527 
0.012840588787973693 0.3686029432940703 
0.013780144065142498 0.36858396190107173 
0.014093329157532102 0.2107896783112061 
0.4722831193235202 0.15782574857419976 
0.6348261822737238 0.15782532254410053 
0.015032884434700909 0.21072297392303138 
0.01534606952709051 0.1580954986608303 
0.46163482618227375 0.15782882977944143 
0.41152521139993736 0.15782974327483879 
0.2505480739116818 0.1578581313462789 
0.2953335421233949 0.15785458098046304 
0.3445036016285625 0.15785120813293788 
0.3041027247103038 0.1578525368304479 
0.10272471030378955 0.157935308150737 
0.12871907297212654 0.1579318300689423 
0.06326338866269965 0.15802206030584925 
0.041966802380206704 0.15802557650615612 
0.07328531161916693 0.15798014441308222 
0.09395552771688068 0.15797263064384304 
0.018791105543376135 0.15806133215343263 
0.038834951456310676 0.15805268240472456 
0.3820858127153148 0.15783979589542155 
0.39931099279674287 0.1578350539684753 
0.17225180081428124 0.15790364058082895 
0.1553398058252427 0.15790625013403972 
0.19198246163482618 0.15788307211483701 
0.2079549013466959 0.1578820634417792 
0.22486689633573442 0.15788008299833597 
0.21046038208581272 0.15788106714507788 
0.3698715941121203 0.15784260264345787 
0.359849671155653 0.15784435054247214 
0.36924522392734105 0.1578431798057303 
0.13341684935797057 0.15792203793096596 
0.1531475101785155 0.1579103062874002 
0.140933291575321 0.15791897170594288 
0.14563106796116504 0.1579159970100254 
0.35076730347635454 0.15784614886165033 
0.3579705606013154 0.15784554368565892 
0.40588787973692453 0.1578335554374494 
0.1819605386783589 0.15788939747104505 
0.18853742561854056 0.15788723530045168 
0.24647666771061696 0.15786746601595242 
0.24021296586282492 0.15786830103819233 
0.46789852803006576 0.1578279313210052 
0.1782023175696837 0.15789742525983655 
0.6495458816160351 0.15781857012718728 
0.2345756341998121 0.15787173766151597 
0.29877857813968056 0.15785389264423347 
0.30347635452552457 0.15785321129618907 
0.23050422799874726 0.15787442126002263 
0.6382712182900094 0.15782283653316762 
0.6423426244910743 0.15782203365804165 
0.6536172878170999 0.15781819970378747 
0.0689007203257125 0.1579854065814382 
0.07265894143438772 0.15798274918641853 
0.3479486376448481 0.15784990574626973 
0.4688380833072346 0.1578266110253765 
0.22611963670529284 0.157878150276422 
0.22925148762918884 0.15787626357169612 
0.6454744754149703 0.1578216368883571 
0.24929533354212338 0.1578618736237609 
0.40745380519887253 0.1578306721878798 
0.41027247103037895 0.15783020577986123 
0.6551832132790479 0.1578174671192201 
0.635452552458503 0.15782448066788826 
0.6379580331976198 0.1578232427121193 
0.0970873786407767 0.15795248310331675 
0.09927967428750391 0.15794646199925144 
0.09489508299404949 0.1579702214670394 
0.19072972126526777 0.15788617474209107 
0.6476667710616975 0.15782008009738174 
0.10084559974945193 0.15793890216859177 
0.06388975884747886 0.1580056258913715 
0.13185092389602254 0.15792846240244232 
0.06545568430942687 0.15799659561310062 
0.1788286877544629 0.15789274741298454 
0.06733479486376448 0.15798811820900938 
0.1803946132164109 0.1578904996164453 
0.13028499843407454 0.15793013276502613 
0.6545568430942688 0.1578178320447413 
0.03946132164108988 0.15803663347338642 
0.04071406201064829 0.15802917544058803 
0.016285624804259317 0.15808505889468086 
0.06639523958659568 0.15799088574642758 
0.017225180081428124 0.15807518344021548 
0.017851550266207328 0.15807044322207206 
0.01816473535859693 0.1580658277465111 
0.19135609145004698 0.15788409339630793 
0.46821171312245535 0.15782704753127816 
0.03914813654870028 0.15804851971315867 
0.06357657375508925 0.15801526495244725 

0.010021922956467273 0.6843151631436245 
0.40400876918258694 0.10525187964603151 
0.012214218603194488 0.23719238689053368 
0.01096147823363608 0.39505331250792763 
0.011901033510804886 0.3949807524311457 
0.010335108048856874 0.5529546463740608 
0.2925148762918885 0.18419230409238835 
0.29783902286251174 0.10532248077643096 
0.21390541810209834 0.18423341067160112 
0.17162543062950203 0.18424351884681742 
0.08048856874412778 0.23692122770134183 
0.09489508299404949 0.18445915991809683 
0.0692139054181021 0.2369904598347523 
0.04227998747259631 0.23699507531031327 
0.1240212965862825 0.18428835510916264 
0.14813654870028187 0.18428580140981343 
0.2367679298465393 0.1842021043364392 
0.3504541183839649 0.10527863375860383 
0.32821797682430315 0.10527981085975377 
0.2590040714062011 0.18419982686505496 
0.2815533980582524 0.1841943854381715 
0.26558095834638273 0.1841987103125257 
0.3742561854055747 0.10526767200414713 
0.3896022549326652 0.1052666507226762 
0.35108048856874413 0.10527297607888424 
0.3651738177262762 0.10527081390829086 
0.027247103037895397 0.23703118461911177 
0.040400876918258694 0.237025577583584 
0.12276855621672408 0.184299096442508 
0.016285624804259317 0.23707558131025763 
0.025681177575947386 0.23706862514666782 
0.11337300344503602 0.18431697899197835 
0.10115878484184153 0.18433738613666845 
0.1096147823363608 0.18433027100192967 
0.23113059818352646 0.18421057368314964 
0.2192295646727216 0.18422870381138592 
0.07422486689633573 0.23696513100545596 
0.30660820544942063 0.10530877858335991 
0.31130598183526464 0.10530718530509581 
0.15753210147196994 0.18427374890353893 
0.1525211399937363 0.18428329729685905 
0.1531475101785155 0.18428084133992345 
0.22330097087378642 0.18422568387099736 
0.3999373629815221 0.10525272415716073 
0.39617914187284686 0.10525709487265397 
0.22486689633573442 0.1842185169834806 
0.22862511744440964 0.18421579356622417 
0.32195427497651113 0.10528982874187891 
0.3181960538678359 0.10529116147798295 
0.3053554650798622 0.10531204101028149 
0.3169433134982775 0.10529527642230463 
0.30191042906357657 0.10531888675857619 
0.3134982774819919 0.10529668841300308 
0.3927341058565612 0.1052656420496184 
0.15909802693391795 0.1842670433273207 
0.16160350767303477 0.1842627725138958 
0.1675540244284372 0.1842489551763453 
0.17005950516755403 0.18424530100443126 
0.07641716254306295 0.23693661261987733 
0.16285624804259316 0.18425467269533186 
0.07860945818979016 0.23692718315367828 
0.3228938302536799 0.10528721918866815 
0.32508612590040714 0.10528594159490841 
0.1650485436893204 0.184252734277214 
0.29971813341684933 0.10532066891619005 
0.32602568117757597 0.10528221310699797 
0.09583463827121828 0.18440370935691072 
0.0977137488255559 0.18439326959076124 
0.1114938928906984 0.18432347564852763 
0.1099279674287504 0.18432683471526629 
0.013466958972752897 0.23718120142680238 
0.09896648919511432 0.1843882642234295 
0.09990604447228311 0.18435267050018084 
0.015032884434700909 0.23708276934596678 
0.041027247103037894 0.23700969098292207 
0.07986219855934858 0.2369241737495722 
0.16630128405887878 0.1842508287136403 
0.014093329157532102 0.2371140886444144 
0.026620732853116193 0.23706188981366824 
0.31224553711243347 0.10530407172314471 
0.16254306295020357 0.1842586515535738 
0.31318509238960224 0.10529812132208272 
0.09520826808643909 0.18441476322695097 
0.3175696836830567 0.10529251339014639 
0.32539931099279673 0.10528343891124253 
0.026933917945505793 0.23705536495982507 

0.008142812402129659 0.6845102669700198 
0.48324459755715626 0.26307487363445853 
0.1277795176949577 0.2631853258876384 
0.011274663326025681 0.36866368375166586 
0.009395552771688067 0.6317936238228264 
0.010335108048856874 0.5265309981584717 
0.010648293141246476 0.47391457676631094 
0.22611963670529284 0.26312789793508623 
0.4572502348888193 0.2630808425988819 
0.011901033510804886 0.31603872073265565 
0.009082367679298466 0.631879278462302 
0.4049483244597557 0.26308339648415763 
0.3210147196993423 0.263100308800274 
0.27121829000939557 0.26310635904913643 
0.1249608518634513 0.2894914943378954 
0.37676166614469153 0.26308882183629767 
0.3454431569057313 0.26308953179448785 
0.014093329157532102 0.3160148331321446 
0.014719699342311305 0.28976664768863053 
0.08925775133103664 0.28952119789348424 
0.11212026307547761 0.2895161400811807 
0.3886626996554964 0.26308605408051067 
0.2555590353899154 0.2631119535649674 
0.06608205449420608 0.2895596774995879 
0.0848731600375822 0.28954982177629995 
0.22893830253679925 0.2631222402553667 
0.24397118697150016 0.2631169361806296 
0.015972439711869714 0.2896991907381276 
0.028186658315064204 0.2896654622628763 
0.04071406201064829 0.28963655214123235 
0.030065768869401818 0.28964199897574483 
0.46789852803006576 0.26307960266907443 
0.26558095834638273 0.26311004405956423 
0.3304102724710304 0.26309548926973636 
0.24616348261822737 0.26311390992939954 
0.47416222987785783 0.26307660519725135 
0.39649232696523645 0.2630853796147695 
0.3376135295959912 0.26309170674576887 
0.05731287190729721 0.2895739135443367 
0.06451612903225806 0.28956662998655813 
0.054494206075790794 0.2896114967024741 
0.04791731913560914 0.2896162369206175 
0.26871280927027874 0.26310726404434426 
0.043532727842154714 0.2896261123750829 
0.11713122455371125 0.28949988611164235 
0.12151581584716567 0.28949773146703145 
0.4713435640463514 0.2630789916459719 
0.11462574381459442 0.28951127494744144 
0.12245537112433448 0.28949561529821743 
0.08675227059191983 0.28954667937177353 
0.08737864077669903 0.2895319392268296 
0.056060131537738804 0.2895980053123734 
0.012840588787973693 0.3160225210955277 
0.11587848418415284 0.28950891122680383 
0.02943939868462261 0.2896476060112726 

0.005950516755402443 0.5792927018922583 
0.549639837143752 0.15782448066788826 
0.011587848418415283 0.3159799970480663 
0.012214218603194488 0.18448942533160959 
0.008769182586908864 0.42132793825418313 
0.008142812402129659 0.5265405439533541 
0.3886626996554964 0.1578449442732485 
0.3166301284058879 0.1578479998145603 
0.009395552771688067 0.3686725417350653 
0.010648293141246476 0.36866368375166586 
0.01096147823363608 0.31604726235950503 
0.007829627309740057 0.5791879404758477 
0.5493266520513623 0.15782574857419976 
0.49107422486689634 0.1578266110253765 
0.44691512683996243 0.15783870875681552 
0.3943000313185092 0.15784034694503604 
0.2759160663952396 0.157850553699836 
0.012840588787973693 0.1581182763324285 
0.1252740369558409 0.157935308150737 
0.09990604447228311 0.15793709030835085 
0.24303163169433134 0.15786582380554703 
0.2229877857813968 0.1578666403235698 
0.042593172564985904 0.15802557650615612 
0.06201064829314125 0.15798014441308222 
0.20357031005324147 0.15786914554932155 
0.09082367679298466 0.15796326162293964 
0.07171938615721891 0.15797508660077866 
0.15471343564046353 0.15791310980516388 
0.17381772627622924 0.15790236298706922 
0.13968055120576262 0.15791454271424352 
0.45098653304102726 0.15783764111845336 
0.014719699342311305 0.15808505889468086 
0.028186658315064204 0.15807518344021548 
0.46163482618227375 0.1578355622807619 
0.24585029752583776 0.1578618736237609 
0.25618540557469466 0.15786110907244713 
0.18947698089570936 0.15789161616897454 
0.1794550579392421 0.15789274741298454 
0.2680864390854995 0.15785458098046304 
0.25806451612903225 0.15785740640247384 
0.07015346069527091 0.15797759071373302 
0.13748825555903538 0.15792203793096596 
0.13028499843407454 0.157926818344781 
0.2709051049170059 0.15785186914325688 
0.19229564672721577 0.1578851275240872 
0.036642655809583466 0.15803663347338642 
0.1969934231130598 0.15788008299833597 
0.0413404321954275 0.15802917544058803 
0.4854368932038835 0.1578279313210052 
0.4901346695897275 0.15782704753127816 
0.09238960225493266 0.1579484341289887 
0.09646100845599749 0.1579445235811336 
0.4691512683996242 0.15783161691220693 
0.473222674600689 0.1578311425485089 
0.4688380833072346 0.1578330645393545 
0.46507986219855935 0.1578335554374494 
0.4851237081114939 0.15782882977944143 
0.47698089570936425 0.1578306721878798 
0.48073911681803944 0.15783020577986123 
0.48136548700281867 0.15782974327483879 
0.12840588787973692 0.1579318300689423 
0.46445349201378017 0.1578350539684753 
0.17694957720012527 0.15789742525983655 
0.03288443470090824 0.15804445980410045 
0.03538991544002505 0.15804049891721475 
0.17444409646100845 0.15790110301529267 
0.39179455057939244 0.15784090307344875 
0.19981208894456623 0.15787533696523323 
0.09802693391794551 0.15793890216859177 
0.19887253366739743 0.15787626357169612 
0.39054181020983403 0.1578414643511988 
0.007516442217350454 0.5792107873804905 
0.02943939868462261 0.15807044322207206 
0.031631694331349824 0.15804851971315867 
0.12903225806451613 0.15793013276502613 
0.20106482931412464 0.1578735162648148 
0.20169119949890385 0.15787262179280687 
0.20294393986846226 0.15786999971200674 
0.25743814594425307 0.1578581313462789 
0.013780144065142498 0.1581123269405932 
0.030378953961791418 0.15806133215343263 
0.03131850923896023 0.15805695183197138 
0.46476667710616976 0.15783455009559771 

0.0065768869401816475 0.6055571627922807 
0.6022549326652051 0.15782365210197158 
0.010648293141246476 0.3160653125898285 
0.009708737864077669 0.47394435964634396 
0.011901033510804886 0.210781990347823 
0.007516442217350454 0.5266192437289408 
0.5108048856874413 0.1578261780539356 
0.5975571562793611 0.15782532254410053 
0.013466958972752897 0.15819799818302263 
0.009082367679298466 0.5265607810385048 
0.01252740369558409 0.21076737061417722 
0.4005637331663013 0.15784090307344875 
0.46633260256811776 0.15783979589542155 
0.14124647666771062 0.15790110301529267 
0.18979016598809897 0.15788939747104505 
0.3163169433134983 0.15785527641294259 
0.3560914500469778 0.15785458098046304 
0.274036955840902 0.15785740640247384 
0.29940494832445974 0.15785597905197604 
0.07359849671155654 0.15801526495244725 
0.049796429689946756 0.15802206030584925 
0.11243344816786721 0.1579588326312403 
0.09270278734732226 0.15796102681061414 
0.47917319135609143 0.1578306721878798 
0.49577200125274035 0.15783020577986123 
0.21891637958033197 0.15787533696523323 
0.23488881929220168 0.15787262179280687 
0.20137801440651426 0.15787911078064581 
0.21547134356404635 0.157878150276422 
0.04603820858127153 0.15805695183197138 
0.032571249608518635 0.15806133215343263 
0.08957093642342624 0.1579854065814382 
0.019104290635765738 0.1580954986608303 
0.030378953961791418 0.15807518344021548 
0.07829627309740056 0.15799371094087522 
0.25775133103664266 0.15786342779364398 
0.248042593172565 0.15786421768767794 
0.3654870028186658 0.15785389264423347 
0.11681803946132165 0.1579318300689423 
0.1249608518634513 0.15792846240244232 
0.2615095521453179 0.15786110907244713 
0.26965236454744757 0.15786035269815307 
0.3745693704979643 0.1578479998145603 
0.38271218290009396 0.15784737684011832 
0.19793297839022864 0.1578851275240872 
0.19041653617287818 0.1578883094557147 
0.13560914500469778 0.15792203793096596 
0.12965862824929533 0.1579236066972566 
0.36861885374256187 0.15784862889659512 
0.39962417788913246 0.15784260264345787 
0.3943000313185092 0.15784376241292972 
0.3892890698402756 0.15784435054247214 
0.5057939242092077 0.1578279313210052 
0.500782962730974 0.15782928462402449 
0.24271844660194175 0.15786914554932155 
0.3867835891011588 0.15784675988475277 
0.4751017851550266 0.1578330645393545 
0.23864704040087692 0.15786999971200674 
0.24428437206388975 0.15786582380554703 
0.27341058565612275 0.1578581313462789 
0.13811462574381458 0.1579103062874002 
0.36580018791105545 0.15784990574626973 
0.1277795176949577 0.1579251999755207 
0.5036016285624805 0.15782882977944143 
0.07610397745067335 0.15800876829589794 
0.46821171312245535 0.15783924985534875 
0.4707171938615722 0.1578381725330437 
0.23708111493892892 0.1578708636926536 
0.014406514249921704 0.15815094922201642 
0.11619166927654244 0.15794261801755988 
0.016285624804259317 0.15813725772542703 
0.473222674600689 0.15783405060422315 
0.09145004697776386 0.15796326162293964 
0.11431255872220482 0.1579484341289887 
0.3886626996554964 0.15784554368565892 
0.047604134043219545 0.15804049891721475 
0.048230504227998745 0.15802557650615612 
0.07766990291262135 0.15799659561310062 
0.11399937362981521 0.15795044085749338 
0.03131850923896023 0.1580658277465111 
0.00845599749451926 0.5266065344484111 
0.017225180081428124 0.15813073287158386 
0.01816473535859693 0.15810655253087055 
0.4722831193235202 0.15783711444863668 
0.4713435640463514 0.15783764111845336 

0.008142812402129659 0.5265715190836868 
0.5577826495458816 0.13150441825862816 
0.009708737864077669 0.36870119991665135 
0.01096147823363608 0.21082327755858288 
0.012840588787973693 0.15813073287158386 
0.012214218603194488 0.21076041445058744 
0.35859693078609456 0.15784034694503604 
0.2965862824929533 0.15784376241292972 
0.4140306921390542 0.15782365210197158 
0.4672721578452866 0.15782283653316762 
0.47823363607892266 0.13151303248645088 
0.5308487316003758 0.13151264180913136 
0.4719699342311306 0.13151382296196124 
0.24522392734105858 0.15786830103819233 
0.2063889758847479 0.15787173766151597 
0.4713435640463514 0.15782203365804165 
0.13466958972752896 0.15790758287014375 
0.10648293141246477 0.1579089347823072 
0.14187284685248983 0.15789986030340333 
0.1688067647979956 0.15789505515076463 
0.06451612903225806 0.15801526495244725 
0.0416536172878171 0.15802557650615612 
0.18916379580331977 0.15789389364035877 
0.4137175070466646 0.1578274876150971 
0.39367366113373004 0.1578279313210052 
0.3786407766990291 0.15783659246032908 
0.016285624804259317 0.1580902052582757 
0.035703100532414656 0.15808505889468086 
0.09520826808643909 0.1579407444802649 
0.07704353272784216 0.15795248310331675 
0.27341058565612275 0.15784862889659512 
0.2912621359223301 0.1578449442732485 
0.24616348261822737 0.15786264648541473 
0.2637018477920451 0.15785886396144727 
0.3886626996554964 0.1578355622807619 
0.06733479486376448 0.1579702214670394 
0.07328531161916693 0.1579655382074585 
0.1969934231130598 0.15788307211483701 
0.2680864390854995 0.15785668901016622 
0.1926088318196054 0.1578904996164453 
0.5421233949264015 0.13150998900770708 
0.5377388036329471 0.13151035943110687 
0.5461948011274663 0.13150889420077017 
0.5530848731600376 0.13150747175088112 
0.5493266520513623 0.1315078234555241 
0.136235515189477 0.15790236298706922 
0.39210773567178203 0.1578311425485089 
0.10303789539617914 0.1579103062874002 
0.13968055120576262 0.15790110301529267 
0.29470717193861573 0.15784435054247214 
0.09834011901033511 0.15793013276502613 
0.5311619166927655 0.13151186940130133 
0.5342937676166615 0.13151148760275388 
0.26996554963983715 0.15785321129618907 
0.20106482931412464 0.15787533696523323 
0.27278421547134357 0.15784990574626973 
0.20388349514563106 0.15787262179280687 
0.5555903538991545 0.1315060902348018 
0.19166927654243657 0.15789161616897454 
0.5352333228938303 0.13151110869661983 
0.015032884434700909 0.1580954986608303 
0.4691512683996242 0.15782243352748915 
0.09927967428750391 0.15791747317491694 
0.10115878484184153 0.15791310980516388 
0.07485123708111494 0.15796102681061414 
0.07641716254306295 0.1579566779866294 
0.19855934857500782 0.15787911078064581 
0.03852176636392108 0.15804851971315867 
0.06545568430942687 0.1579854065814382 
0.03977450673347949 0.15804049891721475 
0.040400876918258694 0.15802917544058803 
0.06670842467898529 0.15798274918641853 
0.03601628562480426 0.15808005352734908 
0.037269025994362666 0.15807518344021548 
0.19981208894456623 0.157878150276422 
0.03789539617914187 0.15807044322207206 
0.06482931412464767 0.1580056258913715 
0.06702160977137488 0.15797508660077866 

0.005950516755402443 0.5266464356779803 
0.46476667710616976 0.13151883683519774 
0.007829627309740057 0.31614084887976784 
0.007203257124960852 0.36878326652755705 
0.008769182586908864 0.21090800609544622 
0.0065768869401816475 0.47401610931187865 
0.3639210773567178 0.13152786439530678 
0.45129971813341685 0.13152485384327411 
0.009395552771688067 0.15826775480229247 
0.006263701847792045 0.5266065344484111 
0.31475101785155024 0.13153158519934113 
0.3595364860632634 0.13152996183696328 
0.2342624491074225 0.15786999971200674 
0.1932352020043846 0.15787262179280687 
0.25618540557469466 0.157850553699836 
0.2643282179768243 0.1315521420020727 
0.2765424365800188 0.13154105348040201 
0.3053554650798622 0.13153613984639173 
0.15095521453178828 0.15787911078064581 
0.17663639210773568 0.1578772012752426 
0.05981835264641403 0.15801198053163612 
0.0416536172878171 0.15802917544058803 
0.06670842467898529 0.15798014441308222 
0.08142812402129658 0.15797508660077866 
0.1794550579392421 0.15787442126002263 
0.09332915753210147 0.15797263064384304 
0.01973066082054494 0.15816556895566217 
0.027247103037895397 0.15815094922201642 
0.2486689633573442 0.15785389264423347 
0.4588161603507673 0.13152340621612654 
0.12746633260256812 0.15790625013403972 
0.03852176636392108 0.15804851971315867 
0.031631694331349824 0.15807518344021548 
0.24334481678672096 0.15786264648541473 
0.10679611650485436 0.15793013276502613 
0.09990604447228311 0.15793890216859177 
0.11994989038521767 0.15791310980516388 
0.11337300344503602 0.15792203793096596 
0.14594425305355466 0.15788617474209107 
0.1399937362981522 0.1578883094557147 
0.13592233009708737 0.15789986030340333 
0.12997181334168492 0.15790364058082895 
0.3088005010961478 0.1315355517168493 
0.06482931412464767 0.15800255106543706 
0.01534606952709051 0.1582458312933791 
0.010648293141246476 0.15825656933856114 
0.12276855621672408 0.1579089347823072 
0.2389602254932665 0.15786421768767794 
0.10930159724397119 0.1579236066972566 
0.27121829000939557 0.13154992065019852 
0.2380206702160977 0.1578666403235698 
0.2674600689007203 0.13155139367431368 
0.018791105543376135 0.1581894565561732 
0.139367366113373 0.15789389364035877 
0.136235515189477 0.15789623225191457 
0.24585029752583776 0.15785740640247384 
0.09614782336360789 0.15795044085749338 
0.09865330410272471 0.1579445235811336 
0.27560288130285 0.1315436584471765 
0.27309740056373316 0.1315443261343675 
0.4613216410898841 0.13152153257875837 
0.46382712182900093 0.1315197206249248 
0.030065768869401818 0.15808505889468086 
0.028813028499843407 0.1581439930584266 
0.04008769182586909 0.15803663347338642 
0.27153147510178516 0.13154637028438262 
0.06514249921703727 0.15799954166133096 
0.09489508299404949 0.1579702214670394 
0.09583463827121828 0.15796785774640182 
0.02943939868462261 0.1581244087824743 

