661.0 6.111111111111111 
1007.0 4.043478260869565 
681.0 4.111111111111111 
878.0 4.052631578947368 
887.0 4.05 
1004.0 4.045454545454546 
762.0 4.055555555555555 
723.0 4.083333333333333 
731.0 4.0588235294117645 
691.0 4.1 
727.0 4.066666666666666 
729.0 4.0625 

781.0 4.055555555555555 
673.0 6.125 
685.0 4.090909090909091 
676.0 6.111111111111111 
745.0 4.0588235294117645 
696.0 4.076923076923077 
722.0 4.066666666666666 
726.0 4.0625 
690.0 4.083333333333333 

680.0 4.125 
788.0 4.052631578947368 
715.0 4.083333333333333 
682.0 4.111111111111111 
761.0 4.071428571428571 
729.0 4.076923076923077 
771.0 4.0588235294117645 
786.0 4.055555555555555 

676.0 4.111111111111111 
773.0 4.055555555555555 
690.0 4.1 
763.0 4.0588235294117645 
752.0 4.071428571428571 
725.0 4.083333333333333 
727.0 4.076923076923077 

791.0 4.055555555555555 
677.0 4.083333333333333 
754.0 4.0588235294117645 
712.0 4.076923076923077 

680.0 4.142857142857143 
755.0 4.055555555555555 
710.0 4.083333333333333 
735.0 4.076923076923077 
685.0 4.111111111111111 
700.0 4.1 
682.0 4.125 
741.0 4.071428571428571 
747.0 4.0625 
706.0 4.090909090909091 
753.0 4.0588235294117645 

686.0 6.125 
821.0 4.05 
692.0 4.083333333333333 
690.0 6.111111111111111 
774.0 4.052631578947368 
701.0 4.076923076923077 
734.0 4.0625 
761.0 4.0588235294117645 
765.0 4.055555555555555 

690.0 4.111111111111111 
772.0 4.055555555555555 
763.0 4.0625 
720.0 4.076923076923077 
703.0 4.083333333333333 
696.0 4.1 

787.0 4.052631578947368 
671.0 6.125 
678.0 4.111111111111111 
744.0 4.055555555555555 
730.0 4.0625 
734.0 4.0588235294117645 
704.0 4.1 

790.0 4.052631578947368 
669.0 6.142857142857143 
671.0 6.125 
682.0 4.125 
759.0 4.055555555555555 
718.0 4.083333333333333 
731.0 4.076923076923077 
684.0 4.111111111111111 
696.0 4.1 
747.0 4.0588235294117645 
707.0 4.090909090909091 
733.0 4.071428571428571 
741.0 4.0625 

