0.0 0.006283836040216436 
0.3617021276595745 5.437935034802939E-4 
0.03723404255319149 0.0024324526607290473 
0.010638297872340425 0.0053654292343387824 
0.2925531914893617 6.170706422469921E-4 
0.26063829787234044 6.935337435690578E-4 
0.5 4.7350726833660046E-4 
0.16489361702127658 7.733952049496339E-4 
0.026595744680851064 0.003987819025521862 
0.06914893617021277 0.0018230029830956914 
0.031914893617021274 0.003712296983758478 
0.10638297872340426 0.0013385686239513572 
0.13297872340425532 0.0011317978609018174 
