0.06382978723404255 0.5027637505118056 
0.851063829787234 0.49634570765661246 
0.2074468085106383 0.4972782437979653 
0.0851063829787234 0.5022235112142304 
0.5425531914893617 0.49663320891758306 
0.7553191489361702 0.49655674581626097 
0.09042553191489362 0.5005536806580889 
0.3776595744680851 0.4967130703789636 
0.09574468085106383 0.5002269746797133 
0.11170212765957446 0.49873989919193545 
0.15425531914893617 0.49837212783474305 
0.30319148936170215 0.49697547232350014 
0.8031914893617021 0.49648346867749427 
0.11702127659574468 0.4985498839907192 

0.06382978723404255 0.5027637505118056 
0.425531914893617 0.49648346867749427 
0.09042553191489362 0.5002269746797133 
0.0851063829787234 0.5022235112142304 
0.13297872340425532 0.49992749419953586 
0.14361702127659576 0.49873989919193545 
0.21808510638297873 0.4977626781571097 
0.28191489361702127 0.4972782437979653 
0.3776595744680851 0.49688393676145254 
0.32978723404255317 0.49697547232350014 
0.18617021276595744 0.49820548143851506 
0.1702127659574468 0.4985498839907192 

0.06382978723404255 0.5027637505118056 
0.8457446808510638 0.4961007991750452 
0.0851063829787234 0.5022235112142304 
0.09042553191489362 0.5002269746797133 
0.32978723404255317 0.49663320891758306 
0.6861702127659575 0.4961585606093769 
0.11170212765957446 0.49873989919193545 
0.5 0.49655674581626097 
0.6382978723404256 0.49648346867749427 
0.1595744680851064 0.49750736815702 
0.15425531914893617 0.49820548143851506 
0.25 0.4970714730349158 
0.2127659574468085 0.4972782437979653 
0.2074468085106383 0.49738979118329474 
0.11702127659574468 0.4985498839907192 

0.06382978723404255 0.5027637505118056 
0.75 0.4961007991750452 
0.3670212765957447 0.49648346867749427 
0.6702127659574468 0.49621854363733725 
0.0851063829787234 0.5022235112142304 
0.13297872340425532 0.49837212783474305 
0.09042553191489362 0.5002269746797133 
0.09574468085106383 0.49992749419953586 
0.19148936170212766 0.497901596833629 
0.20212765957446807 0.4972782437979653 
0.3191489361702128 0.49663320891758306 
0.2553191489361702 0.49697547232350014 
0.2712765957446808 0.49688393676145254 

0.05319148936170213 0.6693735498839907 
0.5 0.49655674581626097 
0.06382978723404255 0.5027637505118056 
0.05851063829787234 0.6686847447795824 
0.42021276595744683 0.4967130703789636 
0.15425531914893617 0.49837212783474305 
0.324468085106383 0.4972782437979653 
0.22872340425531915 0.49804893482387697 
0.25 0.49738979118329474 
0.39893617021276595 0.4967965619067708 
0.09574468085106383 0.49992749419953586 
0.09042553191489362 0.5009115014915478 
0.2393617021276596 0.4976314771848416 

0.0 0.006283836040216436 
0.3617021276595745 5.437935034802939E-4 
0.03723404255319149 0.0024324526607290473 
0.031914893617021274 0.003987819025521862 
0.010638297872340425 0.0053654292343387824 
0.2925531914893617 6.170706422469921E-4 
0.026595744680851064 0.00428729950569939 
0.09042553191489362 0.002265806264501078 
0.11170212765957446 0.002109259649862958 
0.2074468085106383 0.0010357971494861483 
0.26063829787234044 6.935337435690578E-4 
0.12234042553191489 0.0014501160092807838 
0.15425531914893617 0.0012325986078886076 
0.19148936170212766 0.0011317978609018174 
0.13297872340425532 0.0013385686239513572 

0.06382978723404255 0.5013051044083527 
0.6170212765957447 0.4964131824423506 
0.40425531914893614 0.49648346867749427 
0.09042553191489362 0.49992749419953586 
0.11170212765957446 0.49873989919193545 
0.07446808510638298 0.5002269746797133 
0.3191489361702128 0.49655674581626097 
0.14893617021276595 0.49804893482387697 
0.22872340425531915 0.49688393676145254 
0.17553191489361702 0.49738979118329474 
0.11702127659574468 0.49837212783474305 
0.18085106382978725 0.4972782437979653 
0.22340425531914893 0.49697547232350014 

0.06382978723404255 0.5033715197215777 
0.851063829787234 0.4964131824423506 
0.0851063829787234 0.5027637505118056 
0.09042553191489362 0.49992749419953586 
0.425531914893617 0.4967130703789636 
0.6542553191489362 0.49648346867749427 
0.2127659574468085 0.49738979118329474 
0.3670212765957447 0.4972782437979653 
0.19148936170212766 0.49804893482387697 
0.11702127659574468 0.49837212783474305 
0.11170212765957446 0.49894348690752416 

0.0 0.006283836040216436 
0.5 4.7350726833660046E-4 
0.16489361702127658 7.733952049496339E-4 
0.4574468085106383 6.935337435690578E-4 
0.015957446808510637 0.005800464037122842 
0.026595744680851064 0.003987819025521862 
0.06914893617021277 0.0018230029830956914 
0.031914893617021274 0.003712296983758478 
0.03723404255319149 0.002800224017921473 
0.10638297872340426 0.0013385686239513572 
0.0425531914893617 0.0024324526607290473 
0.13297872340425532 0.0011317978609018174 

0.06382978723404255 0.5027637505118056 
0.8776595744680851 0.4961007991750452 
0.6861702127659575 0.49655674581626097 
0.09042553191489362 0.5002269746797133 
0.40425531914893614 0.49663320891758306 
0.7340425531914894 0.4961585606093769 
0.11170212765957446 0.49873989919193545 
0.2074468085106383 0.49738979118329474 
0.09574468085106383 0.49992749419953586 
0.15425531914893617 0.49820548143851506 
0.3191489361702128 0.4967130703789636 
0.2765957446808511 0.49697547232350014 

