1434.0 465.030303030303 
1452.0 109.02127659574468 
1479.0 95.01470588235294 
1455.0 103.02 
1459.0 101.01923076923077 
1437.0 465.02777777777777 
1896.0 95.00757575757575 
1701.0 95.00909090909092 
1882.0 95.00769230769231 
1889.0 95.00763358778626 
1697.0 95.0091743119266 
3664.0 95.00380228136882 
3604.0 95.00404858299595 
3557.0 95.00408163265305 
3529.0 95.0042194092827 
3612.0 95.00387596899225 
3641.0 95.00383141762453 
1438.0 459.025 
2741.0 95.00469483568075 
2721.0 95.00492610837438 
2490.0 95.0049751243781 
2341.0 95.00507614213198 
2085.0 95.00621118012423 
2212.0 95.00602409638554 
1914.0 95.00735294117646 
1818.0 95.0077519379845 
1663.0 95.00961538461539 
1543.0 95.01149425287356 
1950.0 95.00680272108843 
2021.0 95.00675675675676 
2080.0 95.00657894736842 
2329.0 95.00540540540541 
2272.0 95.0054347826087 
2220.0 95.00564971751412 
2265.0 95.00558659217877 
1925.0 95.00704225352112 
1457.0 103.01818181818182 
1528.0 95.01388888888889 
1461.0 97.01754385964912 
2732.0 95.00478468899522 
2332.0 95.00515463917526 
1809.0 95.0078125 
2218.0 95.0059880239521 
1802.0 95.00833333333334 
1807.0 95.00787401574803 
1538.0 95.01333333333334 
1532.0 95.01369863013699 
1534.0 95.01351351351352 
2082.0 95.00632911392405 
1655.0 95.01 
1658.0 95.00990099009901 
1660.0 95.00970873786407 
1539.0 95.01204819277109 
1541.0 95.01176470588236 
1654.0 95.01010101010101 
1659.0 95.00980392156863 
1467.0 95.01639344262296 
1777.0 95.00869565217391 
1749.0 95.009009009009 
1767.0 95.00877192982456 
1431.0 465.0357142857143 
1449.0 458.02777777777777 
1578.0 95.01075268817205 
1462.0 95.01785714285714 
1444.0 458.03125 
1446.0 458.02941176470586 
1685.0 95.00925925925925 
1600.0 95.01020408163265 
1584.0 95.01052631578948 
1599.0 95.01041666666667 
1683.0 95.00934579439253 
1485.0 95.01449275362319 
1468.0 95.01612903225806 
1474.0 95.01492537313433 
1471.0 95.01538461538462 
