1434.0 465.03225806451616 
2797.0 95.00574712643679 
1457.0 464.02564102564105 
1458.0 109.0204081632653 
2423.0 95.0060606060606 
2598.0 95.00602409638554 
1881.0 95.00840336134453 
2047.0 95.00819672131148 
2171.0 95.00653594771242 
2313.0 95.00649350649351 
2660.0 95.00578034682081 
1658.0 95.0125 
1560.0 95.01282051282051 
2326.0 95.00621118012423 
1792.0 95.00884955752213 
2115.0 95.00666666666666 
1708.0 95.01098901098901 
2646.0 95.0059880239521 
1531.0 95.01538461538462 
1484.0 95.01666666666667 
1734.0 95.00952380952381 
1777.0 95.00892857142857 
2078.0 95.00813008130082 
1461.0 103.02 
1439.0 464.030303030303 
1464.0 101.01923076923077 
1466.0 97.01923076923077 
1723.0 95.01 
1471.0 95.01694915254237 
1468.0 95.01851851851852 
1542.0 95.01351351351352 
2094.0 95.00746268656717 
2103.0 95.00729927007299 
2106.0 95.00704225352112 
1551.0 95.01333333333334 
2322.0 95.00636942675159 
1438.0 465.03125 
1553.0 95.01315789473684 
1559.0 95.01298701298701 
2088.0 95.00787401574803 
2084.0 95.00806451612904 
1535.0 95.01470588235294 
1539.0 95.01408450704226 
1470.0 95.01785714285714 
2086.0 95.008 
