2646.0 95.00595238095238 
1438.0 466.03846153846155 
1446.0 465.037037037037 
1457.0 104.02272727272727 
2495.0 95.00617283950618 
2181.0 95.00699300699301 
2297.0 95.00694444444444 
1896.0 95.00757575757575 
1983.0 95.00751879699249 
1701.0 95.00909090909092 
1989.0 95.00740740740741 
2070.0 95.00735294117646 
1779.0 95.009009009009 
2428.0 95.00649350649351 
2075.0 95.0072463768116 
2141.0 95.00714285714285 
1600.0 95.01351351351352 
1538.0 95.01388888888889 
2307.0 95.00689655172414 
1781.0 95.00869565217391 
1827.0 95.00862068965517 
2349.0 95.0068493150685 
1497.0 95.01492537313433 
1534.0 95.01470588235294 
2416.0 95.00671140939598 
2380.0 95.00680272108843 
2176.0 95.00709219858156 
1634.0 95.01190476190476 
1851.0 95.00854700854701 
1658.0 95.01149425287356 
1686.0 95.01020408163265 
1666.0 95.0111111111111 
1464.0 98.01960784313725 
1461.0 102.0204081632653 
1614.0 95.01234567901234 
1627.0 95.01219512195122 
1876.0 95.00806451612904 
1863.0 95.00819672131148 
1469.0 96.01923076923077 
1478.0 96.01754385964912 
1459.0 104.02083333333333 
1856.0 95.00826446280992 
1882.0 95.00769230769231 
1889.0 95.00763358778626 
2423.0 95.00653594771242 
1479.0 95.01818181818182 
1482.0 95.01666666666667 
1472.0 96.01851851851852 
1604.0 95.01298701298701 
1610.0 95.01282051282051 
1488.0 95.01639344262296 
1664.0 95.01136363636364 
1688.0 95.00990099009901 
1693.0 95.00961538461539 
1697.0 95.0091743119266 
1987.0 95.00746268656717 
2074.0 95.00729927007299 
1494.0 95.01587301587301 
1491.0 95.01612903225806 
1536.0 95.01428571428572 
1880.0 95.00787401574803 
1696.0 95.00934579439253 
1878.0 95.0079365079365 
1694.0 95.00952380952381 
