1438.0 465.03125 
2769.0 95.00523560209425 
1456.0 464.02564102564105 
1458.0 109.01785714285714 
2383.0 95.0054347826087 
2679.0 95.005291005291 
2291.0 95.00675675675676 
2139.0 95.0068493150685 
2126.0 95.00735294117646 
2024.0 95.00740740740741 
1685.0 95.00925925925925 
1777.0 95.009009009009 
1908.0 95.00847457627118 
1989.0 95.0079365079365 
2373.0 95.00581395348837 
2297.0 95.00657894736842 
1600.0 95.01020408163265 
1673.0 95.00980392156863 
1825.0 95.00884955752213 
1873.0 95.00877192982456 
1519.0 95.01492537313433 
1488.0 95.015625 
1798.0 95.00892857142857 
1997.0 95.00757575757575 
1460.0 103.01694915254237 
1897.0 95.00869565217391 
1463.0 101.01724137931035 
1584.0 95.01052631578948 
1467.0 97.01851851851852 
1550.0 95.01408450704226 
1534.0 95.01428571428572 
1599.0 95.01041666666667 
1563.0 95.01282051282051 
1469.0 95.01785714285714 
1446.0 464.02777777777777 
1440.0 464.0285714285714 
2135.0 95.00689655172414 
1472.0 95.01666666666667 
1573.0 95.0125 
1478.0 95.01612903225806 
1679.0 95.00970873786407 
1484.0 95.01587301587301 
1567.0 95.0126582278481 
1575.0 95.01176470588236 
1580.0 95.01123595505618 
1992.0 95.00763358778626 
1439.0 465.02941176470586 
1683.0 95.00934579439253 
1582.0 95.0111111111111 
1991.0 95.0077519379845 
