1448.0 467.03225806451616 
2244.0 95.0060975609756 
1460.0 109.01818181818182 
1456.0 464.02777777777777 
1633.0 95.01041666666667 
2128.0 95.00636942675159 
2218.0 95.00628930817611 
1720.0 95.01010101010101 
1557.0 95.01176470588236 
1878.0 95.00847457627118 
1938.0 95.00840336134453 
1753.0 95.00980392156863 
1809.0 95.00970873786407 
1540.0 95.01428571428572 
1485.0 95.01449275362319 
2118.0 95.00657894736842 
2064.0 95.0068493150685 
1983.0 95.00787401574803 
2025.0 95.00769230769231 
1949.0 95.00813008130082 
1726.0 95.01 
1834.0 95.00952380952381 
2055.0 95.0072463768116 
2036.0 95.00746268656717 
1863.0 95.00877192982456 
1843.0 95.00925925925925 
1858.0 95.009009009009 
2229.0 95.00617283950618 
1462.0 103.01724137931035 
1464.0 101.01666666666667 
1466.0 97.01666666666667 
1940.0 95.00826446280992 
1468.0 95.01612903225806 
1450.0 465.03225806451616 
1453.0 465.02941176470586 
2222.0 95.00621118012423 
1479.0 95.01470588235294 
2030.0 95.00751879699249 
2061.0 95.00699300699301 
1474.0 95.01492537313433 
1839.0 95.00934579439253 
1550.0 95.01234567901234 
1543.0 95.01369863013699 
1547.0 95.01351351351352 
1862.0 95.00892857142857 
1554.0 95.01190476190476 
1455.0 464.03225806451616 
1471.0 95.01538461538462 
1548.0 95.01298701298701 
