0.02544769085768143 0.9569374605101781 
0.03110273327049953 0.055736763888760935 
0.03958529688972667 0.02028055253759709 
0.03204524033930255 0.04054514163449463 
0.0333019164310399 0.03548039751099313 
0.02639019792648445 0.9569310680898576 
0.1705937794533459 0.020262503350809452 
0.10933081998114987 0.020266338803001854 
0.16619541313226516 0.020262798385593504 
0.16839459629280554 0.02026264974211452 
0.1080741438894125 0.02026654992881058 
0.7260446120012567 0.020252951178999574 
0.7071944706251964 0.020253574666555973 
0.6924285265472825 0.020253658328406643 
0.683631793905121 0.020254007095952948 
0.7097078228086711 0.020253137711735078 
0.7188187244737669 0.020253024934472015 
0.026704366949418787 0.9417356457457241 
0.43606660383286205 0.02025521058959863 
0.4297832233741753 0.020255796032936098 
0.35721017907634306 0.020255920111971814 
0.3103989946591266 0.020256175828157093 
0.2299717247879359 0.0202590490615679 
0.2698711907005969 0.020258575478082352 
0.176248821866164 0.02026193931372234 
0.1460885956644675 0.02026294933362253 
0.097392397109645 0.020267666459529973 
0.05969211435752435 0.020272422623720764 
0.1875589066918002 0.02026054648744601 
0.20986490732013824 0.020260430133408194 
0.22840087967326422 0.02025998002699871 
0.30662896638391457 0.020257009324696092 
0.28872133207665723 0.02025708369010288 
0.27238454288407166 0.020257627775988645 
0.2865221489161169 0.02025746798061279 
0.17970468111844173 0.020261152839474113 
0.03267357838517122 0.04054053909186379 
0.05497957901350927 0.020278484401610997 
0.033930254476908575 0.025350533482844096 
0.43323908262645305 0.020255438044139318 
0.30757147345271757 0.020256374535450535 
0.14326107445805844 0.02026310264021453 
0.27175620483820295 0.02025848416438035 
0.14106189129751806 0.02026442107690567 
0.14263273641218976 0.020263258361083555 
0.05812126924285266 0.02027707806914048 
0.05623625510524662 0.02027800278090192 
0.0568645931511153 0.02027753417696876 
0.2290292177191329 0.02025934759900563 
0.09487904492617028 0.020268640074317272 
0.09582155199497329 0.020268389440807666 
0.09644989004084198 0.020267902773798717 
0.058435438265786996 0.02027382486631708 
0.05906377631165567 0.020273107248047206 
0.09456487590323594 0.020268895771130085 
0.09613572101790764 0.020268143721680613 
0.03581526861451461 0.02028482442504376 
0.1332076657241596 0.020265338250256 
0.12441093308199812 0.020266131481261704 
0.13006597549481622 0.020265531339382394 
0.024505183788878417 0.9569511585537224 
0.030160226201696512 0.9392112789611133 
0.0706880301602262 0.02027054542798703 
0.03424442349984291 0.02028852963354339 
0.02858938108702482 0.9392200685390542 
0.029217719132893498 0.9392154152330854 
0.10430411561420044 0.02026676496435653 
0.07759974866478166 0.020269156686245206 
0.07257304429783223 0.020269972389289355 
0.07728557964184732 0.020269694823670175 
0.10367577756833177 0.020266984019258517 
0.04147031102733271 0.020280013023861586 
0.03612943763744895 0.02028415509705671 
0.038014451775054976 0.020281108156220223 
0.03707194470625196 0.02028227068133938 
