1438.0 459.025 
2741.0 95.00469483568075 
1456.0 109.02 
2721.0 95.00492610837438 
2490.0 95.0049751243781 
2341.0 95.00507614213198 
2085.0 95.00621118012423 
2212.0 95.00602409638554 
1914.0 95.00735294117646 
1818.0 95.0077519379845 
1757.0 95.00952380952381 
1663.0 95.00961538461539 
1543.0 95.01149425287356 
1615.0 95.01123595505618 
1950.0 95.00680272108843 
2021.0 95.00675675675676 
2080.0 95.00657894736842 
2329.0 95.00540540540541 
2272.0 95.0054347826087 
2220.0 95.00564971751412 
2265.0 95.00558659217877 
1793.0 95.00925925925925 
1762.0 95.00934579439253 
1622.0 95.01086956521739 
1652.0 95.01030927835052 
1925.0 95.00704225352112 
1482.0 95.01515151515152 
1506.0 95.01492537313433 
1457.0 103.01818181818182 
1528.0 95.01388888888889 
1461.0 97.01754385964912 
1459.0 101.01923076923077 
1464.0 95.01851851851852 
2732.0 95.00478468899522 
2332.0 95.00515463917526 
1809.0 95.0078125 
1480.0 95.01639344262296 
1473.0 95.01694915254237 
1470.0 95.01818181818182 
1800.0 95.00869565217391 
2218.0 95.0059880239521 
1794.0 95.00892857142857 
1616.0 95.0111111111111 
1802.0 95.00833333333334 
1807.0 95.00787401574803 
1538.0 95.01333333333334 
1532.0 95.01369863013699 
1534.0 95.01351351351352 
2082.0 95.00632911392405 
1655.0 95.01 
1658.0 95.00990099009901 
1660.0 95.00970873786407 
1539.0 95.01204819277109 
1541.0 95.01176470588236 
1654.0 95.01010101010101 
1659.0 95.00980392156863 
