1440.0 466.0357142857143 
3114.0 95.00578034682081 
1460.0 112.02173913043478 
1444.0 465.0344827586207 
2315.0 95.00645161290322 
2706.0 95.00632911392405 
2746.0 95.0060975609756 
3099.0 95.0060606060606 
2290.0 95.00709219858156 
2102.0 95.00714285714285 
1467.0 95.01639344262296 
2077.0 95.00746268656717 
1997.0 95.00751879699249 
1870.0 95.0077519379845 
1949.0 95.00769230769231 
1851.0 95.00826446280992 
1777.0 95.00869565217391 
1525.0 95.01587301587301 
1701.0 95.00980392156863 
1743.0 95.00970873786407 
1995.0 95.00757575757575 
1959.0 95.00763358778626 
1583.0 95.0125 
1616.0 95.01234567901234 
1463.0 106.0204081632653 
1465.0 101.01724137931035 
2719.0 95.00613496932516 
1641.0 95.01204819277109 
1617.0 95.01219512195122 
1655.0 95.01149425287356 
1678.0 95.0111111111111 
2098.0 95.0072463768116 
1545.0 95.015625 
1749.0 95.009009009009 
1767.0 95.00877192982456 
1464.0 104.01923076923077 
2304.0 95.00689655172414 
1558.0 95.01492537313433 
1649.0 95.01176470588236 
1693.0 95.01010101010101 
1685.0 95.01086956521739 
1552.0 95.01538461538462 
1574.0 95.01408450704226 
1577.0 95.0126582278481 
1568.0 95.01449275362319 
1562.0 95.01470588235294 
1684.0 95.01098901098901 
1441.0 466.030303030303 
1697.0 95.00990099009901 
