1450.0 465.03333333333336 
2896.0 95.0060606060606 
1453.0 464.025 
1455.0 110.02173913043478 
1976.0 97.00729927007299 
2099.0 97.00699300699301 
2266.0 97.00625 
2381.0 97.0060975609756 
2884.0 95.00649350649351 
2190.0 97.00662251655629 
2102.0 97.00694444444444 
2537.0 95.00740740740741 
2624.0 95.00729927007299 
1780.0 97.00854700854701 
1875.0 97.00763358778626 
1959.0 97.00757575757575 
2803.0 95.00662251655629 
2721.0 95.00671140939598 
1845.0 97.00847457627118 
2199.0 97.00653594771242 
2258.0 97.00645161290322 
1678.0 97.0111111111111 
1621.0 97.01136363636364 
2398.0 97.00568181818181 
2446.0 95.00961538461539 
2640.0 95.00709219858156 
2687.0 95.0068493150685 
1541.0 97.01470588235294 
1498.0 97.01612903225806 
1473.0 103.02083333333333 
1456.0 104.0204081632653 
1476.0 97.01724137931035 
1761.0 97.00884955752213 
1728.0 97.00892857142857 
2718.0 95.00680272108843 
2504.0 95.00813008130082 
2478.0 95.00833333333334 
1579.0 97.0125 
1603.0 97.01219512195122 
2518.0 95.00769230769231 
1551.0 97.01369863013699 
1567.0 97.0126582278481 
1490.0 97.01694915254237 
2465.0 95.00840336134453 
2394.0 97.00595238095238 
1715.0 97.00909090909092 
1970.0 97.00751879699249 
1854.0 97.0079365079365 
1864.0 97.00787401574803 
1689.0 97.00990099009901 
1699.0 97.00980392156863 
2456.0 95.00909090909092 
2510.0 95.008 
1867.0 97.0077519379845 
1545.0 97.01388888888889 
1615.0 97.01190476190476 
1705.0 97.00970873786407 
1683.0 97.01 
1609.0 97.01204819277109 
2450.0 95.00943396226415 
1711.0 97.0091743119266 
1452.0 464.03225806451616 
1494.0 97.01666666666667 
2262.0 97.00641025641026 
1681.0 97.01052631578948 
2447.0 95.00952380952381 
