1434.0 465.030303030303 
3135.0 95.00581395348837 
1447.0 464.0263157894737 
1452.0 109.02127659574468 
2822.0 95.0060606060606 
2378.0 95.00645161290322 
2830.0 95.00595238095238 
2195.0 95.00649350649351 
1990.0 95.00813008130082 
1894.0 95.00869565217391 
2102.0 95.00699300699301 
2176.0 95.00694444444444 
1600.0 95.01219512195122 
1669.0 95.01190476190476 
2010.0 95.008 
2079.0 95.00787401574803 
1479.0 95.01470588235294 
1535.0 95.01449275362319 
1845.0 95.009009009009 
1706.0 95.01052631578948 
1755.0 95.01041666666667 
1824.0 95.00943396226415 
1784.0 95.01030927835052 
1455.0 103.02 
1554.0 95.01408450704226 
1582.0 95.01369863013699 
1459.0 101.01923076923077 
1464.0 97.02 
1686.0 95.01075268817205 
1548.0 95.01428571428572 
1681.0 95.01162790697674 
2188.0 95.0068493150685 
1468.0 97.01724137931035 
1469.0 95.01886792452831 
1437.0 465.02777777777777 
2094.0 95.00709219858156 
1594.0 95.0126582278481 
1587.0 95.01351351351352 
1439.0 464.03125 
1441.0 464.02941176470586 
2085.0 95.00729927007299 
2090.0 95.00714285714285 
2083.0 95.0078125 
1467.0 97.01923076923077 
1470.0 95.01754385964912 
1478.0 95.01587301587301 
1682.0 95.0111111111111 
1473.0 95.01639344262296 
1475.0 95.01612903225806 
1685.0 95.01098901098901 

2646.0 95.00595238095238 
1438.0 466.03846153846155 
1446.0 465.037037037037 
1457.0 104.02272727272727 
2495.0 95.00617283950618 
2181.0 95.00699300699301 
2297.0 95.00694444444444 
1896.0 95.00757575757575 
1983.0 95.00751879699249 
1701.0 95.00909090909092 
1989.0 95.00740740740741 
2070.0 95.00735294117646 
1779.0 95.009009009009 
2428.0 95.00649350649351 
2075.0 95.0072463768116 
2141.0 95.00714285714285 
1600.0 95.01351351351352 
1538.0 95.01388888888889 
2307.0 95.00689655172414 
1781.0 95.00869565217391 
1827.0 95.00862068965517 
2349.0 95.0068493150685 
1497.0 95.01492537313433 
1534.0 95.01470588235294 
2416.0 95.00671140939598 
2380.0 95.00680272108843 
2176.0 95.00709219858156 
1634.0 95.01190476190476 
1851.0 95.00854700854701 
1658.0 95.01149425287356 
1686.0 95.01020408163265 
1666.0 95.0111111111111 
1464.0 98.01960784313725 
1461.0 102.0204081632653 
1614.0 95.01234567901234 
1627.0 95.01219512195122 
1876.0 95.00806451612904 
1863.0 95.00819672131148 
1469.0 96.01923076923077 
1478.0 96.01754385964912 
1459.0 104.02083333333333 
1856.0 95.00826446280992 
1882.0 95.00769230769231 
1889.0 95.00763358778626 
2423.0 95.00653594771242 
1479.0 95.01818181818182 
1482.0 95.01666666666667 
1472.0 96.01851851851852 
1604.0 95.01298701298701 
1610.0 95.01282051282051 
1488.0 95.01639344262296 
1664.0 95.01136363636364 
1688.0 95.00990099009901 
1693.0 95.00961538461539 
1697.0 95.0091743119266 
1987.0 95.00746268656717 
2074.0 95.00729927007299 
1494.0 95.01587301587301 
1491.0 95.01612903225806 
1536.0 95.01428571428572 
1880.0 95.00787401574803 
1696.0 95.00934579439253 
1878.0 95.0079365079365 
1694.0 95.00952380952381 

1432.0 466.0357142857143 
3664.0 95.00380228136882 
1450.0 465.0344827586207 
1456.0 110.01923076923077 
3238.0 95.00492610837438 
3032.0 95.00540540540541 
2637.0 95.00578034682081 
3524.0 95.00469483568075 
3046.0 95.0050505050505 
2464.0 95.00591715976331 
1928.0 95.00813008130082 
2095.0 95.00787401574803 
2426.0 95.00657894736842 
2260.0 95.00662251655629 
1802.0 95.00877192982456 
1897.0 95.00854700854701 
2197.0 95.00746268656717 
2120.0 95.00757575757575 
1549.0 95.0125 
1610.0 95.01234567901234 
1534.0 95.01449275362319 
1485.0 95.01492537313433 
3604.0 95.00404858299595 
3557.0 95.00408163265305 
1653.0 95.01086956521739 
2212.0 95.00675675675676 
1694.0 95.01075268817205 
2253.0 95.00666666666666 
1459.0 104.01818181818182 
1463.0 104.01785714285714 
1464.0 98.01754385964912 
1767.0 95.00884955752213 
3529.0 95.0042194092827 
1705.0 95.01052631578948 
1736.0 95.01030927835052 
3612.0 95.00387596899225 
3641.0 95.00383141762453 
2451.0 95.00628930817611 
1921.0 95.00847457627118 
1629.0 95.01149425287356 
1479.0 95.01666666666667 
1477.0 97.01724137931035 
2107.0 95.00763358778626 
1476.0 98.015625 
2209.0 95.00699300699301 
1440.0 465.0357142857143 
1545.0 95.01333333333334 
1535.0 95.01408450704226 
2099.0 95.0078125 
1438.0 465.03846153846155 
1760.0 95.00925925925925 
1470.0 98.01587301587301 
1753.0 95.00961538461539 
1759.0 95.00952380952381 
1699.0 95.01063829787235 
1751.0 95.00990099009901 
1741.0 95.01020408163265 
1746.0 95.01 
1614.0 95.01219512195122 
1619.0 95.01204819277109 
1624.0 95.01176470588236 
1466.0 98.01724137931035 
1622.0 95.01190476190476 
1481.0 95.01639344262296 
1483.0 95.01515151515152 

1438.0 459.025 
2741.0 95.00469483568075 
1456.0 109.02 
2721.0 95.00492610837438 
2490.0 95.0049751243781 
2341.0 95.00507614213198 
2085.0 95.00621118012423 
2212.0 95.00602409638554 
1914.0 95.00735294117646 
1818.0 95.0077519379845 
1757.0 95.00952380952381 
1663.0 95.00961538461539 
1543.0 95.01149425287356 
1615.0 95.01123595505618 
1950.0 95.00680272108843 
2021.0 95.00675675675676 
2080.0 95.00657894736842 
2329.0 95.00540540540541 
2272.0 95.0054347826087 
2220.0 95.00564971751412 
2265.0 95.00558659217877 
1793.0 95.00925925925925 
1762.0 95.00934579439253 
1622.0 95.01086956521739 
1652.0 95.01030927835052 
1925.0 95.00704225352112 
1482.0 95.01515151515152 
1506.0 95.01492537313433 
1457.0 103.01818181818182 
1528.0 95.01388888888889 
1461.0 97.01754385964912 
1459.0 101.01923076923077 
1464.0 95.01851851851852 
2732.0 95.00478468899522 
2332.0 95.00515463917526 
1809.0 95.0078125 
1480.0 95.01639344262296 
1473.0 95.01694915254237 
1470.0 95.01818181818182 
1800.0 95.00869565217391 
2218.0 95.0059880239521 
1794.0 95.00892857142857 
1616.0 95.0111111111111 
1802.0 95.00833333333334 
1807.0 95.00787401574803 
1538.0 95.01333333333334 
1532.0 95.01369863013699 
1534.0 95.01351351351352 
2082.0 95.00632911392405 
1655.0 95.01 
1658.0 95.00990099009901 
1660.0 95.00970873786407 
1539.0 95.01204819277109 
1541.0 95.01176470588236 
1654.0 95.01010101010101 
1659.0 95.00980392156863 

1450.0 465.03333333333336 
2896.0 95.0060606060606 
1453.0 464.025 
1455.0 110.02173913043478 
1976.0 97.00729927007299 
2099.0 97.00699300699301 
2266.0 97.00625 
2381.0 97.0060975609756 
2884.0 95.00649350649351 
2190.0 97.00662251655629 
2102.0 97.00694444444444 
2537.0 95.00740740740741 
2624.0 95.00729927007299 
1780.0 97.00854700854701 
1875.0 97.00763358778626 
1959.0 97.00757575757575 
2803.0 95.00662251655629 
2721.0 95.00671140939598 
1845.0 97.00847457627118 
2199.0 97.00653594771242 
2258.0 97.00645161290322 
1678.0 97.0111111111111 
1621.0 97.01136363636364 
2398.0 97.00568181818181 
2446.0 95.00961538461539 
2640.0 95.00709219858156 
2687.0 95.0068493150685 
1541.0 97.01470588235294 
1498.0 97.01612903225806 
1473.0 103.02083333333333 
1456.0 104.0204081632653 
1476.0 97.01724137931035 
1761.0 97.00884955752213 
1728.0 97.00892857142857 
2718.0 95.00680272108843 
2504.0 95.00813008130082 
2478.0 95.00833333333334 
1579.0 97.0125 
1603.0 97.01219512195122 
2518.0 95.00769230769231 
1551.0 97.01369863013699 
1567.0 97.0126582278481 
1490.0 97.01694915254237 
2465.0 95.00840336134453 
2394.0 97.00595238095238 
1715.0 97.00909090909092 
1970.0 97.00751879699249 
1854.0 97.0079365079365 
1864.0 97.00787401574803 
1689.0 97.00990099009901 
1699.0 97.00980392156863 
2456.0 95.00909090909092 
2510.0 95.008 
1867.0 97.0077519379845 
1545.0 97.01388888888889 
1615.0 97.01190476190476 
1705.0 97.00970873786407 
1683.0 97.01 
1609.0 97.01204819277109 
2450.0 95.00943396226415 
1711.0 97.0091743119266 
1452.0 464.03225806451616 
1494.0 97.01666666666667 
2262.0 97.00641025641026 
1681.0 97.01052631578948 
2447.0 95.00952380952381 

1440.0 466.0357142857143 
3114.0 95.00578034682081 
1460.0 112.02173913043478 
1444.0 465.0344827586207 
2315.0 95.00645161290322 
2706.0 95.00632911392405 
2746.0 95.0060975609756 
3099.0 95.0060606060606 
2290.0 95.00709219858156 
2102.0 95.00714285714285 
1467.0 95.01639344262296 
2077.0 95.00746268656717 
1997.0 95.00751879699249 
1870.0 95.0077519379845 
1949.0 95.00769230769231 
1851.0 95.00826446280992 
1777.0 95.00869565217391 
1525.0 95.01587301587301 
1701.0 95.00980392156863 
1743.0 95.00970873786407 
1995.0 95.00757575757575 
1959.0 95.00763358778626 
1583.0 95.0125 
1616.0 95.01234567901234 
1463.0 106.0204081632653 
1465.0 101.01724137931035 
2719.0 95.00613496932516 
1641.0 95.01204819277109 
1617.0 95.01219512195122 
1655.0 95.01149425287356 
1678.0 95.0111111111111 
2098.0 95.0072463768116 
1545.0 95.015625 
1749.0 95.009009009009 
1767.0 95.00877192982456 
1464.0 104.01923076923077 
2304.0 95.00689655172414 
1558.0 95.01492537313433 
1649.0 95.01176470588236 
1693.0 95.01010101010101 
1685.0 95.01086956521739 
1552.0 95.01538461538462 
1574.0 95.01408450704226 
1577.0 95.0126582278481 
1568.0 95.01449275362319 
1562.0 95.01470588235294 
1684.0 95.01098901098901 
1441.0 466.030303030303 
1697.0 95.00990099009901 

1434.0 465.03225806451616 
2797.0 95.00574712643679 
1457.0 464.02564102564105 
1458.0 109.0204081632653 
2423.0 95.0060606060606 
2598.0 95.00602409638554 
1881.0 95.00840336134453 
2047.0 95.00819672131148 
2171.0 95.00653594771242 
2313.0 95.00649350649351 
2660.0 95.00578034682081 
1658.0 95.0125 
1560.0 95.01282051282051 
2326.0 95.00621118012423 
1792.0 95.00884955752213 
2115.0 95.00666666666666 
1708.0 95.01098901098901 
2646.0 95.0059880239521 
1531.0 95.01538461538462 
1484.0 95.01666666666667 
1734.0 95.00952380952381 
1777.0 95.00892857142857 
2078.0 95.00813008130082 
1461.0 103.02 
1439.0 464.030303030303 
1464.0 101.01923076923077 
1466.0 97.01923076923077 
1723.0 95.01 
1471.0 95.01694915254237 
1468.0 95.01851851851852 
1542.0 95.01351351351352 
2094.0 95.00746268656717 
2103.0 95.00729927007299 
2106.0 95.00704225352112 
1551.0 95.01333333333334 
2322.0 95.00636942675159 
1438.0 465.03125 
1553.0 95.01315789473684 
1559.0 95.01298701298701 
2088.0 95.00787401574803 
2084.0 95.00806451612904 
1535.0 95.01470588235294 
1539.0 95.01408450704226 
1470.0 95.01785714285714 
2086.0 95.008 

1431.0 465.0357142857143 
2992.0 95.0048076923077 
1456.0 109.01851851851852 
1449.0 458.02777777777777 
2510.0 95.00628930817611 
2703.0 95.00574712643679 
2011.0 95.00763358778626 
2134.0 95.00751879699249 
2140.0 95.00746268656717 
2258.0 95.0072463768116 
2384.0 95.00666666666666 
2499.0 95.00645161290322 
2812.0 95.00564971751412 
1820.0 95.00877192982456 
1723.0 95.00909090909092 
2264.0 95.00719424460432 
2358.0 95.00689655172414 
2904.0 95.0048309178744 
1958.0 95.00787401574803 
1873.0 95.0079365079365 
1578.0 95.01075268817205 
1651.0 95.01041666666667 
1462.0 95.01785714285714 
2005.0 95.00769230769231 
1479.0 95.01639344262296 
1525.0 95.01612903225806 
2875.0 95.00549450549451 
2832.0 95.00561797752809 
1460.0 103.01960784313725 
1659.0 95.01020408163265 
1685.0 95.01010101010101 
1848.0 95.008 
1440.0 464.03125 
1441.0 459.03333333333336 
1707.0 95.01 
2362.0 95.0068493150685 
1840.0 95.00862068965517 
1573.0 95.01190476190476 
1556.0 95.01219512195122 
1548.0 95.01408450704226 
1533.0 95.01470588235294 
2889.0 95.00490196078431 
2902.0 95.00485436893204 
1439.0 465.03225806451616 
2877.0 95.00534759358288 
1716.0 95.00990099009901 
1847.0 95.00819672131148 
1444.0 458.03125 
1442.0 459.03225806451616 
1656.0 95.01030927835052 
1552.0 95.0126582278481 
1529.0 95.01492537313433 
1446.0 458.02941176470586 
1717.0 95.00925925925925 
1720.0 95.0091743119266 

1438.0 465.03125 
2769.0 95.00523560209425 
1456.0 464.02564102564105 
1458.0 109.01785714285714 
2383.0 95.0054347826087 
2679.0 95.005291005291 
2291.0 95.00675675675676 
2139.0 95.0068493150685 
2126.0 95.00735294117646 
2024.0 95.00740740740741 
1685.0 95.00925925925925 
1777.0 95.009009009009 
1908.0 95.00847457627118 
1989.0 95.0079365079365 
2373.0 95.00581395348837 
2297.0 95.00657894736842 
1600.0 95.01020408163265 
1673.0 95.00980392156863 
1825.0 95.00884955752213 
1873.0 95.00877192982456 
1519.0 95.01492537313433 
1488.0 95.015625 
1798.0 95.00892857142857 
1997.0 95.00757575757575 
1460.0 103.01694915254237 
1897.0 95.00869565217391 
1463.0 101.01724137931035 
1584.0 95.01052631578948 
1467.0 97.01851851851852 
1550.0 95.01408450704226 
1534.0 95.01428571428572 
1599.0 95.01041666666667 
1563.0 95.01282051282051 
1469.0 95.01785714285714 
1446.0 464.02777777777777 
1440.0 464.0285714285714 
2135.0 95.00689655172414 
1472.0 95.01666666666667 
1573.0 95.0125 
1478.0 95.01612903225806 
1679.0 95.00970873786407 
1484.0 95.01587301587301 
1567.0 95.0126582278481 
1575.0 95.01176470588236 
1580.0 95.01123595505618 
1992.0 95.00763358778626 
1439.0 465.02941176470586 
1683.0 95.00934579439253 
1582.0 95.0111111111111 
1991.0 95.0077519379845 

1448.0 467.03225806451616 
2244.0 95.0060975609756 
1460.0 109.01818181818182 
1456.0 464.02777777777777 
1633.0 95.01041666666667 
2128.0 95.00636942675159 
2218.0 95.00628930817611 
1720.0 95.01010101010101 
1557.0 95.01176470588236 
1878.0 95.00847457627118 
1938.0 95.00840336134453 
1753.0 95.00980392156863 
1809.0 95.00970873786407 
1540.0 95.01428571428572 
1485.0 95.01449275362319 
2118.0 95.00657894736842 
2064.0 95.0068493150685 
1983.0 95.00787401574803 
2025.0 95.00769230769231 
1949.0 95.00813008130082 
1726.0 95.01 
1834.0 95.00952380952381 
2055.0 95.0072463768116 
2036.0 95.00746268656717 
1863.0 95.00877192982456 
1843.0 95.00925925925925 
1858.0 95.009009009009 
2229.0 95.00617283950618 
1462.0 103.01724137931035 
1464.0 101.01666666666667 
1466.0 97.01666666666667 
1940.0 95.00826446280992 
1468.0 95.01612903225806 
1450.0 465.03225806451616 
1453.0 465.02941176470586 
2222.0 95.00621118012423 
1479.0 95.01470588235294 
2030.0 95.00751879699249 
2061.0 95.00699300699301 
1474.0 95.01492537313433 
1839.0 95.00934579439253 
1550.0 95.01234567901234 
1543.0 95.01369863013699 
1547.0 95.01351351351352 
1862.0 95.00892857142857 
1554.0 95.01190476190476 
1455.0 464.03225806451616 
1471.0 95.01538461538462 
1548.0 95.01298701298701 

