0.02544769085768143 0.9569374605101781 
0.5598491988689915 0.020258043522678806 
0.029531888155827836 0.9543959687679717 
0.03110273327049953 0.055736763888760935 
0.4615142946905435 0.020258667898617088 
0.32202324850769715 0.020259657692731244 
0.4640276468740182 0.020258393937746214 
0.26453031731071314 0.020259763742100652 
0.20012566760917375 0.020263906565026208 
0.1699654414074772 0.020265338250256 
0.23531259817781966 0.020261028176889344 
0.25856110587496073 0.02026090524572931 
0.07759974866478166 0.020274196802615482 
0.09927741124725102 0.020273461785644802 
0.2064090480678605 0.020263577277423322 
0.22808671065032987 0.020263258361083555 
0.03958529688972667 0.02028055253759709 
0.05717876217404964 0.020280013023861586 
0.15457115928369464 0.020266131481261704 
0.11090166509582156 0.020269972389289355 
0.12629594721960416 0.020269694823670175 
0.14797360980207352 0.020267207207271817 
0.13540684888469998 0.020269422981053442 
0.03204524033930255 0.04054514163449463 
0.06314797360980208 0.02027897958910064 
0.07194470625196356 0.02027800278090192 
0.0333019164310399 0.03548039751099313 
0.034872761545711596 0.025356750952713822 
0.10461828463713478 0.02027054542798703 
0.061262959472196045 0.02027948892480426 
0.10304743952246309 0.020272760955509984 
0.2623311341501728 0.020260664435374772 
0.03612943763744895 0.025349767784584285 
0.036443606660383286 0.02029108832469601 
0.02639019792648445 0.9569310680898576 
0.23279924599434496 0.020261279270322542 
0.07571473452717561 0.020275369108163632 
0.07351555136663525 0.02027753417696876 
0.027018535972353125 0.954408459220835 
0.027646874018221804 0.9544038059148663 
0.2299717247879359 0.020261803450774364 
0.2315425699026076 0.020261407507325923 
0.22934338674206722 0.02026310264021453 
0.03581526861451461 0.025354803723139255 
0.036757775683317624 0.020287736588917162 
0.039271127866792335 0.020283507017577196 
0.10336160854539743 0.020271452739258317 
0.03770028275212064 0.02028482442504376 
0.03832862079798932 0.02028415509705671 
0.10430411561420044 0.020271143655198862 

0.4062205466540999 0.020258393937746214 
0.026704366949418787 0.9594895113920237 
0.029217719132893498 0.9569545069643665 
0.03267357838517122 0.043083443895404354 
0.35878102419101476 0.02025895200618692 
0.26013195098963243 0.020261028176889344 
0.2965755576500157 0.02026090524572931 
0.1705937794533459 0.020262503350809452 
0.19792648444863337 0.020262359160877437 
0.10933081998114987 0.020266338803001854 
0.1998114985862394 0.020262077189454778 
0.22525918944392084 0.02026193931372234 
0.13383600377002827 0.020266131481261704 
0.3377316996544141 0.020259763742100652 
0.22683003455859252 0.020261669556854607 
0.24756519007225888 0.020261407507325923 
0.07759974866478166 0.02027753417696876 
0.05812126924285266 0.020278484401610997 
0.2997172478793591 0.020260784010171517 
0.13446434181589695 0.020265338250256 
0.14891611687087652 0.020265148490252488 
0.31291234684260133 0.020260664435374772 
0.04524033930254477 0.020281108156220223 
0.0568645931511153 0.02028055253759709 
0.333961671379202 0.020260315341169535 
0.3226515865535658 0.02026054648744601 
0.25856110587496073 0.020261279270322542 
0.08828149544454916 0.020273461785644802 
0.15645617342130066 0.020264961974009715 
0.09582155199497329 0.020272422623720764 
0.10461828463713478 0.020269156686245206 
0.09833490417844801 0.020271452739258317 
0.034872761545711596 0.02788715669440397 
0.033930254476908575 0.03801477641138706 
0.08199811498586239 0.020274577922526175 
0.0860823122840088 0.020274196802615482 
0.16431039899465913 0.020263740593452186 
0.16022620169651272 0.020264075257445693 
0.036443606660383286 0.022823405276175785 
0.039271127866792335 0.02281913503588063 
0.0333019164310399 0.0430786495801639 
0.15802701853597234 0.020264246738169643 
0.16619541313226516 0.020262798385593504 
0.16839459629280554 0.02026264974211452 
0.33616085453974237 0.020259871177736286 
0.03958529688972667 0.020289351516156046 
0.04052780395852969 0.02028551606396368 
0.0373861137291863 0.022821602285828937 
0.07885642475651901 0.02027620139435364 
0.08074143889412504 0.020275779916090742 
0.04241281809613572 0.02028482442504376 
0.09770656613257933 0.020272091981290402 
0.10524662268300346 0.020268389440807666 
0.10681746779767515 0.020267666459529973 
0.1080741438894125 0.02026654992881058 
0.19918316054037072 0.020262217123033926 
0.2265158655356582 0.020261803450774364 
0.04429783223374175 0.020283507017577196 
0.043355325164938736 0.02028415509705671 
0.057492931196983975 0.02027948892480426 
0.16556707508639648 0.020263258361083555 
0.10775997486647816 0.020266984019258517 
0.1649387370405278 0.02026341655371241 
0.10713163682060949 0.020267434646485383 

0.024819352811812755 0.9594825570006859 
0.7260446120012567 0.020252951178999574 
0.03047439522463085 0.9569480410679503 
0.032359409362236885 0.05826298353366434 
0.5922086082312285 0.020255796032936098 
0.5274897895067546 0.020257009324696092 
0.40339302544769085 0.020257958450812744 
0.6820609487904492 0.02025521058959863 
0.5318881558278353 0.020256110930488857 
0.34904178448005024 0.020258304778882914 
0.18064718818724473 0.020263906565026208 
0.2331134150172793 0.020263258361083555 
0.33710336160854537 0.02025998002699871 
0.2849513038014452 0.02026009031797321 
0.14106189129751806 0.020265531339382394 
0.17090794847628024 0.020264961974009715 
0.26515865535658184 0.020262217123033926 
0.24096764059063777 0.020262503350809452 
0.06157712849513038 0.020274968570434676 
0.08074143889412504 0.020274577922526175 
0.0568645931511153 0.020280013023861586 
0.04147031102733271 0.020281108156220223 
0.7071944706251964 0.020253574666555973 
0.6924285265472825 0.020253658328406643 
0.0942507068803016 0.020270841290358096 
0.2698711907005969 0.020260430133408194 
0.10713163682060949 0.02027054542798703 
0.2827521206409048 0.020260202079494034 
0.0333019164310399 0.04307193753882726 
0.03455859252277725 0.043071115656214604 
0.034872761545711596 0.027881931929807566 
0.13006597549481622 0.02026572784601545 
0.683631793905121 0.020254007095952948 
0.11058749607288722 0.020269972389289355 
0.12032673578385171 0.020269422981053442 
0.7097078228086711 0.020253137711735078 
0.7188187244737669 0.020253024934472015 
0.3449575871819039 0.020259246834797098 
0.17844800502670435 0.020264778619059173 
0.08671065032987747 0.020272422623720764 
0.03958529688972667 0.02028551606396368 
0.038956958843858 0.025349767784584285 
0.23688344329249136 0.02026264974211452 
0.03864278982092366 0.027877074531471834 
0.2689286836317939 0.020261028176889344 
0.027332704995287466 0.9569511585537224 
0.060320452403393024 0.02027707806914048 
0.05717876217404964 0.02027897958910064 
0.23437009110901666 0.02026310264021453 
0.026704366949418787 0.9569581129450603 
0.12786679233427584 0.02026676496435653 
0.036757775683317624 0.0278777023584676 
0.12566760917373546 0.020267666459529973 
0.1275526233113415 0.020267434646485383 
0.10870248193528118 0.02027025586056002 
0.12503927112786678 0.020268389440807666 
0.1218975808985234 0.020269156686245206 
0.1234684260131951 0.020268640074317272 
0.08199811498586239 0.020274196802615482 
0.08356896010053409 0.02027382486631708 
0.08513980521520578 0.020273107248047206 
0.03550109959158027 0.027881166231547756 
0.0845114671693371 0.020273461785644802 
0.04021363493559535 0.02028482442504376 
0.040841972981464025 0.020281680611771314 

0.026704366949418787 0.9417356457457241 
0.43606660383286205 0.02025521058959863 
0.032359409362236885 0.05573353231627544 
0.4297832233741753 0.020255796032936098 
0.35721017907634306 0.020255920111971814 
0.3103989946591266 0.020256175828157093 
0.2299717247879359 0.0202590490615679 
0.2698711907005969 0.020258575478082352 
0.176248821866164 0.02026193931372234 
0.1460885956644675 0.02026294933362253 
0.12692428526547284 0.020267434646485383 
0.097392397109645 0.020267666459529973 
0.05969211435752435 0.020272422623720764 
0.08231228400879673 0.020271768769026987 
0.1875589066918002 0.02026054648744601 
0.20986490732013824 0.020260430133408194 
0.22840087967326422 0.02025998002699871 
0.30662896638391457 0.020257009324696092 
0.28872133207665723 0.02025708369010288 
0.27238454288407166 0.020257627775988645 
0.2865221489161169 0.02025746798061279 
0.138234370091109 0.02026676496435653 
0.1284951303801445 0.020266984019258517 
0.0845114671693371 0.020270841290358096 
0.09393653785736726 0.020269422981053442 
0.17970468111844173 0.020261152839474113 
0.04052780395852969 0.020281680611771314 
0.04806786050895382 0.020281108156220223 
0.03267357838517122 0.04054053909186379 
0.05497957901350927 0.020278484401610997 
0.033930254476908575 0.025350533482844096 
0.0333019164310399 0.03548039751099313 
0.034872761545711596 0.02029020383886547 
0.43323908262645305 0.020255438044139318 
0.30757147345271757 0.020256374535450535 
0.14326107445805844 0.02026310264021453 
0.03989946591266101 0.02028482442504376 
0.03770028275212064 0.02028623114827072 
0.036757775683317624 0.020289351516156046 
0.14043355325164938 0.020265338250256 
0.27175620483820295 0.02025848416438035 
0.13854853911404336 0.02026592786169551 
0.08262645303173106 0.020271452739258317 
0.14106189129751806 0.02026442107690567 
0.14263273641218976 0.020263258361083555 
0.05812126924285266 0.02027707806914048 
0.05623625510524662 0.02027800278090192 
0.0568645931511153 0.02027753417696876 
0.2290292177191329 0.02025934759900563 
0.09487904492617028 0.020268640074317272 
0.09582155199497329 0.020268389440807666 
0.09644989004084198 0.020267902773798717 
0.058435438265786996 0.02027382486631708 
0.05906377631165567 0.020273107248047206 
0.09456487590323594 0.020268895771130085 
0.09613572101790764 0.020268143721680613 

0.03047439522463085 0.956945131414563 
0.4847628023876846 0.020258667898617088 
0.031416902293433864 0.9543926379805414 
0.03204524033930255 0.058269333195320586 
0.195727301288093 0.025324600344701298 
0.23437009110901666 0.02532382507081628 
0.28683631793905123 0.02532194422406807 
0.32296575557650015 0.025321558340158472 
0.4809927741124725 0.020259763742100652 
0.2629594721960415 0.025322887211900146 
0.23531259817781966 0.02532370213965625 
0.371976123154257 0.020262077189454778 
0.39930882814954444 0.020261803450774364 
0.13415017279296262 0.025327758867936652 
0.16399622997172478 0.025325446636041457 
0.19038642789820923 0.02532530024473639 
0.4555450832547911 0.02026009031797321 
0.4297832233741753 0.020260315341169535 
0.15457115928369464 0.02532757551298611 
0.26578699340245054 0.02532266807166322 
0.2843229657555765 0.02532245458665818 
0.10210493245366006 0.025334249633185254 
0.08419729814640277 0.02533488887521734 
0.3283066289663839 0.02532050592949593 
0.3433867420672322 0.020267666459529973 
0.4043355325164939 0.020261279270322542 
0.4191014765944078 0.020260664435374772 
0.05906377631165567 0.025343349431524026 
0.04555450832547911 0.02534695199098365 
0.03770028275212064 0.04054725113320043 
0.032359409362236885 0.043077573305314 
0.03864278982092366 0.025349767784584285 
0.1281809613572102 0.025328524739942387 
0.117813383600377 0.025328724755622443 
0.4288407163053723 0.02026054648744601 
0.3616085453974238 0.020263906565026208 
0.353440150801131 0.02026442107690567 
0.07100219918316054 0.025337765464361613 
0.07854225573358467 0.025336993696542416 
0.3660069117185046 0.020262798385593504 
0.06220546654099906 0.025340799674828853 
0.06723217090794847 0.02533816600209057 
0.0430411561420044 0.025349028042197654 
0.3493559535029846 0.020264598345704453 
0.32704995287464655 0.02532119083167315 
0.1137291863022306 0.02532913569692879 
0.19384228715048696 0.025325156054804374 
0.15739868049010367 0.025326213447639346 
0.16054037071944707 0.02532605525501049 
0.1055607917059378 0.025331186334734603 
0.10870248193528118 0.02533094061560755 
0.34652843229657554 0.020266338803001854 
0.3634935595350298 0.020263577277423322 
0.16148287778825007 0.02532574622754947 
0.060320452403393024 0.025341281295537935 
0.08231228400879673 0.02533625867957174 
0.11058749607288722 0.025330699667725654 
0.10367577756833177 0.02533143696824421 
0.0804272698711907 0.025336621760244014 
0.34464341815896954 0.020267207207271817 
0.11247251021049325 0.025329346822737516 
0.03110273327049953 0.9544110110337857 
0.04429783223374175 0.025348312957890615 
0.2855796418473139 0.025322349896896138 
0.10304743952246309 0.02533276928321629 
0.3437009110901665 0.020267434646485383 

0.027332704995287466 0.9594825570006859 
0.5532516493873704 0.020257958450812744 
0.03361608545397424 0.06333213008924753 
0.02858938108702482 0.9569480410679503 
0.3022306000628338 0.020259657692731244 
0.42507068803016024 0.02025934759900563 
0.43763744894753376 0.020258761446231534 
0.5485391140433553 0.020258667898617088 
0.29437637448947535 0.020261279270322542 
0.23531259817781966 0.020261407507325923 
0.03581526861451461 0.02028482442504376 
0.2274583726044612 0.020262217123033926 
0.2023248507697141 0.020262359160877437 
0.1624253848570531 0.02026294933362253 
0.18724473766886585 0.020262798385593504 
0.15645617342130066 0.020264246738169643 
0.1332076657241596 0.020265338250256 
0.05403707194470625 0.020283507017577196 
0.10933081998114987 0.020268143721680613 
0.12252591894439209 0.020267902773798717 
0.20169651272384542 0.020262503350809452 
0.19038642789820923 0.02026264974211452 
0.0722588752748979 0.020274968570434676 
0.08262645303173106 0.020274577922526175 
0.03455859252277725 0.04814037019924094 
0.035186930568645934 0.035475361572438156 
0.42915488532830665 0.020258856141669505 
0.09048067860508954 0.02027382486631708 
0.08294062205466542 0.020274196802615482 
0.09487904492617028 0.020272422623720764 
0.10210493245366006 0.020271452739258317 
0.2340559220860823 0.020261669556854607 
0.060320452403393024 0.02028287919058143 
0.12441093308199812 0.020266131481261704 
0.13006597549481622 0.020265531339382394 
0.034872761545711596 0.04307459285188353 
0.2987747408105561 0.020260784010171517 
0.06440464970153943 0.020281108156220223 
0.09299403078856425 0.020273107248047206 
0.10681746779767515 0.020268895771130085 
0.10430411561420044 0.020270841290358096 
0.06251963556393339 0.02028227068133938 
0.06943135406848884 0.02027897958910064 
0.07037386113729187 0.020275369108163632 
0.06754633993088281 0.020280013023861586 
0.06566132579327678 0.02028055253759709 
0.1039899465912661 0.020271143655198862 
0.027646874018221804 0.9594688589571416 
0.1080741438894125 0.020268389440807666 

0.02544769085768143 0.956942409480749 
0.45366006911718504 0.020257874356784212 
0.03267357838517122 0.9543942606718537 
0.03298774740810556 0.05573456554013134 
0.33616085453974237 0.020258667898617088 
0.3911404335532517 0.020258575478082352 
0.16588124410933083 0.020264598345704453 
0.21803330191643103 0.020264075257445693 
0.256990260760289 0.020259871177736286 
0.3016022620169651 0.020259763742100652 
0.41061891297518066 0.020257958450812744 
0.09582155199497329 0.020274968570434676 
0.06503298774740811 0.020275779916090742 
0.3056864593151115 0.0202590490615679 
0.13792020106817468 0.02026572784601545 
0.23939679547596607 0.020260202079494034 
0.11153000314169023 0.020271143655198862 
0.4062205466540999 0.02025848416438035 
0.055922086082312285 0.02028227068133938 
0.04115614200439836 0.02028551606396368 
0.11969839773798303 0.020267434646485383 
0.1332076657241596 0.02026592786169551 
0.22777254162739555 0.020263906565026208 
0.033930254476908575 0.04054514163449463 
0.027018535972353125 0.9544060620632147 
0.034872761545711596 0.03548039751099313 
0.03550109959158027 0.025354803723139255 
0.11624253848570532 0.020268640074317272 
0.03707194470625196 0.02028623114827072 
0.03612943763744895 0.02029020383886547 
0.05937794533459001 0.02027753417696876 
0.23279924599434496 0.020262217123033926 
0.235626767200754 0.020261803450774364 
0.236569274269557 0.020261152839474113 
0.06220546654099906 0.02027707806914048 
0.30442978322337416 0.020259449646834647 
0.026704366949418787 0.9569398576677984 
0.06283380458686773 0.02027663396414976 
0.06471881872447377 0.02027620139435364 
0.23091423185673893 0.020263258361083555 
0.22965755576500158 0.020263740593452186 
0.05717876217404964 0.02028055253759709 
0.058435438265786996 0.02027897958910064 
0.036757775683317624 0.02028852963354339 
0.23028589381087025 0.020263577277423322 

0.024505183788878417 0.9569511585537224 
0.5149230285893811 0.020255496274688797 
0.032359409362236885 0.05572978209635402 
0.030160226201696512 0.9392112789611133 
0.3634935595350298 0.020259246834797098 
0.42412818096135724 0.020257874356784212 
0.20672321709079486 0.02026264974211452 
0.2453660069117185 0.020262359160877437 
0.24725102104932453 0.020262217123033926 
0.2843229657555765 0.020261669556854607 
0.32390826264530315 0.020260202079494034 
0.3600377002827521 0.020259657692731244 
0.45837260446120015 0.020257627775988645 
0.14671693371033617 0.020265531339382394 
0.11624253848570532 0.020266338803001854 
0.28620797989318253 0.02026153758946608 
0.3157398680490104 0.020260784010171517 
0.4872761545711593 0.02025555506785229 
0.1900722588752749 0.020263258361083555 
0.1633678919258561 0.02026341655371241 
0.0706880301602262 0.02027054542798703 
0.09362236883443292 0.020269694823670175 
0.03424442349984291 0.02028852963354339 
0.2048382029531888 0.020262798385593504 
0.03958529688972667 0.02028482442504376 
0.05403707194470625 0.02028415509705671 
0.4781652529060635 0.02025723487252326 
0.4646559849198869 0.020257547429437306 
0.03361608545397424 0.04054414892922131 
0.09613572101790764 0.020269156686245206 
0.10430411561420044 0.020268895771130085 
0.15551366635249764 0.020263577277423322 
0.027332704995287466 0.954408459220835 
0.027646874018221804 0.9417567407327823 
0.1112158341187559 0.020268640074317272 
0.31699654414074774 0.020260664435374772 
0.15300031416902293 0.020265148490252488 
0.0691171850455545 0.020273461785644802 
0.06377631165567076 0.020274196802615482 
0.061262959472196045 0.02027897958910064 
0.05655042412818096 0.02028055253759709 
0.4825636192271442 0.0202557349057641 
0.4866478165252906 0.02025561443182319 
0.027018535972353125 0.956942409480749 
0.47879359095193214 0.020256862979938325 
0.11404335532516494 0.020268389440807666 
0.1551994973295633 0.020264075257445693 
0.02858938108702482 0.9392200685390542 
0.027961043041156142 0.9417540187989683 
0.09519321394910461 0.020269422981053442 
0.06251963556393339 0.020275369108163632 
0.05529374803644361 0.020281108156220223 
0.029217719132893498 0.9392154152330854 
0.11435752434809927 0.02026676496435653 
0.11530003141690229 0.02026654992881058 

0.026704366949418787 0.9569398576677984 
0.4448633364750236 0.020256579484857918 
0.032359409362236885 0.9543942606718537 
0.03298774740810556 0.05572810789103194 
0.32359409362236885 0.02025708369010288 
0.41658812441093307 0.020256719732424138 
0.2946905435124097 0.020260430133408194 
0.2469368520263902 0.020260664435374772 
0.2428526547282438 0.02026193931372234 
0.21080741438894124 0.020262077189454778 
0.10430411561420044 0.02026676496435653 
0.1332076657241596 0.020266131481261704 
0.17436380772855797 0.020264778619059173 
0.1998114985862394 0.02026341655371241 
0.32045240339302544 0.020258043522678806 
0.2965755576500157 0.02025998002699871 
0.07759974866478166 0.020269156686245206 
0.10053408733898837 0.020268143721680613 
0.14828777882500785 0.02026572784601545 
0.1633678919258561 0.020265531339382394 
0.05215205780710022 0.020281108156220223 
0.04241281809613572 0.02028287919058143 
0.1398052152057807 0.02026592786169551 
0.2023248507697141 0.020262503350809452 
0.03361608545397424 0.040537418723978466 
0.17090794847628024 0.020265338250256 
0.03455859252277725 0.035475361572438156 
0.07257304429783223 0.020269972389289355 
0.03581526861451461 0.025353000732792404 
0.06189129751806472 0.02027897958910064 
0.0568645931511153 0.02027948892480426 
0.07728557964184732 0.020269694823670175 
0.06597549481621112 0.020275779916090742 
0.036443606660383286 0.02028852963354339 
0.029217719132893498 0.9543996696428941 
0.027332704995287466 0.9544016786892806 
0.24568017593465286 0.020260784010171517 
0.0373861137291863 0.02028551606396368 
0.0691171850455545 0.020274968570434676 
0.039271127866792335 0.02028415509705671 
0.1024191014765944 0.020267902773798717 
0.04115614200439836 0.020283507017577196 
0.06723217090794847 0.020275369108163632 
0.06974552309142319 0.020273107248047206 
0.07131636820609488 0.020271768769026987 
0.20075400565504242 0.02026264974211452 
0.027018535972353125 0.9569352043618297 
0.10367577756833177 0.020266984019258517 
0.07194470625196356 0.020271452739258317 
0.20043983663210807 0.02026294933362253 

0.029846057178762174 0.962005206374676 
0.27992459943449577 0.020258761446231534 
0.03361608545397424 0.055728929773644596 
0.032359409362236885 0.9543996696428941 
0.08796732642161482 0.020269694823670175 
0.24348099277411248 0.020259449646834647 
0.27175620483820295 0.020259246834797098 
0.11530003141690229 0.020268895771130085 
0.0640904806786051 0.020273107248047206 
0.1649387370405278 0.020264778619059173 
0.18378887841658811 0.020264598345704453 
0.12566760917373546 0.020268143721680613 
0.14326107445805844 0.020267902773798717 
0.058749607288721334 0.02027948892480426 
0.04147031102733271 0.020280013023861586 
0.2403393025447691 0.02025998002699871 
0.2233741753063148 0.020260664435374772 
0.19792648444863337 0.020263258361083555 
0.2111215834118756 0.020262798385593504 
0.18724473766886585 0.020263906565026208 
0.11718504555450833 0.020268640074317272 
0.1511153000314169 0.020267434646485383 
0.22054665409990576 0.020261669556854607 
0.21457744266415332 0.020262217123033926 
0.16022620169651272 0.020265531339382394 
0.15394282123782596 0.02026676496435653 
0.15865535658184102 0.020266131481261704 
0.27521206409048066 0.02025895200618692 
0.03424442349984291 0.0405381584663651 
0.034872761545711596 0.035473906745744486 
0.03550109959158027 0.025348312957890615 
0.1844172164624568 0.020264246738169643 
0.03612943763744895 0.02028415509705671 
0.03047439522463085 0.956942409480749 
0.031416902293433864 0.9569352043618297 
0.2730128809299403 0.0202590490615679 
0.03958529688972667 0.02028055253759709 
0.2126924285265473 0.020262359160877437 
0.2224316682375118 0.020261028176889344 
0.038014451775054976 0.020281108156220223 
0.1526861451460886 0.020266984019258517 
0.06189129751806472 0.020274577922526175 
0.05969211435752435 0.02027800278090192 
0.0609487904492617 0.02027753417696876 
0.1599120326735784 0.02026592786169551 
0.06314797360980208 0.020273461785644802 
0.03204524033930255 0.9544110110337857 
0.03707194470625196 0.02028227068133938 
0.061262959472196045 0.02027620139435364 

