0.04964539007092199 0.989808917197452 
0.09042553191489362 0.020266357845975684 
0.44148936170212766 0.0029723991507431837 
0.10460992907801418 0.015776580107790383 
0.34397163120567376 0.004458598726114633 
0.43439716312056736 0.003429691327780487 
0.24645390070921985 0.006369426751592333 
0.0975177304964539 0.017834394904458675 
0.0549645390070922 0.3412854661262304 
0.07092198581560284 0.33679568838804497 
0.08156028368794327 0.3335031847133757 
0.05673758865248227 0.33885350318471325 
0.5319148936170213 0.0017834394904458534 
0.13120567375886524 0.011146496815286655 
0.3599290780141844 0.003923566878980934 
0.3280141843971631 0.005040155081694914 
0.13829787234042554 0.00996627950543271 
0.20567375886524822 0.007978545088836825 
0.2783687943262411 0.005674580196873208 
0.5088652482269503 0.0021524269712277443 
0.2322695035460993 0.0071337579617834134 
