0.1347517730496454 0.34777070063694254 
0.8900709219858156 0.3224573659338401 
0.1595744680851064 0.33679568838804497 
0.14716312056737588 0.34420382165605085 
0.675531914893617 0.32317153525148246 
0.3617021276595745 0.32494267515923564 
0.5301418439716312 0.32356687898089165 
0.19858156028368795 0.32815286624203815 
0.32978723404255317 0.32738853503184706 
0.19326241134751773 0.3321656050955414 
0.1950354609929078 0.329936305732484 
0.17553191489361702 0.3350318471337579 
0.1773049645390071 0.3335031847133757 
0.33156028368794327 0.3266936884771281 

0.04964539007092199 0.989808917197452 
0.30319148936170215 0.32815286624203815 
0.10106382978723404 0.3522292993630573 
0.13829787234042554 0.34420382165605085 
0.19858156028368795 0.33885350318471325 
0.25177304964539005 0.3289976533690914 
0.22695035460992907 0.3309853877856874 
0.2393617021276596 0.329936305732484 
0.21631205673758866 0.3335031847133757 
0.2074468085106383 0.3350318471337579 
0.20212765957446807 0.33679568838804497 

0.11879432624113476 0.33885350318471325 
0.36879432624113473 0.32494267515923564 
0.16843971631205673 0.32738853503184706 
0.25886524822695034 0.3266936884771281 
0.13120567375886524 0.3321656050955414 
0.2925531914893617 0.3254777070063695 
0.1276595744680851 0.33679568838804497 
0.15425531914893617 0.329936305732484 

0.11702127659574468 0.34777070063694254 
0.40425531914893614 0.3254777070063695 
0.14716312056737588 0.33679568838804497 
0.2801418439716312 0.3260592633619496 
0.23404255319148937 0.32815286624203815 
0.16843971631205673 0.3335031847133757 
0.20921985815602837 0.329936305732484 
0.1879432624113475 0.3321656050955414 
0.19858156028368795 0.3309853877856874 

0.09042553191489362 0.020266357845975684 
0.44148936170212766 0.0029723991507431837 
0.1702127659574468 0.00996627950543271 
0.10460992907801418 0.015776580107790383 
0.34397163120567376 0.004458598726114633 
0.3280141843971631 0.005674580196873208 
0.43439716312056736 0.003429691327780487 
0.24645390070921985 0.006369426751592333 
0.21808510638297873 0.008917197452229266 
0.0975177304964539 0.017834394904458675 
0.22872340425531915 0.007978545088836825 
0.23581560283687944 0.0071337579617834134 

0.0549645390070922 0.3412854661262304 
0.18262411347517732 0.3289976533690914 
0.11524822695035461 0.329936305732484 
0.07092198581560284 0.33679568838804497 
0.08156028368794327 0.3335031847133757 
0.05673758865248227 0.33885350318471325 
0.10106382978723404 0.3309853877856874 
0.09219858156028368 0.3321656050955414 

0.0851063829787234 0.34777070063694254 
0.5319148936170213 0.0017834394904458534 
0.1276595744680851 0.3321656050955414 
0.13120567375886524 0.011146496815286655 
0.4734042553191489 0.003429691327780487 
0.3599290780141844 0.003923566878980934 
0.3280141843971631 0.005040155081694914 
0.13829787234042554 0.00996627950543271 
0.20567375886524822 0.007978545088836825 
0.2783687943262411 0.005674580196873208 
0.08865248226950355 0.34420382165605085 
0.5088652482269503 0.0021524269712277443 
0.2322695035460993 0.0071337579617834134 
0.25886524822695034 0.006369426751592333 
0.3475177304964539 0.004458598726114633 

0.09574468085106383 0.34777070063694254 
0.2322695035460993 0.3289976533690914 
0.12943262411347517 0.33885350318471325 
0.13120567375886524 0.33679568838804497 
0.18439716312056736 0.329936305732484 
0.17375886524822695 0.3309853877856874 

0.44680851063829785 0.32494267515923564 
0.0673758865248227 0.34777070063694254 
0.11170212765957446 0.33885350318471325 
0.3421985815602837 0.3254777070063695 
0.1950354609929078 0.329936305732484 
0.3067375886524823 0.3289976533690914 
0.15602836879432624 0.3321656050955414 
0.1453900709219858 0.3350318471337579 
0.33865248226950356 0.32738853503184706 
0.19148936170212766 0.3309853877856874 
0.31560283687943264 0.32815286624203815 

0.0975177304964539 0.33885350318471325 
0.574468085106383 0.3244487996080352 
0.3670212765957447 0.3254777070063695 
0.5514184397163121 0.32494267515923564 
0.17553191489361702 0.32815286624203815 
0.2695035460992908 0.32738853503184706 
0.13652482269503546 0.3350318471337579 
0.29432624113475175 0.3260592633619496 
0.14716312056737588 0.3321656050955414 
0.15780141843971632 0.3309853877856874 
0.10638297872340426 0.33679568838804497 

