--- 0.0 0.0 ---
0.3844631256587901
0.41631394708795555
0.40851537966622603
0.39346600234869705
0.3704803019418732
0.8238772091723466
0.38081521545519065
0.7994624678018004
0.7114652035234857
0.3720216918331733
0.6399676875455653
0.6801171843958844
0.6927892083542063
0.7047495581419851
0.8078300756086378
0.3450293237036343
0.33809349165168917
0.530151692439089
0.5298520796305067
0.5460390236541416
0.5453423540013514
0.42976157937976867
0.5191645105391222
0.4438129357131054
0.4691575728213014
0.4940944720919398
0.4412596323659923
0.48403807083297756
0.49077950477960575
0.3430644792900321
0.34423400611903476
0.5355503054499514
0.5479482844883224
0.5867390567046613
0.8703702916758852
0.7640588806226021
0.8558023471856122
0.7535915951123193
0.4902519701896223
0.44404329779437013
0.39992972494729834
0.39656452704749146
0.3574190364319809
0.4343992122100716
0.39652928141279425
0.3680164295587668
0.36087206874682826
0.40634935507954484
0.4010256602508031
0.39976285906659803
0.48766548429295453
0.32308619627035695
0.4102156745287435
0.37588202992098824
0.37264176413606265
0.3723992788166857
0.927797184096291
0.7764167261774839
0.6879186523636868
0.8614647702497741
0.4743703989086615
0.516587343160655
0.6209710234427134
0.5851641751041334
0.891483812110044
0.6114571524621092
0.9038215556179479
1.0040447145497315
0.4935794360505406
0.4462263082551235
0.4189375952646253
0.45076508973424456
0.4308633876163076
0.42910261156458546
0.5233237302414028
0.5242375761388832
0.31630253188939245
0.32450656778261705
0.3356869868979484
0.3255470488946161
0.3317974630404158
0.3336843834610715
0.5433274963302965
0.5305665413766102
0.5347538570737362
0.39836549930989856
0.4415643562358656
0.39573977039356273
0.9440311572151809
0.6305175740475651
0.9347757468663138
0.3054864035112591
0.3454450694713449
0.7869392898835926
0.3492990067813749
0.7028101503652789
0.35430913829087846
0.6099229250634154
0.35415899087704905
0.3788828198609895
0.5185141116939059
0.3465753990997571
0.46142095966129104
0.37477241649636395
0.4955572955890045
0.347869464918285
0.6915738402742068
0.4288994849393001
0.4982428734458461
0.4326450793540536
0.4494241715403476
0.3768037682816454
0.5902707488963576
0.466245407554332
0.35516954942125956
0.4162807188209548
0.3629524106870161
0.37904339605308934
0.4061950602924829
0.39307257073474766
0.3992800068407856
0.6720277727336147
0.4397331480338135
0.6310334182574868
0.5602953455741199
0.44776822342885947
0.4863494553262487
0.6647935016612078
0.5160893420933246
0.5321644551679677
0.5458283679291963
0.553061760089119
0.27287797586697754
0.3544587269122009
0.30507624389399757
0.29726160279543806
0.28985446779264534
0.29796416312851326
0.2800412254970139
0.27954844386502975
0.28667759409878835
0.28656317164932277
0.30441690869091326
0.33523083823744454
0.14018337354022736
0.15179342885446293
0.5109076906174571
0.5107928801606356
0.29610275210699427
0.860128617363344
0.24862225834010993
0.7331189934793656
0.8569131878919993
0.3922880525779996
0.7226689088368518
0.6479101468237115
0.3786295192715124
0.5000022576296628
0.259801875818847
0.4405182496139553
0.5924440238826906
0.2710077029942556
0.2846298033513266
0.5104515968886245
0.5562711355070123
0.3432632689828618
0.2990685080203857
0.28783556641388747
0.29585889235573487
0.2678127019444173
0.5763671455061751
0.5868171419874779
0.2775999563239001
0.571499439005612
0.5607839431484968
0.5160597600570529
0.5243032437947875
0.32601596515454884
0.9330253203084683
0.8089048346856867
0.9190928691293124
0.43560172038864964
0.5151596904534892
0.3131281902690708
0.32597590598651444
0.323099314105427
0.37735720308769777
0.41575264770783754
0.31643641117030147
0.3209639395678001
0.3569526040133623
0.34231021750834717
0.3493437745691923
0.37148772333428004
0.42214345897586775
0.4258786286919756
0.4303937406055799
0.5135801486605419
0.6844637348312186
0.39873859076755336
0.6583062340609779
0.6486561126926425
0.5102168303035132
0.32183756473911557
0.32847943658406176
0.5113251500502557
0.510884017975496
0.5136736990398736
0.5138793083040613
0.5138385264614264
0.29625953110201053
0.7274952372393162
0.23880212503431994
0.3100936377155323
0.7065956402045488
0.4622258698215791
0.3545193267928169
0.40756947649271985
0.3022750196457142
0.4590132425290178
0.253260944268344
0.27736692106201033
0.29343739547075576
0.4614232983323067
0.34042168263717343
0.3428619332847582
0.5145154007591619
0.5339233798807853
0.5135181601815202
0.4953426473609825
0.4112290394502037
0.4746131669853621
0.49062637619173055
0.4648273651246617
0.32482899454169833
0.6563083885196461
0.7026327258834677
0.7070084016866689
0.6282208649152786
0.7416451198673858
0.7379145410344358
0.41078337042084373
0.34023644593670305
0.3766763516591525
0.43112543290950645
0.3737030555419633
0.3748522610734863
0.35686990790950684
0.36578303142521074
0.4936959848315785
0.4384080721817332
0.4070410946265149
0.36875925077485516
0.3584363454362582
0.3644094092903184
0.542977566889701
0.4589892403500466
0.5999266245102706
0.599274538658782
0.5847562710212477
0.5131563153296141
0.32076552366921535
0.5079269869795171
0.3212282631044848
0.5105484179161633
0.5090571359517725
0.3433220040693867
0.42519050344252507
0.34294548876643527
0.3438734926431565
0.3426198967023778
0.34541406693437077
0.5487087801235561
0.6765732991367855
0.4622235469244508
0.3712439592039344
0.39804193253732423
0.45825344273612056
0.5338114721765808
0.3696974400318254
0.5444672493193273
0.3556967772720548
0.51298089401614
0.2773795615917741
0.5121062315176939
0.5042646261363916
0.41986474866499435
0.3882413188724088
0.3670017332277313
0.3835061940986781
0.380047033662049
0.7449926508533413
0.729869351386619
0.7178096293168368
0.7126087648184543
0.2893714086016787
0.2749416666089451
0.28985446779264534
0.20253919374844365
0.2658867368273795
0.29493539056424206
0.27057432690003713
0.26818684014801725
0.26575829178597005
0.28984205020000314
0.5077123523725465
0.5077844797482952
0.504828559293091
0.5065866180930297
0.4717626091964535
0.38869885315906966
0.4133723765102615
0.4672776090340493
0.4299756835894065
0.4505621770580912
0.42138152006932167
0.4350050772723534
0.4480670376117879
0.4136531172901366
0.41780915476520997
0.5215980433931798
0.2963003629813582
0.3542668907080077
0.9137948409898873
0.6721846822111072
0.7543445323312189
0.8620659218372027
0.6239234987292019
0.7611427338769094
0.8023024300530955
0.830626275467864
0.6093889189994638
0.5853153871348016
0.8397774091047145
0.5795756169673569
0.6210333989766851
0.7558371767027328
0.5294583093817989
0.7549238010854916
0.5097854053832239
0.459607968267644
0.5089233901321953
0.5184068349669436
0.3895518299129615
0.41549403848601785
0.423967324879365
0.4450235839985441
0.3518945412088197
0.34855222592792984
0.3625629391885634
0.378145915146766
0.3707823476733147
0.38682068348730475
0.37032692330192557
0.45161223955222285
0.34821848246066556
0.4215465963431905
0.3334858065117347
0.8976036192229433
0.7923619997483111
0.8868158864762378
0.6654587622179721
0.6041105229411475
0.5873515421513991
0.758572948858373
0.7602736409228533
0.7615844498541584
0.3107157924919751
0.19714635714469872
0.548233181141037
0.25543382764017786
0.45016447086199113
0.2616410146205196
0.39711211055040435
0.31279399634675514
0.3328520572750771
0.43730360533288154
0.3473054826468165
0.2776300701110595
0.35934512851279227
0.28717656938095437
0.3120266290011915
0.3032127616573952
0.28480683756400726
0.3778238945858398
0.36978736621716096
0.3148818241742333
0.3198428361885987
0.31155899727575653
0.1979461349016425
0.2009376432693624
0.5193241091234688
0.5259271327600388
0.39899212350034063
0.6287819681467907
0.525885535323139
0.41528367380411413
0.4936959848315785
0.4424859984190791
0.4807795326628638
0.42038098757407794
0.4357122179546519
0.43809003207201713
0.41812868057205027
0.4897907702760034
0.48403807083297756
0.48593996879865226
0.4885495734697541
0.37496706366596355
0.40744032444438016
0.40600208150616146
0.36934833667273603
0.36813366502980815
0.3791087709550008
0.524955430159111
0.5303051314074599
0.34508525707290916
0.5302787045214933
0.8319818184302583
0.43730556097941375
0.3975972528518464
0.41887027755069817
0.4027357092221623
0.40162892646332277
0.40832100342113115
0.40964287155977736
0.41547687171525866
0.32898298748013793
0.3474976029251853
0.5381978674973352
0.6601190093646946
0.5024514155801568
0.46983817276106987
0.4659627785061068
0.46506684592628006
