0.03382398997807704 0.1582355143480081 
0.013780144065142498 0.3687451018118472 
0.018477920450986535 0.15826775480229247 
0.017225180081428124 0.34242522967485534 
0.017851550266207328 0.2108841761944533 

0.014719699342311305 0.7108184776661003 
0.03069213905418102 0.2897765678284101 
0.020043845912934545 0.2897868847737811 
0.01691199498903852 0.39506548096800903 
0.015659254619480114 0.500324320007959 
0.017538365173817728 0.28979762281896315 
0.015032884434700909 0.6581874891583823 
0.016285624804259317 0.44768190236016986 

0.013466958972752897 0.5003382249819 
0.01973066082054494 0.2897868847737811 
0.014406514249921704 0.2898088082826945 
0.014093329157532102 0.44769461164069946 
0.015659254619480114 0.28979762281896315 

0.014093329157532102 0.5792628570701411 
0.01816473535859693 0.15826775480229247 
0.017851550266207328 0.263524427487607 
0.015032884434700909 0.42137369166408944 
0.016285624804259317 0.3687572702719286 
0.015972439711869714 0.36879717150149793 

0.020983401190103352 0.1582355143480081 
0.01252740369558409 0.28979762281896315 
0.018791105543376135 0.15825656933856114 
0.015032884434700909 0.2897868847737811 
0.01816473535859693 0.21087299073072197 
0.017851550266207328 0.2634786740777007 
0.01659880989664892 0.2635122590275256 
0.01973066082054494 0.1582458312933791 
0.017538365173817728 0.2634894121228828 

0.023802067021609773 0.1582355143480081 
0.012214218603194488 0.5793087434841462 
0.013780144065142498 0.3687572702719286 
0.015032884434700909 0.2108841761944533 
0.01252740369558409 0.5529546463740608 
0.013466958972752897 0.4214135928936587 
0.01816473535859693 0.15826775480229247 
0.020357031005324145 0.15825656933856114 
0.014719699342311305 0.263524427487607 

0.017225180081428124 0.28979762281896315 
0.014719699342311305 0.6582173339804996 
0.015659254619480114 0.5003382249819 
0.016285624804259317 0.44768190236016986 
0.01691199498903852 0.31615355816029744 

0.018477920450986535 0.2108519357401689 
0.01252740369558409 0.500324320007959 
0.013466958972752897 0.34244905957584826 
0.015032884434700909 0.3424368911157668 
0.01659880989664892 0.2635122590275256 
0.017225180081428124 0.2108622526855399 

0.011587848418415283 0.7371748718982541 
0.08706545568430943 0.2371502262964697 
0.07328531161916693 0.28976664768863053 
0.03789539617914187 0.2897765678284101 
0.017225180081428124 0.2898088082826945 
0.01252740369558409 0.6056169541802267 
0.013153773880363295 0.5792628570701411 
0.013780144065142498 0.4477218035897391 
0.07579079235828375 0.23717046338162032 
0.03382398997807704 0.2897868847737811 
0.07485123708111494 0.28973051003657524 
0.014406514249921704 0.3950781902485387 
0.015659254619480114 0.39506548096800903 
0.01659880989664892 0.34244905957584826 

0.02943939868462261 0.2897868847737811 
0.011587848418415283 0.6055710677662216 
0.014093329157532102 0.2898088082826945 
0.012840588787973693 0.44769461164069946 
0.015659254619480114 0.28979762281896315 

