1536.0 95.01960784313725 
1472.0 103.02127659574468 
1487.0 95.02083333333333 
1483.0 102.02083333333333 
1485.0 97.02083333333333 

1475.0 116.02380952380952 
1526.0 100.01960784313725 
1492.0 100.02 
1482.0 104.02173913043478 
1478.0 108.02272727272727 
1484.0 100.0204081632653 
1476.0 114.02325581395348 
1480.0 106.02173913043478 

1471.0 108.02325581395348 
1491.0 100.02 
1474.0 100.02083333333333 
1473.0 106.02222222222223 
1478.0 100.0204081632653 

1473.0 111.02325581395348 
1486.0 95.02083333333333 
1485.0 99.02173913043478 
1476.0 105.02173913043478 
1480.0 103.02173913043478 
1479.0 103.02325581395348 

1495.0 95.01960784313725 
1468.0 100.0204081632653 
1488.0 95.0204081632653 
1476.0 100.02 
1486.0 97.0204081632653 
1485.0 99.02 
1481.0 99.02127659574468 
1491.0 95.02 
1484.0 99.0204081632653 

1504.0 95.01960784313725 
1467.0 111.025 
1472.0 103.02173913043478 
1476.0 97.02083333333333 
1468.0 110.02325581395348 
1471.0 105.02325581395348 
1486.0 95.02083333333333 
1493.0 95.0204081632653 
1475.0 99.02173913043478 

1483.0 100.0204081632653 
1475.0 114.02439024390245 
1478.0 108.02325581395348 
1480.0 106.02173913043478 
1482.0 101.02222222222223 

1487.0 97.01960784313725 
1468.0 108.02272727272727 
1471.0 102.02173913043478 
1476.0 102.02127659574468 
1481.0 99.02127659574468 
1483.0 97.02 

1465.0 117.02564102564102 
1706.0 98.01923076923077 
1662.0 100.01923076923077 
1549.0 100.01960784313725 
1483.0 100.02083333333333 
1468.0 112.025 
1470.0 111.02325581395348 
1472.0 106.02325581395348 
1670.0 98.02 
1536.0 100.02 
1667.0 100.01785714285714 
1474.0 104.02222222222223 
1478.0 104.02173913043478 
1481.0 102.02173913043478 

1522.0 100.02 
1465.0 112.02325581395348 
1473.0 100.02083333333333 
1469.0 106.02222222222223 
1478.0 100.0204081632653 

