0.15185185185185185 0.34943256795988376 
0.4777777777777778 0.3289220676394073 
0.35555555555555557 0.33254156769596194 
0.46111111111111114 0.330541317664708 
0.2 0.33661350525958594 
0.27037037037037037 0.3350752177355502 
0.29444444444444445 0.333729216152019 
0.17962962962962964 0.3458432304038004 
0.18518518518518517 0.3429064996760959 
0.1925925925925926 0.3404592240696753 
0.1962962962962963 0.3383884524027041 
0.4685185185185185 0.32969121140142515 

0.13703703703703704 0.35391923990498814 
0.22777777777777777 0.3458432304038004 
0.14074074074074075 0.34943256795988376 

0.16296296296296298 0.34943256795988376 
0.4759259259259259 0.33148588017946684 
0.3574074074074074 0.33254156769596194 
0.3351851851851852 0.33661350525958594 
0.22037037037037038 0.3383884524027041 
0.2074074074074074 0.3429064996760959 
0.21481481481481482 0.3404592240696753 

0.7574074074074074 0.32699920823436274 
0.15 0.3429064996760959 
0.3277777777777778 0.33254156769596194 
0.5314814814814814 0.33148588017946684 
0.6037037037037037 0.328222846037573 
0.18333333333333332 0.3404592240696753 
0.2611111111111111 0.3383884524027041 
0.26666666666666666 0.33661350525958594 
0.3111111111111111 0.3350752177355502 
0.32592592592592595 0.333729216152019 
0.5537037037037037 0.32969121140142515 
0.5796296296296296 0.3289220676394073 
0.5370370370370371 0.330541317664708 

0.15555555555555556 0.34943256795988376 
0.34629629629629627 0.330541317664708 
0.1925925925925926 0.3404592240696753 
0.25925925925925924 0.33254156769596194 
0.22037037037037038 0.3383884524027041 
0.25555555555555554 0.3350752177355502 
0.30925925925925923 0.33148588017946684 

0.14629629629629629 0.3596878181201223 
0.3111111111111111 0.330541317664708 
0.15 0.34943256795988376 
0.26481481481481484 0.3383884524027041 
0.2111111111111111 0.3404592240696753 
0.18703703703703703 0.3429064996760959 
0.28888888888888886 0.33254156769596194 
0.2759259259259259 0.3350752177355502 
0.30925925925925923 0.33148588017946684 

0.13148148148148148 1.0 
0.5 0.3275844263141589 
0.15185185185185185 0.35391923990498814 
0.13518518518518519 0.9955133280548957 
0.36666666666666664 0.330541317664708 
0.4685185185185185 0.32969121140142515 
0.31851851851851853 0.3350752177355502 
0.16666666666666666 0.3458432304038004 
0.24074074074074073 0.3429064996760959 
0.26666666666666666 0.33661350525958594 
0.3592592592592593 0.33148588017946684 
0.24444444444444444 0.3404592240696753 
0.4759259259259259 0.3289220676394073 
0.4925925925925926 0.328222846037573 

0.15 0.35391923990498814 
0.5296296296296297 0.32969121140142515 
0.20925925925925926 0.3429064996760959 
0.44074074074074077 0.330541317664708 
0.25555555555555554 0.33661350525958594 
0.1537037037037037 0.34943256795988376 
0.31296296296296294 0.33254156769596194 
0.4166666666666667 0.33148588017946684 
0.22037037037037038 0.3383884524027041 
0.30185185185185187 0.3350752177355502 
0.3055555555555556 0.333729216152019 

0.18703703703703703 0.34943256795988376 
0.6481481481481481 0.32699920823436274 
0.3925925925925926 0.330541317664708 
0.5962962962962963 0.3289220676394073 
0.2 0.3458432304038004 
0.2611111111111111 0.3404592240696753 
0.337037037037037 0.33148588017946684 
0.26666666666666666 0.3383884524027041 
0.3148148148148148 0.33254156769596194 
0.3 0.33661350525958594 
0.3037037037037037 0.3350752177355502 
0.6148148148148148 0.3275844263141589 
0.6018518518518519 0.328222846037573 

0.1814814814814815 0.35391923990498814 
0.22592592592592592 0.3429064996760959 
0.19814814814814816 0.3458432304038004 
0.18518518518518517 0.34943256795988376 

