672.0 4.111111111111111 
848.0 4.0476190476190474 
782.0 4.0588235294117645 
839.0 4.052631578947368 
698.0 4.071428571428571 
736.0 4.066666666666666 
749.0 4.0625 
687.0 4.1 
690.0 4.090909090909091 
694.0 4.083333333333333 
696.0 4.076923076923077 
843.0 4.05 

664.0 4.125 
713.0 4.1 
666.0 4.111111111111111 

678.0 4.111111111111111 
847.0 4.055555555555555 
783.0 4.0588235294117645 
771.0 4.071428571428571 
709.0 4.076923076923077 
702.0 4.090909090909091 
706.0 4.083333333333333 

999.0 4.041666666666667 
671.0 4.090909090909091 
767.0 4.0588235294117645 
877.0 4.055555555555555 
916.0 4.045454545454546 
689.0 4.083333333333333 
731.0 4.076923076923077 
734.0 4.071428571428571 
758.0 4.066666666666666 
766.0 4.0625 
889.0 4.05 
903.0 4.0476190476190474 
880.0 4.052631578947368 

674.0 4.111111111111111 
777.0 4.052631578947368 
694.0 4.083333333333333 
730.0 4.0588235294117645 
709.0 4.076923076923077 
728.0 4.066666666666666 
757.0 4.055555555555555 

669.0 4.142857142857143 
758.0 4.052631578947368 
671.0 4.111111111111111 
733.0 4.076923076923077 
704.0 4.083333333333333 
691.0 4.090909090909091 
746.0 4.0588235294117645 
739.0 4.066666666666666 
757.0 4.055555555555555 

661.0 6.125 
860.0 4.043478260869565 
672.0 4.125 
663.0 6.111111111111111 
788.0 4.052631578947368 
843.0 4.05 
762.0 4.066666666666666 
680.0 4.1 
720.0 4.090909090909091 
734.0 4.071428571428571 
784.0 4.055555555555555 
722.0 4.083333333333333 
847.0 4.0476190476190474 
856.0 4.045454545454546 

671.0 4.125 
876.0 4.05 
703.0 4.090909090909091 
828.0 4.052631578947368 
728.0 4.071428571428571 
673.0 4.111111111111111 
759.0 4.0588235294117645 
815.0 4.055555555555555 
709.0 4.076923076923077 
753.0 4.066666666666666 
755.0 4.0625 

691.0 4.111111111111111 
940.0 4.041666666666667 
802.0 4.052631578947368 
912.0 4.0476190476190474 
698.0 4.1 
731.0 4.083333333333333 
772.0 4.055555555555555 
734.0 4.076923076923077 
760.0 4.0588235294117645 
752.0 4.071428571428571 
754.0 4.066666666666666 
922.0 4.043478260869565 
915.0 4.045454545454546 

688.0 4.125 
712.0 4.090909090909091 
697.0 4.1 
690.0 4.111111111111111 

