0.07100591715976332 0.5732930475953152 
0.6627218934911243 0.5688543483678046 
0.17159763313609466 0.569313524149961 
0.10059171597633136 0.5711793812965006 
0.14792899408284024 0.5705912306742217 
0.13609467455621302 0.5708719389257639 

0.0 0.14717792175429845 
0.28994082840236685 0.14224603372373124 
0.07692307692307693 0.14337332241643233 
0.15976331360946747 0.14303513580862187 
0.023668639053254437 0.14665572184517953 
0.029585798816568046 0.14506425545548385 
0.03550295857988166 0.14475681308474714 

0.07100591715976332 0.5738848741589833 
0.47928994082840237 0.568361159564748 
0.10059171597633136 0.5711793812965006 
0.24260355029585798 0.569488448257449 
0.20710059171597633 0.5708719389257639 
0.40236686390532544 0.5691502616496387 
0.46153846153846156 0.5689975322138534 

0.07692307692307693 0.5727708476861962 
0.30177514792899407 0.568361159564748 
0.10650887573964497 0.5705912306742217 
0.22485207100591717 0.5688543483678046 
0.14201183431952663 0.569488448257449 
0.17159763313609466 0.5691502616496387 
0.14792899408284024 0.569313524149961 

0.34911242603550297 0.5708719389257639 
0.11834319526627218 0.5723066699892017 
0.22485207100591717 0.5711793812965006 
0.14792899408284024 0.5718913531024171 
0.1893491124260355 0.5715175679043111 

0.07100591715976332 0.5738848741589833 
0.1834319526627219 0.569313524149961 
0.10059171597633136 0.5715175679043111 
0.09467455621301775 0.5732930475953152 
0.1301775147928994 0.5711793812965006 
0.17159763313609466 0.5696763297062324 

0.07100591715976332 0.5738848741589833 
0.40828402366863903 0.5696763297062324 
0.10059171597633136 0.5711793812965006 
0.3254437869822485 0.5705912306742217 
0.15976331360946747 0.5708719389257639 

0.0 0.14665572184517953 
0.1834319526627219 0.1424781225722284 
0.04142011834319527 0.14319839830894424 
0.023668639053254437 0.14619154414818494 
0.10059171597633136 0.14303513580862187 
0.029585798816568046 0.14447610483320494 

0.6094674556213018 0.14145693163884035 
0.0 0.14665572184517953 
0.029585798816568046 0.14447610483320494 
0.3076923076923077 0.14185148268128578 
0.08875739644970414 0.14337332241643233 
0.10650887573964497 0.14303513580862187 
0.1952662721893491 0.1424781225722284 
0.24260355029585798 0.14213939830685388 
0.2958579881656805 0.1420383752803389 
0.23668639053254437 0.1423587625930012 

0.07100591715976332 0.5745612473746039 
0.1893491124260355 0.5711793812965006 
0.10059171597633136 0.5715175679043111 

