123.0 14.0625 
223.0 14.03125 
140.0 14.03448275862069 
128.0 14.047619047619047 
136.0 14.043478260869565 
134.0 14.045454545454545 

111.0 11.0625 
160.0 11.027777777777779 
124.0 11.035714285714286 
138.0 11.033333333333333 
115.0 11.058823529411764 
116.0 11.047619047619047 
117.0 11.045454545454545 

123.0 14.066666666666666 
192.0 14.027777777777779 
128.0 14.047619047619047 
152.0 14.035714285714286 
146.0 14.045454545454545 
179.0 14.033333333333333 
189.0 14.03225806451613 

124.0 14.058823529411764 
162.0 14.027777777777779 
129.0 14.043478260869565 
149.0 14.03125 
135.0 14.035714285714286 
140.0 14.033333333333333 
136.0 14.03448275862069 

170.0 14.045454545454545 
131.0 14.055555555555555 
149.0 14.047619047619047 
136.0 14.052631578947368 
143.0 14.05 

123.0 14.066666666666666 
142.0 14.03448275862069 
128.0 14.05 
127.0 14.0625 
133.0 14.047619047619047 
140.0 14.037037037037036 

123.0 14.066666666666666 
180.0 14.037037037037036 
128.0 14.047619047619047 
166.0 14.043478260869565 
138.0 14.045454545454545 

111.0 11.058823529411764 
142.0 11.029411764705882 
118.0 11.03448275862069 
115.0 11.055555555555555 
128.0 11.033333333333333 
116.0 11.043478260869565 

214.0 11.022222222222222 
111.0 11.058823529411764 
116.0 11.043478260869565 
163.0 11.025 
126.0 11.035714285714286 
129.0 11.033333333333333 
144.0 11.029411764705882 
152.0 11.027027027027026 
161.0 11.026315789473685 
151.0 11.028571428571428 

123.0 14.071428571428571 
143.0 14.047619047619047 
128.0 14.05 

