0.1388888888888889 0.3383884524027041 
0.1537037037037037 0.33661350525958594 
0.17962962962962964 0.33148588017946684 
0.2814814814814815 0.3289220676394073 
0.23333333333333334 0.330541317664708 
0.2740740740740741 0.32969121140142515 
0.1037037037037037 0.35391923990498814 
0.10555555555555556 0.3458432304038004 
0.9648148148148148 0.3233282948247319 
0.12962962962962962 0.3429064996760959 
0.7962962962962963 0.32363420427553447 
0.662962962962963 0.32430720506730004 
0.7888888888888889 0.3239598498199372 
0.5814814814814815 0.3250763488293179 
0.6518518518518519 0.32467851584896384 
0.5574074074074075 0.325963822400877 
0.5648148148148148 0.325503650919328 
0.37962962962962965 0.32646080760095014 
0.3648148148148148 0.32699920823436274 
