659.0 4.1 
985.0 4.038461538461538 
779.0 4.052631578947368 
857.0 4.05 
716.0 4.0588235294117645 
873.0 4.045454545454546 
932.0 4.043478260869565 
769.0 4.055555555555555 
676.0 4.071428571428571 
664.0 4.090909090909091 
704.0 4.066666666666666 
668.0 4.083333333333333 
939.0 4.041666666666667 
672.0 4.076923076923077 
968.0 4.04 
710.0 4.0625 
870.0 4.0476190476190474 

761.0 4.05 
648.0 4.111111111111111 
665.0 4.076923076923077 
697.0 4.0588235294117645 
729.0 4.052631578947368 
673.0 4.071428571428571 
725.0 4.055555555555555 

735.0 4.052631578947368 
651.0 4.1 
666.0 4.090909090909091 
694.0 4.083333333333333 
713.0 4.0588235294117645 
732.0 4.055555555555555 
705.0 4.076923076923077 
707.0 4.071428571428571 
711.0 4.0625 

666.0 4.111111111111111 
894.0 4.038461538461538 
687.0 4.055555555555555 
889.0 4.041666666666667 
742.0 4.0476190476190474 
677.0 4.1 
716.0 4.052631578947368 
738.0 4.05 

661.0 4.111111111111111 
794.0 4.041666666666667 
736.0 4.052631578947368 
662.0 4.1 
711.0 4.071428571428571 
685.0 4.083333333333333 
688.0 4.076923076923077 
719.0 4.055555555555555 
714.0 4.0625 

646.0 4.125 
755.0 4.05 
647.0 4.1 
707.0 4.076923076923077 
739.0 4.071428571428571 
743.0 4.0588235294117645 
746.0 4.055555555555555 
752.0 4.052631578947368 

897.0 4.041666666666667 
657.0 6.125 
659.0 6.111111111111111 
666.0 4.125 
756.0 4.052631578947368 
823.0 4.0476190476190474 
850.0 4.043478260869565 
740.0 4.076923076923077 
699.0 4.083333333333333 
671.0 4.1 
827.0 4.045454545454546 
746.0 4.0588235294117645 
752.0 4.055555555555555 
667.0 4.111111111111111 

657.0 4.1 
1111.0 4.03030303030303 
816.0 4.0588235294117645 
660.0 4.090909090909091 
1020.0 4.03125 
948.0 4.033333333333333 
1016.0 4.032258064516129 
828.0 4.0476190476190474 
904.0 4.035714285714286 
942.0 4.0344827586206895 
826.0 4.052631578947368 
856.0 4.045454545454546 
874.0 4.04 
891.0 4.038461538461538 
861.0 4.043478260869565 
867.0 4.041666666666667 
895.0 4.037037037037037 

774.0 4.05 
662.0 4.111111111111111 
706.0 4.076923076923077 
680.0 4.083333333333333 
751.0 4.071428571428571 
667.0 4.1 
764.0 4.055555555555555 
760.0 4.0625 
756.0 4.066666666666666 
770.0 4.052631578947368 

656.0 4.111111111111111 
795.0 4.04 
666.0 4.090909090909091 
710.0 4.083333333333333 
725.0 4.0625 
760.0 4.05 
657.0 4.1 
787.0 4.041666666666667 
711.0 4.076923076923077 
744.0 4.052631578947368 
735.0 4.055555555555555 
732.0 4.0588235294117645 

