0.12777777777777777 0.3458432304038004 
0.7314814814814815 0.325963822400877 
0.35 0.330541317664708 
0.49444444444444446 0.32969121140142515 
0.23333333333333334 0.33254156769596194 
0.524074074074074 0.328222846037573 
0.6333333333333333 0.3275844263141589 
0.3314814814814815 0.33148588017946684 
0.15925925925925927 0.33661350525958594 
0.13703703703703704 0.3429064996760959 
0.2111111111111111 0.3350752177355502 
0.14444444444444443 0.3404592240696753 
0.6462962962962963 0.32699920823436274 
0.15185185185185185 0.3383884524027041 
0.7 0.32646080760095014 
0.2222222222222222 0.333729216152019 
0.5185185185185185 0.3289220676394073 

0.31666666666666665 0.32969121140142515 
0.10740740740740741 0.34943256795988376 
0.1388888888888889 0.3383884524027041 
0.19814814814814816 0.33254156769596194 
0.2574074074074074 0.330541317664708 
0.1537037037037037 0.33661350525958594 
0.25 0.33148588017946684 

0.26851851851851855 0.330541317664708 
0.11296296296296296 0.3458432304038004 
0.14074074074074075 0.3429064996760959 
0.1925925925925926 0.3404592240696753 
0.22777777777777777 0.33254156769596194 
0.26296296296296295 0.33148588017946684 
0.21296296296296297 0.3383884524027041 
0.21666666666666667 0.33661350525958594 
0.22407407407407406 0.333729216152019 

0.14074074074074075 0.34943256795988376 
0.562962962962963 0.325963822400877 
0.17962962962962964 0.33148588017946684 
0.5537037037037037 0.32699920823436274 
0.2814814814814815 0.3289220676394073 
0.16111111111111112 0.3458432304038004 
0.23333333333333334 0.330541317664708 
0.2740740740740741 0.32969121140142515 

0.13148148148148148 0.34943256795988376 
0.37777777777777777 0.32699920823436274 
0.27037037037037037 0.330541317664708 
0.13333333333333333 0.3458432304038004 
0.22407407407407406 0.33661350525958594 
0.17592592592592593 0.3404592240696753 
0.1814814814814815 0.3383884524027041 
0.2388888888888889 0.33148588017946684 
0.22962962962962963 0.333729216152019 

0.1037037037037037 0.35391923990498814 
0.3055555555555556 0.32969121140142515 
0.10555555555555556 0.3458432304038004 
0.21666666666666667 0.3383884524027041 
0.2759259259259259 0.33661350525958594 
0.2833333333333333 0.33254156769596194 
0.28888888888888886 0.33148588017946684 
0.3 0.330541317664708 

0.5685185185185185 0.32699920823436274 
0.12407407407407407 1.0 
0.12777777777777777 0.9955133280548957 
0.14074074074074075 0.35391923990498814 
0.3074074074074074 0.330541317664708 
0.43148148148148147 0.3289220676394073 
0.48148148148148145 0.3275844263141589 
0.2777777777777778 0.3383884524027041 
0.20185185185185187 0.3404592240696753 
0.15 0.3458432304038004 
0.4388888888888889 0.328222846037573 
0.28888888888888886 0.33254156769596194 
0.3 0.33148588017946684 
0.1425925925925926 0.34943256795988376 

0.12407407407407407 0.3458432304038004 
0.9648148148148148 0.3233282948247319 
0.4185185185185185 0.33254156769596194 
0.12962962962962962 0.3429064996760959 
0.7962962962962963 0.32363420427553447 
0.662962962962963 0.32430720506730004 
0.7888888888888889 0.3239598498199372 
0.44074074074074077 0.3289220676394073 
0.5814814814814815 0.3250763488293179 
0.6518518518518519 0.32467851584896384 
0.43703703703703706 0.330541317664708 
0.4925925925925926 0.328222846037573 
0.5259259259259259 0.32646080760095014 
0.5574074074074075 0.325963822400877 
0.5018518518518519 0.3275844263141589 
0.512962962962963 0.32699920823436274 
0.5648148148148148 0.325503650919328 

0.34074074074074073 0.32969121140142515 
0.13333333333333333 0.34943256795988376 
0.21481481481481482 0.3383884524027041 
0.16666666666666666 0.3404592240696753 
0.29814814814814816 0.33661350525958594 
0.1425925925925926 0.3458432304038004 
0.32222222222222224 0.33148588017946684 
0.3148148148148148 0.333729216152019 
0.3074074074074074 0.3350752177355502 
0.3333333333333333 0.330541317664708 

0.12222222222222222 0.34943256795988376 
0.37962962962962965 0.32646080760095014 
0.14074074074074075 0.3429064996760959 
0.2222222222222222 0.3404592240696753 
0.25 0.333729216152019 
0.3148148148148148 0.32969121140142515 
0.12407407407407407 0.3458432304038004 
0.3648148148148148 0.32699920823436274 
0.22407407407407406 0.3383884524027041 
0.2851851851851852 0.330541317664708 
0.26851851851851855 0.33148588017946684 
0.26296296296296295 0.33254156769596194 

