123.0 14.066666666666666 
187.0 14.030303030303031 
128.0 14.043478260869565 
137.0 14.037037037037036 
127.0 14.0625 
167.0 14.03448275862069 
136.0 14.041666666666666 
174.0 14.03225806451613 

123.0 14.0625 
150.0 14.03225806451613 
129.0 14.043478260869565 
127.0 14.058823529411764 
128.0 14.045454545454545 

114.0 11.055555555555555 
138.0 11.028571428571428 
119.0 11.043478260869565 
124.0 11.033333333333333 
131.0 11.03225806451613 
116.0 11.052631578947368 
123.0 11.035714285714286 

123.0 14.058823529411764 
158.0 14.03125 
140.0 14.033333333333333 
129.0 14.045454545454545 
128.0 14.047619047619047 

123.0 14.0625 
199.0 14.03125 
140.0 14.033333333333333 
128.0 14.047619047619047 
129.0 14.045454545454545 

121.0 14.058823529411764 
163.0 14.026315789473685 
126.0 14.043478260869565 
156.0 14.029411764705882 
132.0 14.03448275862069 
125.0 14.055555555555555 
140.0 14.03225806451613 

123.0 14.058823529411764 
140.0 14.033333333333333 
128.0 14.045454545454545 
138.0 14.035714285714286 

123.0 14.066666666666666 
158.0 14.03225806451613 
140.0 14.03448275862069 
128.0 14.05 
129.0 14.047619047619047 

123.0 14.0625 
140.0 14.035714285714286 
128.0 14.045454545454545 
127.0 14.058823529411764 

111.0 11.058823529411764 
187.0 11.022727272727273 
138.0 11.027777777777779 
179.0 11.026315789473685 
122.0 11.033333333333333 
115.0 11.052631578947368 
116.0 11.043478260869565 
117.0 11.041666666666666 
112.0 11.055555555555555 
182.0 11.025641025641026 

