0.07100591715976332 0.5738848741589833 
0.44970414201183434 0.5687198423306075 
0.10059171597633136 0.5705912306742217 
0.15384615384615385 0.5696763297062324 
0.09467455621301775 0.5732930475953152 
0.33136094674556216 0.569313524149961 
0.14792899408284024 0.5703339147769747 
0.3727810650887574 0.5689975322138534 

0.07100591715976332 0.5732930475953152 
0.23076923076923078 0.5689975322138534 
0.10650887573964497 0.5705912306742217 
0.09467455621301775 0.5727708476861962 
0.10059171597633136 0.5708719389257639 

0.01775147928994083 0.14619154414818494 
0.15976331360946747 0.1423587625930012 
0.047337278106508875 0.14447610483320494 
0.07692307692307693 0.14303513580862187 
0.11834319526627218 0.1428824063728367 
0.029585798816568046 0.14577622726140033 
0.07100591715976332 0.14337332241643233 

0.07100591715976332 0.5727708476861962 
0.2781065088757396 0.5688543483678046 
0.17159763313609466 0.5691502616496387 
0.10650887573964497 0.5708719389257639 
0.10059171597633136 0.5711793812965006 

0.07100591715976332 0.5732930475953152 
0.5207100591715976 0.5688543483678046 
0.17159763313609466 0.5691502616496387 
0.10059171597633136 0.5711793812965006 
0.10650887573964497 0.5708719389257639 

0.05917159763313609 0.5727708476861962 
0.3076923076923077 0.5681535011213557 
0.08875739644970414 0.5705912306742217 
0.26627218934911245 0.5685932484132451 
0.1242603550295858 0.569313524149961 
0.08284023668639054 0.5723066699892017 
0.17159763313609466 0.5689975322138534 

0.07100591715976332 0.5727708476861962 
0.17159763313609466 0.5691502616496387 
0.10059171597633136 0.5708719389257639 
0.15976331360946747 0.569488448257449 

0.07100591715976332 0.5738848741589833 
0.2781065088757396 0.5689975322138534 
0.17159763313609466 0.569313524149961 
0.10059171597633136 0.5715175679043111 
0.10650887573964497 0.5711793812965006 

0.07100591715976332 0.5732930475953152 
0.17159763313609466 0.569488448257449 
0.10059171597633136 0.5708719389257639 
0.09467455621301775 0.5727708476861962 

0.0 0.14665572184517953 
0.44970414201183434 0.14152866819201232 
0.15976331360946747 0.14224603372373124 
0.40236686390532544 0.1420383752803389 
0.0650887573964497 0.14303513580862187 
0.023668639053254437 0.14577622726140033 
0.029585798816568046 0.14447610483320494 
0.03550295857988166 0.14421878893595796 
0.005917159763313609 0.14619154414818494 
0.42011834319526625 0.14194253292185005 

