0.05 0.019866119628589946 
0.04259259259259259 0.03087885985748222 
0.040740740740740744 0.34943256795988376 
0.774074074074074 0.0016381358014579252 
0.17592592592592593 0.013573125212080176 
0.37777777777777777 0.002035968781812005 
0.2722222222222222 0.003958828186856676 
0.31666666666666665 0.0034204275534442255 
0.35 0.002923442353371084 
0.24259259259259258 0.004544046266652993 
0.3574074074074074 0.0024632708718220274 
0.1925925925925926 0.009501187648456023 
0.21851851851851853 0.006650831353919216 
0.2351851851851852 0.0051824659900669605 
0.1962962962962963 0.008445500131960909 
0.2111111111111111 0.007500937617202236 
