0.10740740740740741 0.35391923990498814 
0.40925925925925927 0.32467851584896384 
0.40185185185185185 0.32646080760095014 
0.26481481481481484 0.32699920823436274 
0.13148148148148148 0.34943256795988376 
0.1388888888888889 0.3429064996760959 
0.20555555555555555 0.33254156769596194 
0.17037037037037037 0.33661350525958594 
0.14629629629629629 0.3404592240696753 
0.1685185185185185 0.3383884524027041 
0.20925925925925926 0.330541317664708 
0.24259259259259258 0.328222846037573 
0.22407407407407406 0.3289220676394073 
0.22037037037037038 0.32969121140142515 

0.05 0.019866119628589946 
0.04259259259259259 0.03087885985748222 

0.13518518518518519 0.34943256795988376 
0.8870370370370371 0.3233282948247319 
0.2111111111111111 0.3404592240696753 
0.2222222222222222 0.333729216152019 
0.7092592592592593 0.32363420427553447 
0.1425925925925926 0.3458432304038004 
0.5518518518518518 0.3239598498199372 
0.37407407407407406 0.325963822400877 
0.49444444444444446 0.325503650919328 
0.29814814814814816 0.3289220676394073 
0.34629629629629627 0.328222846037573 
0.23148148148148148 0.33148588017946684 
0.26296296296296295 0.330541317664708 
0.3574074074074074 0.32646080760095014 
0.2796296296296296 0.32969121140142515 
0.22592592592592592 0.33254156769596194 
0.5018518518518519 0.3250763488293179 
0.5259259259259259 0.32467851584896384 
0.34814814814814815 0.3275844263141589 
0.5314814814814814 0.32430720506730004 

0.42592592592592593 0.325503650919328 
0.10555555555555556 0.9919239904988122 
0.11296296296296296 0.35391923990498814 
0.23703703703703705 0.328222846037573 
0.36666666666666664 0.3275844263141589 
0.37407407407407406 0.32699920823436274 
0.19814814814814816 0.3289220676394073 
0.13148148148148148 0.3429064996760959 
0.1685185185185185 0.3383884524027041 
0.18888888888888888 0.33661350525958594 
0.11666666666666667 0.3458432304038004 
0.19074074074074074 0.33254156769596194 

0.07222222222222222 0.34943256795988376 
0.46111111111111114 0.325503650919328 
0.07592592592592592 0.3429064996760959 
0.20555555555555555 0.33254156769596194 
0.2462962962962963 0.32699920823436274 
0.387037037037037 0.32646080760095014 
0.40370370370370373 0.325963822400877 
0.22407407407407406 0.33148588017946684 
0.22777777777777777 0.32969121140142515 
0.24259259259259258 0.328222846037573 

0.09444444444444444 0.3429064996760959 
0.04259259259259259 0.35391923990498814 
0.046296296296296294 0.3458432304038004 

0.040740740740740744 0.34943256795988376 
0.1 0.3404592240696753 
0.044444444444444446 0.3458432304038004 
0.09259259259259259 0.3429064996760959 

0.10555555555555556 0.34943256795988376 
0.32407407407407407 0.325963822400877 
0.2074074074074074 0.3404592240696753 
0.12222222222222222 0.3458432304038004 
0.21296296296296297 0.33661350525958594 
0.25555555555555554 0.3350752177355502 
0.2814814814814815 0.328222846037573 
0.26851851851851855 0.33254156769596194 
0.2722222222222222 0.330541317664708 
0.30185185185185187 0.32646080760095014 
0.29444444444444445 0.32699920823436274 

0.662962962962963 0.3250763488293179 
0.09444444444444444 0.35391923990498814 
0.23148148148148148 0.3429064996760959 
0.09814814814814815 0.3458432304038004 
0.32407407407407407 0.33254156769596194 
0.4648148148148148 0.32646080760095014 
0.6518518518518519 0.325963822400877 
0.37592592592592594 0.33148588017946684 
0.3962962962962963 0.32969121140142515 
0.4222222222222222 0.3289220676394073 
0.4462962962962963 0.328222846037573 
0.38333333333333336 0.330541317664708 
0.4537037037037037 0.3275844263141589 

0.07407407407407407 0.3458432304038004 
0.774074074074074 0.0016381358014579252 
0.1537037037037037 0.3404592240696753 
0.17592592592592593 0.013573125212080176 
0.37777777777777777 0.002035968781812005 
0.11481481481481481 0.3429064996760959 
0.2722222222222222 0.003958828186856676 
0.31666666666666665 0.0034204275534442255 
0.35 0.002923442353371084 
0.24259259259259258 0.004544046266652993 
0.3574074074074074 0.0024632708718220274 
0.1925925925925926 0.009501187648456023 
0.21851851851851853 0.006650831353919216 
0.2351851851851852 0.0051824659900669605 
0.1962962962962963 0.008445500131960909 
0.2111111111111111 0.007500937617202236 

