648.0 4.125 
811.0 4.0344827586206895 
807.0 4.04 
733.0 4.041666666666667 
661.0 4.111111111111111 
665.0 4.090909090909091 
701.0 4.0588235294117645 
682.0 4.071428571428571 
669.0 4.083333333333333 
681.0 4.076923076923077 
703.0 4.052631578947368 
721.0 4.045454545454546 
711.0 4.0476190476190474 
709.0 4.05 

617.0 3.090909090909091 
613.0 3.125 

663.0 4.111111111111111 
1069.0 4.03030303030303 
704.0 4.083333333333333 
710.0 4.0625 
973.0 4.03125 
667.0 4.1 
888.0 4.032258064516129 
792.0 4.038461538461538 
857.0 4.037037037037037 
751.0 4.0476190476190474 
777.0 4.045454545454546 
715.0 4.055555555555555 
732.0 4.052631578947368 
783.0 4.04 
741.0 4.05 
712.0 4.0588235294117645 
861.0 4.035714285714286 
874.0 4.0344827586206895 
778.0 4.043478260869565 
877.0 4.033333333333333 

820.0 4.037037037037037 
647.0 6.1 
651.0 4.125 
718.0 4.045454545454546 
788.0 4.043478260869565 
792.0 4.041666666666667 
697.0 4.0476190476190474 
661.0 4.090909090909091 
681.0 4.076923076923077 
692.0 4.071428571428571 
653.0 4.1 
693.0 4.0588235294117645 

629.0 4.111111111111111 
839.0 4.037037037037037 
631.0 4.090909090909091 
701.0 4.0588235294117645 
723.0 4.041666666666667 
799.0 4.04 
808.0 4.038461538461538 
711.0 4.055555555555555 
713.0 4.05 
721.0 4.045454545454546 

641.0 4.090909090909091 
613.0 4.125 
615.0 4.1 

612.0 4.111111111111111 
644.0 4.083333333333333 
614.0 4.1 
640.0 4.090909090909091 

647.0 4.111111111111111 
765.0 4.038461538461538 
702.0 4.083333333333333 
656.0 4.1 
705.0 4.071428571428571 
728.0 4.066666666666666 
742.0 4.045454545454546 
735.0 4.0588235294117645 
737.0 4.052631578947368 
753.0 4.04 
749.0 4.041666666666667 

948.0 4.035714285714286 
641.0 4.125 
715.0 4.090909090909091 
643.0 4.1 
765.0 4.0588235294117645 
841.0 4.04 
942.0 4.038461538461538 
793.0 4.055555555555555 
804.0 4.05 
818.0 4.0476190476190474 
831.0 4.045454545454546 
797.0 4.052631578947368 
835.0 4.043478260869565 

630.0 4.1 
1008.0 3.0344827586206895 
673.0 4.083333333333333 
685.0 3.0714285714285716 
794.0 3.0357142857142856 
652.0 4.090909090909091 
737.0 3.0416666666666665 
761.0 3.04 
779.0 3.0384615384615383 
721.0 3.0434782608695654 
783.0 3.037037037037037 
694.0 3.0588235294117645 
708.0 3.05 
717.0 3.0454545454545454 
696.0 3.0555555555555554 
704.0 3.0526315789473686 

