0.6628966383914546 0.012661724771081408 
0.3996229971724788 0.015194437978596325 
0.47973609802073514 0.01519399408127687 
0.4923028589381087 0.015193852345641535 
0.5626767200754006 0.01519344449411948 
0.6160854539742382 0.015193378934230157 
0.30191643103989946 0.015196252167640964 
0.34652843229657554 0.015196059247742567 
0.2453660069117185 0.015197867541447837 
0.2855796418473139 0.015197749593519076 
0.39522463085139803 0.015195246628751869 
0.36663524976437323 0.015195332695610535 
0.24473766886584983 0.015199706456882517 
0.6349355953502984 0.012662384143967512 
0.3518693056864593 0.015195687270453414 
0.6333647502356268 0.015193123218044877 
0.6537857367263588 0.012661915589598451 
0.29783223374175305 0.015197518447242599 
0.18221803330191644 0.02026090524572931 
0.10147659440779139 0.020268895771130085 
0.117813383600377 0.020268389440807666 
0.12441093308199812 0.020266338803001854 
0.027961043041156142 0.9442804682753608 
0.032359409362236885 0.058269333195320586 
0.06220546654099906 0.02028055253759709 
0.03298774740810556 0.0430765400814581 
0.07351555136663525 0.020274196802615482 
0.05529374803644361 0.020281680611771314 
0.04272698711907006 0.020287736588917162 
0.07288721332076657 0.020274968570434676 
0.0527803958529689 0.02028415509705671 
0.02544769085768143 0.9569398576677984 
0.027332704995287466 0.9544060620632147 
0.20201068174677977 0.020259657692731244 
0.03424442349984291 0.025349767784584285 
0.07100219918316054 0.02027663396414976 
0.09896324222431668 0.020272760955509984 
0.0486961985548225 0.02028551606396368 
0.04021363493559535 0.020289351516156046 
0.22588752748978952 0.02025914733014113 
0.03267357838517122 0.05573564181498124 
0.0333019164310399 0.04054414892922131 
0.19949732956330507 0.020260315341169535 
0.138234370091109 0.020265148490252488 
0.14734527175620485 0.020263258361083555 
0.10775997486647816 0.020268640074317272 
0.17593465284322965 0.02026294933362253 
0.043669494187873074 0.02028697089065735 
0.08325479107759975 0.02027382486631708 
