1441.0 465.0357142857143 
3778.0 97.00348432055749 
1446.0 464.0344827586207 
1462.0 110.02173913043478 
3030.0 97.00442477876106 
3286.0 97.0042194092827 
3577.0 97.00350877192983 
2475.0 97.00571428571429 
2651.0 97.00534759358288 
2465.0 97.00649350649351 
2001.0 97.0072463768116 
2172.0 97.00699300699301 
2304.0 97.00662251655629 
1685.0 97.01234567901234 
2861.0 97.00462962962963 
2704.0 97.00478468899522 
2850.0 97.00467289719626 
2999.0 97.00456621004567 
3301.0 97.00408163265305 
2182.0 97.00694444444444 
3422.0 97.00398406374502 
2295.0 97.00675675675676 
1578.0 97.01408450704226 
3512.0 97.00383141762453 
3437.0 97.00396825396825 
1465.0 104.02127659574468 
1485.0 103.02 
1819.0 97.01052631578948 
1761.0 97.01204819277109 
1486.0 97.01923076923077 
3528.0 97.00377358490566 
1732.0 97.01219512195122 
1955.0 97.00757575757575 
1497.0 97.01754385964912 
1541.0 97.01515151515152 
1862.0 97.01020408163265 
1903.0 97.00847457627118 
1946.0 97.008 
1542.0 97.01449275362319 
