1446.0 470.030303030303 
3463.0 92.0049751243781 
1453.0 469.02941176470586 
1466.0 109.02127659574468 
2625.0 93.00549450549451 
2880.0 93.00531914893617 
2920.0 93.00526315789473 
3144.0 93.00510204081633 
3314.0 93.00507614213198 
2314.0 93.00621118012423 
2456.0 93.00613496932516 
2134.0 93.0068493150685 
2262.0 93.00680272108843 
1807.0 95.00877192982456 
1911.0 95.00840336134453 
2057.0 95.00787401574803 
2611.0 93.00581395348837 
2520.0 93.00584795321637 
2132.0 93.00757575757575 
1731.0 95.01298701298701 
1544.0 95.01754385964912 
1563.0 95.01612903225806 
1626.0 95.01388888888889 
1693.0 95.01351351351352 
1488.0 95.01818181818182 
3374.0 92.00523560209425 
2473.0 93.0059880239521 
1979.0 95.00819672131148 
1915.0 95.00833333333334 
3369.0 93.0049751243781 
3434.0 92.0050505050505 
2039.0 95.0079365079365 
1476.0 97.01923076923077 
2301.0 93.00671140939598 
1614.0 95.01538461538462 
1473.0 103.01960784313725 
