1440.0 465.0344827586207 
3601.0 95.00401606425703 
1469.0 464.0344827586207 
1471.0 111.02127659574468 
3221.0 95.0045871559633 
2941.0 95.00460829493088 
2484.0 95.0059880239521 
3504.0 95.00416666666666 
3297.0 95.00418410041841 
2307.0 95.0060606060606 
2078.0 95.00657894736842 
2263.0 95.00632911392405 
2186.0 95.00653594771242 
1933.0 95.00694444444444 
2033.0 95.00689655172414 
2802.0 95.0047619047619 
2704.0 95.00485436893204 
3585.0 95.0040650406504 
2519.0 95.0054347826087 
1835.0 95.00854700854701 
1594.0 95.01388888888889 
1676.0 95.01010101010101 
2862.0 95.0046511627907 
1473.0 109.02127659574468 
1485.0 95.01960784313725 
2572.0 95.00531914893617 
2587.0 95.005 
1478.0 99.01923076923077 
2689.0 95.00492610837438 
3282.0 95.0042194092827 
1728.0 95.00990099009901 
1881.0 95.00813008130082 
2639.0 95.0049504950495 
1530.0 95.01694915254237 
1579.0 95.01428571428572 
2813.0 95.00467289719626 
1749.0 95.00909090909092 
1796.0 95.00884955752213 
