1447.0 465.0344827586207 
4101.0 95.0028328611898 
1457.0 464.03225806451616 
1470.0 109.02222222222223 
3654.0 95.00373134328358 
3190.0 95.003861003861 
2846.0 95.0042735042735 
3101.0 95.00425531914894 
3971.0 95.00306748466258 
3812.0 95.003125 
1988.0 95.00671140939598 
2201.0 95.00555555555556 
2329.0 95.00546448087432 
1793.0 95.00862068965517 
1822.0 95.00787401574803 
2108.0 95.00657894736842 
3977.0 95.00294117647059 
4082.0 95.00290697674419 
1479.0 97.02 
2339.0 95.00537634408602 
2438.0 95.005291005291 
1696.0 95.01 
2622.0 95.00502512562814 
2528.0 95.00507614213198 
2172.0 95.00581395348837 
1913.0 95.0077519379845 
3695.0 95.003300330033 
3783.0 95.00322580645161 
2445.0 95.00520833333333 
1492.0 95.01724137931035 
1618.0 95.01204819277109 
1978.0 95.00714285714285 
3156.0 95.00409836065573 
2741.0 95.00462962962963 
1556.0 95.01694915254237 
2815.0 95.00442477876106 
2753.0 95.00460829493088 
2682.0 95.00485436893204 
