1447.0 465.030303030303 
3866.0 95.00334448160535 
1450.0 465.02941176470586 
1457.0 109.02083333333333 
3573.0 95.00403225806451 
2899.0 95.0050505050505 
2574.0 95.00510204081633 
3254.0 95.00408163265305 
3067.0 95.0045871559633 
2912.0 95.005 
2055.0 95.00769230769231 
3206.0 95.00442477876106 
2476.0 95.00595238095238 
2344.0 95.00617283950618 
2183.0 95.00740740740741 
1926.0 95.00847457627118 
2044.0 95.00826446280992 
2270.0 95.00628930817611 
3747.0 95.00347222222223 
3850.0 95.00341296928327 
1687.0 95.01063829787235 
1784.0 95.01052631578948 
1550.0 95.01818181818182 
1884.0 95.00980392156863 
1792.0 95.01010101010101 
2235.0 95.0068493150685 
1488.0 95.01886792452831 
3727.0 95.00357142857143 
3601.0 95.003861003861 
3667.0 95.00375939849624 
1626.0 95.01315789473684 
2536.0 95.00561797752809 
1466.0 98.01960784313725 
3652.0 95.00383141762453 
3218.0 95.00431034482759 
2188.0 95.0072463768116 
1459.0 103.01960784313725 
1583.0 95.01351351351352 
1651.0 95.01282051282051 
