1434.0 466.03333333333336 
3443.0 95.00448430493273 
1442.0 460.030303030303 
1456.0 110.02173913043478 
3204.0 95.00456621004567 
2741.0 95.00515463917526 
2922.0 95.0051282051282 
3065.0 95.00462962962963 
2252.0 95.00636942675159 
2388.0 95.00632911392405 
3048.0 95.00487804878048 
1631.0 95.01408450704226 
2249.0 95.00641025641026 
2151.0 95.00653594771242 
2726.0 95.00534759358288 
2631.0 95.00568181818181 
2436.0 95.00588235294117 
2523.0 95.00578034682081 
1551.0 95.01470588235294 
1988.0 95.008 
2065.0 95.00787401574803 
2082.0 95.00719424460432 
1488.0 95.01851851851852 
1661.0 95.01204819277109 
1732.0 95.01190476190476 
2566.0 95.00574712643679 
1944.0 95.00925925925925 
1883.0 95.00934579439253 
2139.0 95.00704225352112 
1783.0 95.0111111111111 
1832.0 95.01030927835052 
1458.0 104.02 
1534.0 95.01666666666667 
1474.0 100.02 
1840.0 95.01020408163265 
2425.0 95.00595238095238 
