1440.0 465.02777777777777 
3005.0 95.00411522633745 
1446.0 464.0263157894737 
1459.0 109.01851851851852 
2791.0 95.00452488687783 
2973.0 95.00448430493273 
2521.0 95.00515463917526 
2397.0 95.005291005291 
2593.0 95.0049751243781 
2710.0 95.0048076923077 
2204.0 95.0068493150685 
2088.0 95.00689655172414 
1665.0 95.01204819277109 
1587.0 95.01219512195122 
1864.0 95.00943396226415 
2328.0 95.00617283950618 
2722.0 95.0047619047619 
1751.0 95.01123595505618 
1683.0 95.01136363636364 
1529.0 95.01515151515152 
1990.0 95.00740740740741 
2053.0 95.00719424460432 
2390.0 95.0054347826087 
1489.0 95.01754385964912 
2220.0 95.00662251655629 
2280.0 95.00632911392405 
1472.0 98.02 
1585.0 95.0125 
1941.0 95.0078125 
1816.0 95.00952380952381 
2318.0 95.00621118012423 
1889.0 95.00813008130082 
1932.0 95.008 
1521.0 95.01612903225806 
2082.0 95.00704225352112 
1463.0 103.01923076923077 
1784.0 95.00970873786407 
2977.0 95.00446428571429 
