0.029217719132893498 0.9695944527449954 
0.6628966383914546 0.012661724771081408 
0.031416902293433864 0.9670607981496836 
0.03550109959158027 0.055736763888760935 
0.3996229971724788 0.015194437978596325 
0.47973609802073514 0.01519399408127687 
0.4923028589381087 0.015193852345641535 
0.5626767200754006 0.01519344449411948 
0.6160854539742382 0.015193378934230157 
0.30191643103989946 0.015196252167640964 
0.34652843229657554 0.015196059247742567 
0.2453660069117185 0.015197867541447837 
0.2855796418473139 0.015197749593519076 
0.14263273641218976 0.020265531339382394 
0.17530631479736097 0.020264598345704453 
0.22117499214577444 0.020263258361083555 
0.39522463085139803 0.015195246628751869 
0.36663524976437323 0.015195332695610535 
0.24473766886584983 0.015199706456882517 
0.11875589066918002 0.02027620139435364 
0.060006283380458686 0.020287736588917162 
0.06597549481621112 0.02028415509705671 
0.08576814326107446 0.020278484401610997 
0.10681746779767515 0.02027753417696876 
0.04241281809613572 0.020289351516156046 
0.6349355953502984 0.012662384143967512 
0.3518693056864593 0.015195687270453414 
0.19666980835689601 0.020264075257445693 
0.17656299088909833 0.02026442107690567 
0.6333647502356268 0.015193123218044877 
0.6537857367263588 0.012661915589598451 
0.21551994973295632 0.02026341655371241 
0.03864278982092366 0.025354803723139255 
0.29783223374175305 0.015197518447242599 
0.08199811498586239 0.02028227068133938 
0.03770028275212064 0.04054414892922131 

0.027332704995287466 0.9569480410679503 
0.7062519635563933 0.020253492348670778 
0.036443606660383286 0.9544166426209868 
0.03707194470625196 0.06079956078268787 
0.5868677348413447 0.02025493800932912 
0.4989004084197298 0.020254991520478792 
0.35532516493873706 0.02025848416438035 
0.6757775683317625 0.02025387358337663 
0.6107445805843544 0.020253917715148735 
0.2997172478793591 0.020258667898617088 
0.22777254162739555 0.02025998002699871 
0.2858938108702482 0.02025934759900563 
0.26170279610430414 0.020259871177736286 
0.18221803330191644 0.02026090524572931 
0.2136349355953503 0.020260784010171517 
0.45523091423185674 0.020255380368166504 
0.42444234998429153 0.02025561443182319 
0.7012252591894439 0.0202536163274369 
0.3663210807414389 0.02025708369010288 
0.15142946905435123 0.020264961974009715 
0.07571473452717561 0.020278484401610997 
0.10147659440779139 0.020268895771130085 
0.4740810556079171 0.020255100036112562 
0.03770028275212064 0.055736763888760935 
0.04147031102733271 0.020292961353513567 
0.38297203895695886 0.020256790975203803 
0.3876845743009739 0.020255983082082433 
0.039271127866792335 0.03041760061706619 
0.4197298146402765 0.020255796032936098 
0.6060320452403393 0.020254007095952948 
0.117813383600377 0.020268389440807666 
0.16588124410933083 0.020263906565026208 
0.40402136349355955 0.02025585776532763 
0.05560791705937795 0.02028623114827072 
0.07100219918316054 0.02027948892480426 
0.45868677348413445 0.020255155054553053 
0.12441093308199812 0.020266338803001854 
0.13917687715991203 0.02026572784601545 

0.027646874018221804 0.9569511585537224 
0.7618598806157713 0.025314943187422514 
0.029217719132893498 0.9544166426209868 
0.03424442349984291 0.058269333195320586 
0.5268614514608859 0.025317323861858473 
0.6072887213320767 0.025316803989879885 
0.6987119070059692 0.025315005083588485 
0.352497643732328 0.025320588117757222 
0.4077913917687716 0.025319659873865263 
0.3493559535029846 0.025322560636027586 
0.20358152686145145 0.02532446645078154 
0.2573044297832234 0.02532382507081628 
0.2987747408105561 0.025322887211900146 
0.10430411561420044 0.025337374816453113 
0.4737668865849827 0.02531784242102903 
0.42444234998429153 0.02531823493806625 
0.470311027332705 0.02531795194847999 
0.5171222117499215 0.025317681880792673 
0.6120012566760917 0.02531645522233358 
0.2604461200125668 0.02532370213965625 
0.6500157084511468 0.025316208236551316 
0.29594721960414705 0.025323227027335127 
0.0706880301602262 0.025341776483027573 
0.6782909205152372 0.025315821828398952 
0.6547282437951618 0.025316168215706956 
0.035186930568645934 0.04307977165394359 
0.04147031102733271 0.04054514163449463 
0.14640276468740182 0.02533276928321629 
0.1281809613572102 0.025336621760244014 
0.041784480050267046 0.025354803723139255 
0.6833176248821866 0.02531567543074423 
0.11907005969211436 0.025336993696542416 
0.18912975180647187 0.02532530024473639 
0.04524033930254477 0.025350533482844096 
0.05906377631165567 0.02534447750569825 
0.1599120326735784 0.025331953580172144 
0.17279296261388627 0.02532757551298611 
0.18630223060006285 0.02532637417135026 
0.05937794533459001 0.025342809917788523 

0.02544769085768143 0.9594765298615265 
0.6566132579327678 0.02025467765239005 
0.027961043041156142 0.9442804682753608 
0.032359409362236885 0.058269333195320586 
0.5815268614514609 0.020254884986865736 
0.43606660383286205 0.020256374535450535 
0.49293119698397736 0.020256307620344863 
0.5378573672635878 0.020255045527102094 
0.2824379516179705 0.020259449646834647 
0.32516493873704055 0.02025934759900563 
0.532516493873704 0.020255674374954753 
0.08733898837574615 0.02027897958910064 
0.2814954445491675 0.0202595530029692 
0.25070688030160226 0.020259871177736286 
0.431354068488847 0.020256862979938325 
0.40150801131008484 0.020257709035568994 
0.3402450518378888 0.020258216668947397 
0.36757775683317623 0.020257958450812744 
0.06220546654099906 0.02028055253759709 
0.19949732956330507 0.020263577277423322 
0.22368834432924914 0.020263258361083555 
0.2290292177191329 0.02026153758946608 
0.04241281809613572 0.02029020383886547 
0.09676405906377632 0.02027382486631708 
0.11907005969211436 0.020273461785644802 
0.3810870248193528 0.020257874356784212 
0.18567389255419417 0.02026676496435653 
0.1665095821551995 0.020266984019258517 
0.2469368520263902 0.020261152839474113 
0.13509267986176562 0.020271452739258317 
0.15048696198554823 0.020269422981053442 
0.03298774740810556 0.0430765400814581 
0.0568645931511153 0.02028551606396368 
0.038014451775054976 0.032950946293604226 
0.15300031416902293 0.020269156686245206 
0.3367891925856111 0.020258393937746214 

0.027332704995287466 0.9569310680898576 
0.5190072258875275 0.02025374336740714 
0.029217719132893498 0.9543959687679717 
0.0333019164310399 0.05572978209635402 
0.45177505497957904 0.020254780381462854 
0.5089538171536286 0.02025467765239005 
0.3669494187873076 0.020256374535450535 
0.32799245994344955 0.020256719732424138 
0.38956958843858 0.020255920111971814 
0.4263273641218976 0.020255496274688797 
0.2673578385171222 0.020260664435374772 
0.23091423185673893 0.020260784010171517 
0.09802073515551367 0.02027382486631708 
0.07351555136663525 0.020274196802615482 
0.16054037071944707 0.020267207207271817 
0.3063147973609802 0.02025895200618692 
0.43009739239710965 0.020255380368166504 
0.12503927112786678 0.020271768769026987 
0.10367577756833177 0.020272091981290402 
0.05529374803644361 0.020281680611771314 
0.20012566760917375 0.020262077189454778 
0.21991831605403708 0.02026153758946608 
0.3257932767829092 0.02025708369010288 
0.04272698711907006 0.020287736588917162 
0.27238454288407166 0.02026009031797321 
0.29123468426013194 0.02025934759900563 
0.0373861137291863 0.02788814939967729 
0.07288721332076657 0.020274968570434676 
0.18473138548539114 0.02026310264021453 
0.1454602576185988 0.020267434646485383 
0.3031731071316368 0.0202590490615679 
0.16839459629280554 0.020263906565026208 
0.18190386427898209 0.020263577277423322 
0.0527803958529689 0.02028415509705671 
0.2290292177191329 0.020261152839474113 
0.03455859252277725 0.04054319440492006 
0.13540684888469998 0.020267902773798717 
0.510210493245366 0.020254626975771586 

0.02544769085768143 0.9569398576677984 
0.7266729500471254 0.020253175889252163 
0.03298774740810556 0.05573564181498124 
0.027332704995287466 0.9544060620632147 
0.5262331134150173 0.020254380231537427 
0.6176562990889098 0.020254190460864654 
0.2915488532830663 0.020258856141669505 
0.34715677034244424 0.020257874356784212 
0.46497015394282126 0.020255155054553053 
0.5218347470939365 0.02025493800932912 
0.4027646874018222 0.020255983082082433 
0.23971096449890042 0.02025914733014113 
0.45177505497957904 0.0202557349057641 
0.20201068174677977 0.020259657692731244 
0.3031731071316368 0.02025812958953747 
0.6588124410933082 0.020254007095952948 
0.688344329249136 0.02025337132178002 
0.2371976123154257 0.0202595530029692 
0.1900722588752749 0.020262359160877437 
0.3600377002827521 0.020257009324696092 
0.06314797360980208 0.02028055253759709 
0.08765315739868049 0.02027707806914048 
0.04241281809613572 0.02029020383886547 
0.16808042726987119 0.020263258361083555 
0.38799874332390827 0.020256510456758883 
0.0609487904492617 0.02028623114827072 
0.1520578071002199 0.020265531339382394 
0.1332076657241596 0.020270841290358096 
0.10587496072887213 0.02027620139435364 
0.10838831291234684 0.020274968570434676 
0.6726358781024191 0.0202536163274369 
0.034872761545711596 0.05573353231627544 
0.37480364436066604 0.020256719732424138 
0.03707194470625196 0.04054514163449463 
0.03989946591266101 0.025350533482844096 
0.12158341187558906 0.020271452739258317 

0.029217719132893498 0.9544110110337857 
0.6757775683317625 0.017722519268185268 
0.03424442349984291 0.025349767784584285 
0.03267357838517122 0.9543959687679717 
0.42349984291548853 0.01772439758597263 
0.5048696198554823 0.017724039597175847 
0.6038328620797989 0.01772265390748995 
0.3468426013195099 0.017727177031118885 
0.410933081998115 0.017726645075715336 
0.3402450518378888 0.017729148040482545 
0.2965755576500157 0.017729265988411305 
0.566760917373547 0.017722933723088346 
0.28872133207665723 0.01773013914250261 
0.2494502042098649 0.017730540866758873 
0.14357524348099276 0.02026676496435653 
0.17562048382029533 0.02026654992881058 
0.09393653785736726 0.020274196802615482 
0.5623625510524662 0.017723381934499384 
0.5350298460571787 0.017723593073515325 
0.5152371976123155 0.017723756607589583 
0.21866163996229973 0.020261803450774364 
0.13666352497643733 0.020268640074317272 
0.11247251021049325 0.020269422981053442 
0.07100219918316054 0.02027663396414976 
0.0640904806786051 0.020283507017577196 
0.19666980835689601 0.020264598345704453 
0.2315425699026076 0.020260664435374772 
0.24756519007225888 0.017730678742491308 
0.09896324222431668 0.020272760955509984 
0.0486961985548225 0.02028551606396368 
0.2224316682375118 0.020261152839474113 
0.04021363493559535 0.020289351516156046 
0.1096449890040842 0.020269972389289355 
0.4197298146402765 0.017725250792605004 
0.1834747093936538 0.02026592786169551 
0.19132893496701225 0.020264961974009715 

0.029531888155827836 0.956942409480749 
0.6927426955702167 0.02025126150817666 
0.03267357838517122 0.9543977691936096 
0.036443606660383286 0.05573456554013134 
0.5557650015708451 0.020254332170051813 
0.40999057492931196 0.02025555506785229 
0.49670122525918947 0.02025457674961191 
0.46528432296575556 0.020255496274688797 
0.4030788564247565 0.020255674374954753 
0.35878102419101476 0.020255920111971814 
0.3091423185673893 0.020256442143976962 
0.6676091737354697 0.020251820715508562 
0.15739868049010367 0.020263577277423322 
0.2023248507697141 0.020262359160877437 
0.6082312284008796 0.02025374336740714 
0.5655042412818096 0.020253917715148735 
0.043355325164938736 0.020287736588917162 
0.038956958843858 0.025354803723139255 
0.6211121583411876 0.020252564770310993 
0.22588752748978952 0.02025914733014113 
0.2544769085768143 0.0202590490615679 
0.6393339616713792 0.02025193628864682 
0.06786050895381715 0.02028287919058143 
0.2946905435124097 0.020256510456758883 
0.0901665095821552 0.02027753417696876 
0.10870248193528118 0.020271143655198862 
0.1306943135406849 0.020270841290358096 
0.4756519007225887 0.020254626975771586 
0.6870876531573987 0.020251544915974137 
0.22148916116870876 0.020261803450774364 
0.09205152371976123 0.020274196802615482 
0.2846371347785108 0.02025715886824635 
0.2689286836317939 0.020258856141669505 
0.255105246622683 0.02025895200618692 
0.14420358152686144 0.02027025586056002 

0.029531888155827836 0.9569374605101781 
0.7895067546339931 0.020251792305389316 
0.03047439522463085 0.9569352043618297 
0.03267357838517122 0.05573564181498124 
0.6974552309142319 0.02025353334164989 
0.4857053094564876 0.020256110930488857 
0.3836003770028275 0.020256241388046416 
0.5972353125981779 0.020253658328406643 
0.5384857053094565 0.02025493800932912 
0.489789506754634 0.020255983082082433 
0.22054665409990576 0.020262798385593504 
0.5821551994973295 0.02025452696793154 
0.35281181275526236 0.020258393937746214 
0.3113415017279296 0.02025895200618692 
0.2607602890355011 0.020262077189454778 
0.18001885014137606 0.020264778619059173 
0.21709079484762803 0.020264246738169643 
0.2880929940307886 0.020259246834797098 
0.7521206409048068 0.020252115667788485 
0.7844800502670437 0.02025196567499084 
0.10493245366006912 0.02027025586056002 
0.13540684888469998 0.020269972389289355 
0.06189129751806472 0.020289351516156046 
0.16682375117813383 0.020268143721680613 
0.13792020106817468 0.020268895771130085 
0.2770970782280867 0.020260664435374772 
0.04241281809613572 0.02029108832469601 
0.74583726044612 0.020252366798586795 
0.7062519635563933 0.02025309982902509 
0.7269871190700596 0.020252842625362533 
0.08576814326107446 0.02027663396414976 
0.37166195413132264 0.020257547429437306 
0.03550109959158027 0.02788715669440397 
0.7222745837260446 0.020253024934472015 
0.5859252277725416 0.020254237290050058 
0.2623311341501728 0.020261669556854607 
0.0333019164310399 0.04054414892922131 
0.0722588752748979 0.02027753417696876 
0.09362236883443292 0.020275779916090742 

0.029531888155827836 0.9569480410679503 
0.8633364750235627 0.020250497190263953 
0.03267357838517122 0.9544110110337857 
0.036757775683317624 0.0557391576461576 
0.7229029217719133 0.020252771606440758 
0.5771284951303801 0.02025309982902509 
0.4690543512409676 0.020254144031928652 
0.549167452089224 0.020254097998132582 
0.8224945020420986 0.020251091115758565 
0.7725416273955388 0.020251236709994378 
0.19949732956330507 0.020260315341169535 
0.2664153314483192 0.02025738941455299 
0.30662896638391457 0.02025715886824635 
0.138234370091109 0.020265148490252488 
0.14734527175620485 0.020263258361083555 
0.2371976123154257 0.02025998002699871 
0.8243795161797047 0.02025077137939751 
0.8573672635878102 0.020250684806263214 
0.03958529688972667 0.025356750952713822 
0.3097706566132579 0.020256935758917308 
0.3408733898837575 0.020256719732424138 
0.10775997486647816 0.020268640074317272 
0.3986804901036758 0.02025604668505849 
0.36914860194784793 0.020256175828157093 
0.2573044297832234 0.020258043522678806 
0.17593465284322965 0.02026294933362253 
0.7357838517122212 0.020251680540167627 
0.763430725730443 0.020251491891289435 
0.34307257304429783 0.020256510456758883 
0.043669494187873074 0.02028697089065735 
0.08325479107759975 0.02027382486631708 
0.19635563933396166 0.020261407507325923 
0.5664467483506126 0.02025370067364664 
0.43606660383286205 0.020255045527102094 
0.06377631165567076 0.02028623114827072 
0.45931511153000315 0.02025452696793154 
0.43983663210807417 0.020254991520478792 
0.4175306314797361 0.02025561443182319 

