1446.0 470.030303030303 
3463.0 92.0049751243781 
1453.0 469.02941176470586 
1466.0 109.02127659574468 
2625.0 93.00549450549451 
2880.0 93.00531914893617 
2920.0 93.00526315789473 
3144.0 93.00510204081633 
3314.0 93.00507614213198 
2314.0 93.00621118012423 
2456.0 93.00613496932516 
2134.0 93.0068493150685 
2262.0 93.00680272108843 
1807.0 95.00877192982456 
1911.0 95.00840336134453 
2057.0 95.00787401574803 
2611.0 93.00581395348837 
2520.0 93.00584795321637 
2132.0 93.00757575757575 
1731.0 95.01298701298701 
1544.0 95.01754385964912 
1563.0 95.01612903225806 
1626.0 95.01388888888889 
1693.0 95.01351351351352 
1488.0 95.01818181818182 
3374.0 92.00523560209425 
2473.0 93.0059880239521 
1979.0 95.00819672131148 
1915.0 95.00833333333334 
3369.0 93.0049751243781 
3434.0 92.0050505050505 
2039.0 95.0079365079365 
1476.0 97.01923076923077 
2301.0 93.00671140939598 
1614.0 95.01538461538462 
1473.0 103.01960784313725 

1440.0 465.0344827586207 
3601.0 95.00401606425703 
1469.0 464.0344827586207 
1471.0 111.02127659574468 
3221.0 95.0045871559633 
2941.0 95.00460829493088 
2484.0 95.0059880239521 
3504.0 95.00416666666666 
3297.0 95.00418410041841 
2307.0 95.0060606060606 
2078.0 95.00657894736842 
2263.0 95.00632911392405 
2186.0 95.00653594771242 
1933.0 95.00694444444444 
2033.0 95.00689655172414 
2802.0 95.0047619047619 
2704.0 95.00485436893204 
3585.0 95.0040650406504 
2519.0 95.0054347826087 
1835.0 95.00854700854701 
1594.0 95.01388888888889 
1676.0 95.01010101010101 
2862.0 95.0046511627907 
1473.0 109.02127659574468 
1485.0 95.01960784313725 
2572.0 95.00531914893617 
2587.0 95.005 
1478.0 99.01923076923077 
2689.0 95.00492610837438 
3282.0 95.0042194092827 
1728.0 95.00990099009901 
1881.0 95.00813008130082 
2639.0 95.0049504950495 
1530.0 95.01694915254237 
1579.0 95.01428571428572 
2813.0 95.00467289719626 
1749.0 95.00909090909092 
1796.0 95.00884955752213 

1441.0 465.0357142857143 
3778.0 97.00348432055749 
1446.0 464.0344827586207 
1462.0 110.02173913043478 
3030.0 97.00442477876106 
3286.0 97.0042194092827 
3577.0 97.00350877192983 
2475.0 97.00571428571429 
2651.0 97.00534759358288 
2465.0 97.00649350649351 
2001.0 97.0072463768116 
2172.0 97.00699300699301 
2304.0 97.00662251655629 
1685.0 97.01234567901234 
2861.0 97.00462962962963 
2704.0 97.00478468899522 
2850.0 97.00467289719626 
2999.0 97.00456621004567 
3301.0 97.00408163265305 
2182.0 97.00694444444444 
3422.0 97.00398406374502 
2295.0 97.00675675675676 
1578.0 97.01408450704226 
3512.0 97.00383141762453 
3437.0 97.00396825396825 
1465.0 104.02127659574468 
1485.0 103.02 
1819.0 97.01052631578948 
1761.0 97.01204819277109 
1486.0 97.01923076923077 
3528.0 97.00377358490566 
1732.0 97.01219512195122 
1955.0 97.00757575757575 
1497.0 97.01754385964912 
1541.0 97.01515151515152 
1862.0 97.01020408163265 
1903.0 97.00847457627118 
1946.0 97.008 
1542.0 97.01449275362319 

1434.0 466.03333333333336 
3443.0 95.00448430493273 
1442.0 460.030303030303 
1456.0 110.02173913043478 
3204.0 95.00456621004567 
2741.0 95.00515463917526 
2922.0 95.0051282051282 
3065.0 95.00462962962963 
2252.0 95.00636942675159 
2388.0 95.00632911392405 
3048.0 95.00487804878048 
1631.0 95.01408450704226 
2249.0 95.00641025641026 
2151.0 95.00653594771242 
2726.0 95.00534759358288 
2631.0 95.00568181818181 
2436.0 95.00588235294117 
2523.0 95.00578034682081 
1551.0 95.01470588235294 
1988.0 95.008 
2065.0 95.00787401574803 
2082.0 95.00719424460432 
1488.0 95.01851851851852 
1661.0 95.01204819277109 
1732.0 95.01190476190476 
2566.0 95.00574712643679 
1944.0 95.00925925925925 
1883.0 95.00934579439253 
2139.0 95.00704225352112 
1783.0 95.0111111111111 
1832.0 95.01030927835052 
1458.0 104.02 
1534.0 95.01666666666667 
1474.0 100.02 
1840.0 95.01020408163265 
2425.0 95.00595238095238 

1440.0 465.02777777777777 
3005.0 95.00411522633745 
1446.0 464.0263157894737 
1459.0 109.01851851851852 
2791.0 95.00452488687783 
2973.0 95.00448430493273 
2521.0 95.00515463917526 
2397.0 95.005291005291 
2593.0 95.0049751243781 
2710.0 95.0048076923077 
2204.0 95.0068493150685 
2088.0 95.00689655172414 
1665.0 95.01204819277109 
1587.0 95.01219512195122 
1864.0 95.00943396226415 
2328.0 95.00617283950618 
2722.0 95.0047619047619 
1751.0 95.01123595505618 
1683.0 95.01136363636364 
1529.0 95.01515151515152 
1990.0 95.00740740740741 
2053.0 95.00719424460432 
2390.0 95.0054347826087 
1489.0 95.01754385964912 
2220.0 95.00662251655629 
2280.0 95.00632911392405 
1472.0 98.02 
1585.0 95.0125 
1941.0 95.0078125 
1816.0 95.00952380952381 
2318.0 95.00621118012423 
1889.0 95.00813008130082 
1932.0 95.008 
1521.0 95.01612903225806 
2082.0 95.00704225352112 
1463.0 103.01923076923077 
1784.0 95.00970873786407 
2977.0 95.00446428571429 

1434.0 465.03125 
3666.0 95.00389105058366 
1458.0 109.02083333333333 
1440.0 464.030303030303 
3028.0 95.00436681222708 
3319.0 95.00429184549357 
2281.0 95.00613496932516 
2458.0 95.00574712643679 
2833.0 95.00467289719626 
3014.0 95.0045871559633 
2635.0 95.005 
2116.0 95.00625 
2791.0 95.00490196078431 
1996.0 95.00645161290322 
2318.0 95.00584795321637 
3450.0 95.0042194092827 
3544.0 95.00396825396825 
2108.0 95.00641025641026 
1958.0 95.00751879699249 
2499.0 95.00540540540541 
1554.0 95.01470588235294 
1632.0 95.01333333333334 
1488.0 95.01851851851852 
1888.0 95.00787401574803 
2588.0 95.00520833333333 
1547.0 95.01694915254237 
1837.0 95.00877192982456 
1777.0 95.01086956521739 
1690.0 95.01298701298701 
1698.0 95.0125 
3494.0 95.0040650406504 
1464.0 109.02 
2546.0 95.005291005291 
1471.0 103.02 
1480.0 97.01754385964912 
1740.0 95.0111111111111 

1446.0 464.03225806451616 
3504.0 94.00418410041841 
1462.0 97.01724137931035 
1457.0 464.0263157894737 
2701.0 94.00492610837438 
2960.0 94.00478468899522 
3275.0 94.0042372881356 
2457.0 94.00602409638554 
2661.0 94.00581395348837 
2436.0 94.00680272108843 
2297.0 94.0068493150685 
3157.0 94.00434782608696 
2272.0 94.00719424460432 
2147.0 94.00735294117646 
1810.0 95.00925925925925 
1912.0 95.0091743119266 
1652.0 95.01219512195122 
3143.0 94.00452488687783 
3056.0 94.00460829493088 
2993.0 94.00467289719626 
2049.0 95.00729927007299 
1788.0 95.01 
1711.0 95.01030927835052 
1579.0 95.01315789473684 
1557.0 95.01587301587301 
1979.0 95.00840336134453 
2090.0 95.0068493150685 
2141.0 94.00740740740741 
1668.0 95.01162790697674 
1508.0 95.01666666666667 
2061.0 95.00704225352112 
1481.0 95.01818181818182 
1702.0 95.01052631578948 
2689.0 94.00526315789473 
1937.0 95.00892857142857 
1962.0 95.00854700854701 

1447.0 465.03225806451616 
3558.0 95.00313479623824 
1457.0 464.02702702702703 
1469.0 109.0204081632653 
3122.0 95.00434782608696 
2658.0 95.0048309178744 
2934.0 95.00444444444445 
2834.0 95.0048076923077 
2636.0 95.00487804878048 
2495.0 95.0049751243781 
2337.0 95.00518134715026 
3478.0 95.00335570469798 
1854.0 95.008 
1997.0 95.00751879699249 
3289.0 95.00411522633745 
3153.0 95.00418410041841 
1491.0 95.01754385964912 
1477.0 97.01923076923077 
3330.0 95.0036496350365 
2072.0 95.00625 
2163.0 95.00621118012423 
3388.0 95.00340136054422 
1569.0 95.015625 
2291.0 95.00520833333333 
1640.0 95.01351351351352 
1699.0 95.01098901098901 
1769.0 95.01086956521739 
2867.0 95.00446428571429 
3540.0 95.00324675324676 
2058.0 95.00729927007299 
1646.0 95.01219512195122 
2259.0 95.00546448087432 
2209.0 95.00613496932516 
2165.0 95.00617283950618 
1812.0 95.01063829787235 

1447.0 465.030303030303 
3866.0 95.00334448160535 
1450.0 465.02941176470586 
1457.0 109.02083333333333 
3573.0 95.00403225806451 
2899.0 95.0050505050505 
2574.0 95.00510204081633 
3254.0 95.00408163265305 
3067.0 95.0045871559633 
2912.0 95.005 
2055.0 95.00769230769231 
3206.0 95.00442477876106 
2476.0 95.00595238095238 
2344.0 95.00617283950618 
2183.0 95.00740740740741 
1926.0 95.00847457627118 
2044.0 95.00826446280992 
2270.0 95.00628930817611 
3747.0 95.00347222222223 
3850.0 95.00341296928327 
1687.0 95.01063829787235 
1784.0 95.01052631578948 
1550.0 95.01818181818182 
1884.0 95.00980392156863 
1792.0 95.01010101010101 
2235.0 95.0068493150685 
1488.0 95.01886792452831 
3727.0 95.00357142857143 
3601.0 95.003861003861 
3667.0 95.00375939849624 
1626.0 95.01315789473684 
2536.0 95.00561797752809 
1466.0 98.01960784313725 
3652.0 95.00383141762453 
3218.0 95.00431034482759 
2188.0 95.0072463768116 
1459.0 103.01960784313725 
1583.0 95.01351351351352 
1651.0 95.01282051282051 

1447.0 465.0344827586207 
4101.0 95.0028328611898 
1457.0 464.03225806451616 
1470.0 109.02222222222223 
3654.0 95.00373134328358 
3190.0 95.003861003861 
2846.0 95.0042735042735 
3101.0 95.00425531914894 
3971.0 95.00306748466258 
3812.0 95.003125 
1988.0 95.00671140939598 
2201.0 95.00555555555556 
2329.0 95.00546448087432 
1793.0 95.00862068965517 
1822.0 95.00787401574803 
2108.0 95.00657894736842 
3977.0 95.00294117647059 
4082.0 95.00290697674419 
1479.0 97.02 
2339.0 95.00537634408602 
2438.0 95.005291005291 
1696.0 95.01 
2622.0 95.00502512562814 
2528.0 95.00507614213198 
2172.0 95.00581395348837 
1913.0 95.0077519379845 
3695.0 95.003300330033 
3783.0 95.00322580645161 
2445.0 95.00520833333333 
1492.0 95.01724137931035 
1618.0 95.01204819277109 
1978.0 95.00714285714285 
3156.0 95.00409836065573 
2741.0 95.00462962962963 
1556.0 95.01694915254237 
2815.0 95.00442477876106 
2753.0 95.00460829493088 
2682.0 95.00485436893204 

