0.06555090655509066 0.9715846994535512 
0.45746164574616455 0.9147540983606552 
0.3403068340306834 0.9467213114754093 
0.09483960948396095 0.9616393442622945 
0.3598326359832636 0.928073770491803 
0.41283124128312415 0.9168852459016389 
0.39330543933054396 0.924783027965284 
0.4100418410041841 0.9218579234972673 

0.6736401673640168 0.9079344262295079 
0.02092050209205021 0.9535022354694482 
0.4769874476987448 0.9094262295081967 
0.3138075313807531 0.9110477548111189 
0.14644351464435146 0.9409836065573765 
0.0794979079497908 0.9467213114754093 
0.2914923291492329 0.9147540983606552 
0.18131101813110181 0.9218579234972673 
0.15202231520223153 0.9318032786885241 
0.15481171548117154 0.928073770491803 
0.17433751743375175 0.924783027965284 

0.06834030683403068 0.9616393442622945 
0.7266387726638772 0.9079344262295079 
0.3458856345885635 0.9360655737704913 
0.6806136680613668 0.9168852459016389 
0.5341701534170153 0.9192407247627259 
0.4490934449093445 0.9218579234972673 
0.37099023709902373 0.9318032786885241 
0.40585774058577406 0.928073770491803 
0.4198047419804742 0.924783027965284 
0.6931659693165969 0.9128166915052162 
0.708507670850767 0.9094262295081967 
0.700139470013947 0.9110477548111189 

0.6722454672245467 0.9110477548111189 
0.13389121338912133 0.9535022354694482 
0.499302649930265 0.9128166915052162 
0.24407252440725244 0.9409836065573765 
0.3584379358437936 0.9168852459016389 
0.4421199442119944 0.9147540983606552 
0.2928870292887029 0.9218579234972673 
0.25523012552301255 0.9318032786885241 
0.2496513249651325 0.9360655737704913 
0.2691771269177127 0.928073770491803 
0.2859135285913529 0.924783027965284 

0.12831241283124128 0.9715846994535512 
0.6457461645746164 0.9079344262295079 
0.3110181311018131 0.9218579234972673 
0.502092050209205 0.9128166915052162 
0.17433751743375175 0.9467213114754093 
0.2524407252440725 0.928073770491803 
0.6276150627615062 0.9110477548111189 
0.13110181311018132 0.9616393442622945 
0.1603905160390516 0.9535022354694482 
0.2649930264993027 0.924783027965284 

0.030683403068340307 0.9535022354694482 

0.06415620641562064 0.9616393442622945 
0.11157601115760112 0.9467213114754093 
0.10460251046025104 0.9535022354694482 

0.06834030683403068 0.9616393442622945 

0.009762900976290097 0.9840163934426226 
0.07531380753138076 0.9467213114754093 
0.01813110181311018 0.9535022354694482 
0.012552301255230125 0.9715846994535512 
0.015341701534170154 0.9616393442622945 

0.05718270571827057 0.9715846994535512 
0.38354253835425384 0.9128166915052162 
0.07670850767085077 0.9535022354694482 
0.17852161785216178 0.9409836065573765 
0.28451882845188287 0.9360655737704913 
0.3179916317991632 0.9192407247627259 
0.36541143654114366 0.9168852459016389 
0.3082287308228731 0.924783027965284 
0.2914923291492329 0.9318032786885241 
0.299860529986053 0.928073770491803 
0.3807531380753138 0.9147540983606552 

