859.0 99.01960784313725 
813.0 608.0714285714286 
828.0 546.0666666666667 
830.0 200.03225806451613 
838.0 188.02702702702703 
841.0 113.02380952380952 
815.0 606.0625 
818.0 565.0625 
824.0 563.0526315789474 
834.0 194.02941176470588 
820.0 563.0555555555555 
855.0 99.02 
851.0 101.02 
843.0 113.02222222222223 
849.0 101.02083333333333 
845.0 107.02222222222223 
847.0 107.02127659574468 
848.0 107.02083333333333 

815.0 584.0714285714286 
861.0 99.01923076923077 
832.0 523.0588235294117 
833.0 200.03225806451613 
837.0 194.02941176470588 
842.0 113.02380952380952 
830.0 525.0666666666667 
822.0 539.0555555555555 
817.0 582.0625 
820.0 541.0625 
852.0 101.02 
857.0 99.02 
846.0 107.02222222222223 
849.0 107.02127659574468 
835.0 198.03030303030303 
844.0 111.02272727272727 
850.0 105.02127659574468 

858.0 99.01960784313725 
816.0 584.0714285714286 
827.0 539.0526315789474 
829.0 200.03225806451613 
839.0 184.03333333333333 
841.0 113.02380952380952 
818.0 582.0625 
821.0 541.0625 
823.0 539.0555555555555 
835.0 192.02777777777777 
847.0 105.02127659574468 
851.0 101.02083333333333 
854.0 99.02 
831.0 198.03030303030303 
833.0 194.02941176470588 
843.0 111.02272727272727 
845.0 107.02222222222223 

862.0 99.01923076923077 
814.0 584.0666666666667 
830.0 200.03225806451613 
829.0 525.0625 
841.0 113.02380952380952 
819.0 541.0588235294117 
840.0 184.03333333333333 
824.0 535.0526315789474 
839.0 194.02857142857144 
828.0 535.05 
834.0 200.03125 
835.0 194.02941176470588 
845.0 107.02222222222223 
854.0 99.02 
849.0 101.02083333333333 
858.0 99.01960784313725 
852.0 101.0204081632653 

799.0 224.03125 
854.0 94.02 
800.0 113.02380952380952 
850.0 101.02083333333333 
814.0 105.02083333333333 
808.0 113.02325581395348 
852.0 99.02 
811.0 107.02222222222223 
810.0 111.02222222222223 
813.0 105.02127659574468 
809.0 111.02272727272727 

858.0 101.01960784313725 
813.0 608.0714285714286 
828.0 525.0666666666667 
830.0 200.03225806451613 
836.0 198.02941176470588 
840.0 113.02439024390245 
821.0 539.0555555555555 
818.0 541.0625 
816.0 582.0625 
832.0 198.03030303030303 
848.0 107.02127659574468 
814.0 584.0714285714286 
852.0 101.02083333333333 
846.0 109.02222222222223 
855.0 101.02 
843.0 111.02272727272727 
841.0 113.02380952380952 
842.0 111.02325581395348 

858.0 99.01960784313725 
815.0 608.0714285714286 
829.0 539.0526315789474 
833.0 200.03225806451613 
841.0 192.02777777777777 
842.0 113.02380952380952 
837.0 194.02941176470588 
825.0 539.0555555555555 
854.0 99.02 
817.0 584.0714285714286 
822.0 563.0555555555555 
823.0 541.0625 
849.0 107.02127659574468 
850.0 101.02083333333333 
845.0 113.02222222222223 
846.0 107.02222222222223 
819.0 582.0625 
820.0 565.0625 
853.0 101.02 

854.0 99.01960784313725 
809.0 608.0769230769231 
830.0 544.0588235294117 
832.0 224.03225806451613 
834.0 222.03030303030303 
837.0 113.02380952380952 
847.0 99.02 
812.0 606.0666666666667 
814.0 565.0666666666667 
820.0 563.0555555555555 
824.0 546.0714285714286 
826.0 544.0625 
817.0 563.0588235294117 
839.0 111.02272727272727 
841.0 107.02222222222223 
843.0 105.02127659574468 
845.0 101.02083333333333 

813.0 608.0714285714286 
856.0 99.01923076923077 
828.0 546.0666666666667 
830.0 224.03225806451613 
818.0 565.0588235294117 
841.0 113.02380952380952 
826.0 565.0555555555555 
834.0 194.02941176470588 
817.0 608.0666666666667 
833.0 222.02941176470588 
844.0 113.02222222222223 
845.0 107.02222222222223 
848.0 107.02127659574468 
831.0 224.03125 
854.0 99.01960784313725 
849.0 105.02173913043478 
850.0 103.02083333333333 
852.0 101.02 
853.0 99.0204081632653 
851.0 101.02127659574468 

815.0 608.0714285714286 
860.0 99.01960784313725 
834.0 200.03225806451613 
831.0 542.0625 
838.0 194.02941176470588 
842.0 115.02380952380952 
819.0 608.0666666666667 
820.0 565.0588235294117 
830.0 546.0588235294117 
824.0 565.0555555555555 
855.0 99.02 
851.0 101.02 
847.0 105.02127659574468 
850.0 103.02083333333333 
844.0 113.02272727272727 
845.0 107.02222222222223 

