1444.0 467.0344827586207 
2449.0 95.01010101010101 
1461.0 464.02564102564105 
1466.0 109.02173913043478 
2034.0 95.01075268817205 
2262.0 95.01030927835052 
1960.0 95.01176470588236 
1860.0 95.01190476190476 
1471.0 95.01851851851852 
1534.0 95.01639344262296 
1596.0 95.01587301587301 
1751.0 95.0125 
1804.0 95.01219512195122 
1983.0 95.01136363636364 
1520.0 95.01694915254237 
1656.0 95.01470588235294 
1704.0 95.01449275362319 
1613.0 95.015625 
1819.0 95.01204819277109 
1714.0 95.01298701298701 
1470.0 101.0204081632653 
1468.0 103.02127659574468 
1450.0 464.03333333333336 
1447.0 467.03125 
1457.0 464.02702702702703 
1707.0 95.01428571428572 
