1451.0 467.0357142857143 
2419.0 95.00892857142857 
1454.0 465.0344827586207 
1461.0 111.02325581395348 
1734.0 95.01388888888889 
1890.0 95.01351351351352 
2286.0 95.00990099009901 
2180.0 95.01 
1906.0 95.01298701298701 
2002.0 95.01219512195122 
2362.0 95.0091743119266 
1583.0 95.01639344262296 
1638.0 95.01612903225806 
2309.0 95.00943396226415 
1542.0 95.01754385964912 
2126.0 95.01086956521739 
1531.0 95.01886792452831 
2082.0 95.01123595505618 
1494.0 95.01923076923077 
2044.0 95.01204819277109 
1703.0 95.01515151515152 
1642.0 95.015625 
2149.0 95.01041666666667 
1673.0 95.01538461538462 
1481.0 97.02173913043478 
1464.0 109.02272727272727 
2055.0 95.01176470588236 
2133.0 95.01075268817205 
1466.0 103.02127659574468 
1472.0 103.02083333333333 
1721.0 95.01470588235294 
1706.0 95.01492537313433 
2069.0 95.01149425287356 
