1451.0 470.03125 
2456.0 100.00641025641026 
1454.0 470.030303030303 
1472.0 114.02083333333333 
2029.0 100.00847457627118 
2166.0 100.00806451612904 
1738.0 100.0111111111111 
1857.0 100.01098901098901 
2309.0 100.00694444444444 
2417.0 100.00675675675676 
2176.0 100.00763358778626 
1936.0 100.00943396226415 
2021.0 100.0091743119266 
2255.0 100.00751879699249 
1655.0 100.0126582278481 
1584.0 100.01333333333334 
1872.0 100.01052631578948 
1550.0 100.01639344262296 
1491.0 100.01694915254237 
1732.0 100.01190476190476 
2265.0 100.00719424460432 
1688.0 100.01219512195122 
1665.0 100.01234567901234 
1561.0 100.01388888888889 
1580.0 100.01351351351352 
1473.0 108.01960784313725 
2437.0 100.00662251655629 
1478.0 102.01754385964912 
1483.0 100.01724137931035 
1475.0 106.01886792452831 
2445.0 100.00657894736842 
2427.0 100.00671140939598 
