1800.0 95.00925925925925 
1681.0 95.01219512195122 
1515.0 95.01612903225806 
1642.0 95.01333333333334 
1613.0 95.01351351351352 
1786.0 95.01030927835052 
1771.0 95.01123595505618 
1758.0 95.01149425287356 
1780.0 95.01052631578948 
1499.0 95.01694915254237 
1471.0 95.01851851851852 
1450.0 464.03333333333336 
1436.0 467.03225806451616 
2375.0 95.00735294117646 
2208.0 95.00806451612904 
1997.0 95.00826446280992 
1601.0 95.01408450704226 
1959.0 95.00877192982456 
1844.0 95.00884955752213 
1707.0 95.01162790697674 
1661.0 95.0125 
1701.0 95.01190476190476 
1967.0 95.00854700854701 
1464.0 101.01851851851852 
1831.0 95.00909090909092 
1837.0 95.009009009009 
1456.0 114.02127659574468 
1459.0 108.02 
1438.0 465.03333333333336 
1532.0 95.01538461538462 
1482.0 95.01724137931035 
1680.0 95.01234567901234 
1465.0 97.02 
1461.0 103.0204081632653 
1470.0 97.01886792452831 
2371.0 95.00746268656717 
1478.0 95.01818181818182 
2354.0 95.00757575757575 
2343.0 95.0079365079365 
1458.0 109.02173913043478 
1569.0 95.01470588235294 
