2024.0 95.00826446280992 
1453.0 472.04 
1468.0 458.03125 
1475.0 111.02325581395348 
1984.0 95.00884955752213 
1883.0 95.009009009009 
1800.0 95.00925925925925 
1681.0 95.01219512195122 
1757.0 95.01204819277109 
1515.0 95.01612903225806 
1567.0 95.01587301587301 
1642.0 95.01333333333334 
1609.0 95.01470588235294 
1579.0 95.01515151515152 
1613.0 95.01351351351352 
1488.0 101.01754385964912 
1513.0 100.01612903225806 
1457.0 467.0357142857143 
1461.0 459.03333333333336 
1786.0 95.01030927835052 
1771.0 95.01123595505618 
1758.0 95.01149425287356 
1568.0 95.01538461538462 
1479.0 105.02173913043478 
1514.0 100.01587301587301 
1780.0 95.01052631578948 
1483.0 101.02 
1480.0 103.02083333333333 
1463.0 459.03225806451616 
