1436.0 467.03225806451616 
2375.0 95.00735294117646 
1440.0 467.03125 
1457.0 116.02127659574468 
2208.0 95.00806451612904 
1997.0 95.00826446280992 
1601.0 95.01408450704226 
1959.0 95.00877192982456 
1844.0 95.00884955752213 
1790.0 95.01052631578948 
1707.0 95.01162790697674 
1533.0 95.015625 
1479.0 95.01886792452831 
1661.0 95.0125 
1529.0 95.01818181818182 
1701.0 95.01190476190476 
1824.0 95.00970873786407 
1967.0 95.00854700854701 
1464.0 101.01851851851852 
1460.0 111.02083333333333 
1461.0 105.02127659574468 
1459.0 111.02127659574468 
1831.0 95.00909090909092 
1837.0 95.009009009009 
1463.0 103.0204081632653 
1462.0 103.02083333333333 
