1453.0 470.03846153846155 
2948.0 95.0077519379845 
1459.0 115.02222222222223 
1455.0 465.03846153846155 
2698.0 95.00819672131148 
2333.0 95.00869565217391 
2091.0 95.00892857142857 
1972.0 95.01063829787235 
1871.0 95.0125 
1742.0 95.01315789473684 
1980.0 95.00961538461539 
2079.0 95.00943396226415 
1837.0 95.01298701298701 
1499.0 95.01694915254237 
1709.0 95.01428571428572 
1636.0 95.01449275362319 
1569.0 95.01666666666667 
1617.0 95.01639344262296 
1472.0 114.02173913043478 
1480.0 97.01960784313725 
1476.0 103.0204081632653 
1474.0 109.02173913043478 
1716.0 95.01369863013699 
1737.0 95.01333333333334 
1492.0 97.01851851851852 
1625.0 95.01515151515152 
1710.0 95.01388888888889 
1623.0 95.01612903225806 
1486.0 97.01923076923077 
