2122.0 95.00892857142857 
1438.0 467.03846153846155 
1444.0 466.0357142857143 
1458.0 109.02173913043478 
2009.0 95.00909090909092 
1858.0 95.01136363636364 
1781.0 95.01204819277109 
1569.0 95.01470588235294 
1636.0 95.01428571428572 
1642.0 95.01351351351352 
1701.0 95.01315789473684 
1758.0 95.0125 
2000.0 95.00980392156863 
1524.0 95.01639344262296 
1958.0 95.00990099009901 
1565.0 95.01612903225806 
1923.0 95.01010101010101 
1894.0 95.01041666666667 
1476.0 97.01851851851852 
1499.0 97.01754385964912 
1465.0 99.01923076923077 
1771.0 95.01219512195122 
1864.0 95.01123595505618 
1511.0 95.01694915254237 
1523.0 95.01666666666667 
1505.0 97.01724137931035 
1470.0 97.01886792452831 
1507.0 95.01724137931035 
1462.0 105.01886792452831 
1464.0 103.01886792452831 
1872.0 95.01086956521739 
1880.0 95.01075268817205 
1888.0 95.01052631578948 
1765.0 95.01234567901234 
