0.14043355325164938 0.02026676496435653 
0.10304743952246309 0.020274196802615482 
0.05089538171536286 0.02028415509705671 
0.09079484762802388 0.02027707806914048 
0.08168394596292805 0.02027753417696876 
0.13603518693056865 0.020269422981053442 
0.13132265158655357 0.020271768769026987 
0.12723845428840716 0.020272422623720764 
0.13415017279296262 0.020269972389289355 
0.04586867734841345 0.02028623114827072 
0.03707194470625196 0.02029020383886547 
0.03047439522463085 0.9544137329675996 
0.02607602890355011 0.962005206374676 
0.32108074143889415 0.02026193931372234 
0.26861451460885954 0.020263740593452186 
0.2023248507697141 0.020264246738169643 
0.077913917687716 0.02027897958910064 
0.19038642789820923 0.020265531339382394 
0.15425699026076028 0.02026572784601545 
0.1112158341187559 0.020272760955509984 
0.09676405906377632 0.020274968570434676 
0.10933081998114987 0.020273461785644802 
0.19289978008168396 0.020264961974009715 
0.034872761545711596 0.03547859452064628 
0.15017279296261388 0.020266338803001854 
0.1520578071002199 0.020266131481261704 
0.032359409362236885 0.06839375612357827 
0.0333019164310399 0.05320213386931197 
0.026704366949418787 0.956945131414563 
0.05623625510524662 0.02028227068133938 
0.04052780395852969 0.02028697089065735 
0.10273327049952875 0.020274577922526175 
0.035186930568645934 0.025356750952713822 
0.033930254476908575 0.040546174858350534 
0.036757775683317624 0.025353885218622946 
0.3198240653471568 0.020262217123033926 
0.039271127866792335 0.020289351516156046 
0.31448319195727303 0.020262503350809452 
0.3110273327049953 0.02026341655371241 
0.03298774740810556 0.05573793474835712 
0.06786050895381715 0.02028055253759709 
