2024.0 95.00826446280992 
1453.0 472.04 
1468.0 458.03125 
1475.0 111.02325581395348 
1984.0 95.00884955752213 
1883.0 95.009009009009 
1800.0 95.00925925925925 
1681.0 95.01219512195122 
1757.0 95.01204819277109 
1515.0 95.01612903225806 
1567.0 95.01587301587301 
1642.0 95.01333333333334 
1609.0 95.01470588235294 
1579.0 95.01515151515152 
1613.0 95.01351351351352 
1488.0 101.01754385964912 
1513.0 100.01612903225806 
1457.0 467.0357142857143 
1461.0 459.03333333333336 
1786.0 95.01030927835052 
1771.0 95.01123595505618 
1758.0 95.01149425287356 
1568.0 95.01538461538462 
1479.0 105.02173913043478 
1514.0 100.01587301587301 
1780.0 95.01052631578948 
1483.0 101.02 
1480.0 103.02083333333333 
1463.0 459.03225806451616 

1451.0 467.0357142857143 
2419.0 95.00892857142857 
1454.0 465.0344827586207 
1461.0 111.02325581395348 
1734.0 95.01388888888889 
1890.0 95.01351351351352 
2286.0 95.00990099009901 
2180.0 95.01 
1906.0 95.01298701298701 
2002.0 95.01219512195122 
2362.0 95.0091743119266 
1583.0 95.01639344262296 
1638.0 95.01612903225806 
2309.0 95.00943396226415 
1542.0 95.01754385964912 
2126.0 95.01086956521739 
1531.0 95.01886792452831 
2082.0 95.01123595505618 
1494.0 95.01923076923077 
2044.0 95.01204819277109 
1703.0 95.01515151515152 
1642.0 95.015625 
2149.0 95.01041666666667 
1673.0 95.01538461538462 
1481.0 97.02173913043478 
1464.0 109.02272727272727 
2055.0 95.01176470588236 
2133.0 95.01075268817205 
1466.0 103.02127659574468 
1472.0 103.02083333333333 
1721.0 95.01470588235294 
1706.0 95.01492537313433 
2069.0 95.01149425287356 

1453.0 470.03846153846155 
2948.0 95.0077519379845 
1459.0 115.02222222222223 
1455.0 465.03846153846155 
2698.0 95.00819672131148 
2333.0 95.00869565217391 
2091.0 95.00892857142857 
1972.0 95.01063829787235 
1871.0 95.0125 
1742.0 95.01315789473684 
1980.0 95.00961538461539 
2079.0 95.00943396226415 
1837.0 95.01298701298701 
1499.0 95.01694915254237 
1709.0 95.01428571428572 
1636.0 95.01449275362319 
1569.0 95.01666666666667 
1617.0 95.01639344262296 
1472.0 114.02173913043478 
1480.0 97.01960784313725 
1476.0 103.0204081632653 
1474.0 109.02173913043478 
1716.0 95.01369863013699 
1737.0 95.01333333333334 
1492.0 97.01851851851852 
1625.0 95.01515151515152 
1710.0 95.01388888888889 
1623.0 95.01612903225806 
1486.0 97.01923076923077 

1444.0 467.0344827586207 
2449.0 95.01010101010101 
1461.0 464.02564102564105 
1466.0 109.02173913043478 
2034.0 95.01075268817205 
2262.0 95.01030927835052 
1960.0 95.01176470588236 
1860.0 95.01190476190476 
1471.0 95.01851851851852 
1534.0 95.01639344262296 
1596.0 95.01587301587301 
1751.0 95.0125 
1804.0 95.01219512195122 
1983.0 95.01136363636364 
1520.0 95.01694915254237 
1656.0 95.01470588235294 
1704.0 95.01449275362319 
1613.0 95.015625 
1819.0 95.01204819277109 
1714.0 95.01298701298701 
1470.0 101.0204081632653 
1468.0 103.02127659574468 
1450.0 464.03333333333336 
1447.0 467.03125 
1457.0 464.02702702702703 
1707.0 95.01428571428572 

1436.0 467.03225806451616 
2375.0 95.00735294117646 
1440.0 467.03125 
1457.0 116.02127659574468 
2208.0 95.00806451612904 
1997.0 95.00826446280992 
1601.0 95.01408450704226 
1959.0 95.00877192982456 
1844.0 95.00884955752213 
1790.0 95.01052631578948 
1707.0 95.01162790697674 
1533.0 95.015625 
1479.0 95.01886792452831 
1661.0 95.0125 
1529.0 95.01818181818182 
1701.0 95.01190476190476 
1824.0 95.00970873786407 
1967.0 95.00854700854701 
1464.0 101.01851851851852 
1460.0 111.02083333333333 
1461.0 105.02127659574468 
1459.0 111.02127659574468 
1831.0 95.00909090909092 
1837.0 95.009009009009 
1463.0 103.0204081632653 
1462.0 103.02083333333333 

2523.0 95.00862068965517 
1449.0 470.03333333333336 
1456.0 114.02127659574468 
2327.0 95.00961538461539 
2170.0 95.00970873786407 
2412.0 95.0091743119266 
2005.0 95.01 
2121.0 95.00980392156863 
1827.0 95.01219512195122 
1931.0 95.01162790697674 
1732.0 95.01428571428572 
1621.0 100.01538461538462 
1701.0 100.01449275362319 
2401.0 95.00934579439253 
1803.0 95.01298701298701 
1536.0 100.01639344262296 
1602.0 100.01612903225806 
1468.0 100.01785714285714 
1528.0 100.01724137931035 
1730.0 100.01428571428572 
1943.0 95.01052631578948 
1974.0 95.01030927835052 
1459.0 108.02 
1620.0 100.01587301587301 
1817.0 95.01282051282051 
1461.0 106.01960784313725 
1466.0 102.01785714285714 
1934.0 95.01149425287356 

1438.0 465.03333333333336 
2578.0 95.008 
1459.0 109.02222222222223 
2385.0 95.00970873786407 
2075.0 95.00980392156863 
1956.0 95.01020408163265 
2463.0 95.00819672131148 
2047.0 95.01 
1794.0 95.01204819277109 
1715.0 95.01219512195122 
1853.0 95.01075268817205 
1532.0 95.01538461538462 
1929.0 95.01052631578948 
1604.0 95.01515151515152 
2402.0 95.00909090909092 
1614.0 95.01388888888889 
1674.0 95.01351351351352 
1482.0 95.01724137931035 
1528.0 95.01612903225806 
1680.0 95.01234567901234 
1465.0 97.02 
2070.0 95.00990099009901 
1461.0 103.0204081632653 
2387.0 95.00925925925925 
1470.0 97.01886792452831 
1479.0 95.01818181818182 

1451.0 470.03125 
2456.0 100.00641025641026 
1454.0 470.030303030303 
1472.0 114.02083333333333 
2029.0 100.00847457627118 
2166.0 100.00806451612904 
1738.0 100.0111111111111 
1857.0 100.01098901098901 
2309.0 100.00694444444444 
2417.0 100.00675675675676 
2176.0 100.00763358778626 
1936.0 100.00943396226415 
2021.0 100.0091743119266 
2255.0 100.00751879699249 
1655.0 100.0126582278481 
1584.0 100.01333333333334 
1872.0 100.01052631578948 
1550.0 100.01639344262296 
1491.0 100.01694915254237 
1732.0 100.01190476190476 
2265.0 100.00719424460432 
1688.0 100.01219512195122 
1665.0 100.01234567901234 
1561.0 100.01388888888889 
1580.0 100.01351351351352 
1473.0 108.01960784313725 
2437.0 100.00662251655629 
1478.0 102.01754385964912 
1483.0 100.01724137931035 
1475.0 106.01886792452831 
2445.0 100.00657894736842 
2427.0 100.00671140939598 

2371.0 95.00746268656717 
1465.0 475.03333333333336 
1471.0 109.02127659574468 
2160.0 95.00869565217391 
2020.0 95.0091743119266 
2163.0 95.00847457627118 
2295.0 95.00840336134453 
1758.0 95.01190476190476 
1863.0 95.01162790697674 
1478.0 95.01818181818182 
1604.0 95.01470588235294 
1688.0 95.01408450704226 
1560.0 95.01754385964912 
1984.0 95.00980392156863 
1911.0 95.01020408163265 
2339.0 95.00813008130082 
1572.0 95.015625 
1719.0 95.01282051282051 
1746.0 95.0126582278481 
1892.0 95.01063829787235 
1701.0 95.01351351351352 
1473.0 103.02 
1476.0 101.01923076923077 
2354.0 95.00757575757575 
1872.0 95.0111111111111 
2343.0 95.0079365079365 
1882.0 95.01098901098901 
1569.0 95.01639344262296 
1871.0 95.01136363636364 
1694.0 95.01369863013699 
1751.0 95.0125 

2122.0 95.00892857142857 
1438.0 467.03846153846155 
1444.0 466.0357142857143 
1458.0 109.02173913043478 
2009.0 95.00909090909092 
1858.0 95.01136363636364 
1781.0 95.01204819277109 
1569.0 95.01470588235294 
1636.0 95.01428571428572 
1642.0 95.01351351351352 
1701.0 95.01315789473684 
1758.0 95.0125 
2000.0 95.00980392156863 
1524.0 95.01639344262296 
1958.0 95.00990099009901 
1565.0 95.01612903225806 
1923.0 95.01010101010101 
1894.0 95.01041666666667 
1476.0 97.01851851851852 
1499.0 97.01754385964912 
1465.0 99.01923076923077 
1771.0 95.01219512195122 
1864.0 95.01123595505618 
1511.0 95.01694915254237 
1523.0 95.01666666666667 
1505.0 97.01724137931035 
1470.0 97.01886792452831 
1507.0 95.01724137931035 
1462.0 105.01886792452831 
1464.0 103.01886792452831 
1872.0 95.01086956521739 
1880.0 95.01075268817205 
1888.0 95.01052631578948 
1765.0 95.01234567901234 

