0.21080741438894124 0.020264246738169643 
0.031416902293433864 0.9746817965329537 
0.03612943763744895 0.9392200685390542 
0.03832862079798932 0.06080457097258783 
0.1982406534715677 0.02026572784601545 
0.1665095821551995 0.020266131481261704 
0.14043355325164938 0.02026676496435653 
0.10304743952246309 0.020274196802615482 
0.12692428526547284 0.02027382486631708 
0.05089538171536286 0.02028415509705671 
0.06723217090794847 0.020283507017577196 
0.09079484762802388 0.02027707806914048 
0.0804272698711907 0.02028055253759709 
0.07100219918316054 0.020281680611771314 
0.08168394596292805 0.02027753417696876 
0.04241281809613572 0.03547612727069797 
0.05026704366949419 0.03294114733187405 
0.03267357838517122 0.9620139554476493 
0.033930254476908575 0.9417567407327823 
0.13603518693056865 0.020269422981053442 
0.13132265158655357 0.020271768769026987 
0.12723845428840716 0.020272422623720764 
0.06754633993088281 0.02028227068133938 
0.03958529688972667 0.04561234096050325 
0.050581212692428525 0.032940499252394534 
0.13415017279296262 0.020269972389289355 
0.040841972981464025 0.035482344740567696 
0.03989946591266101 0.04054725113320043 
0.03455859252277725 0.9417540187989683 

0.03078856424756519 0.9620139554476493 
0.334904178448005 0.02026592786169551 
0.03173107131636821 0.9569480410679503 
0.033930254476908575 0.06080457097258783 
0.11969839773798303 0.020278484401610997 
0.16870876531573986 0.02027753417696876 
0.293119698397738 0.020268389440807666 
0.2598177819666981 0.020268640074317272 
0.1737354696826893 0.02027620139435364 
0.2038956958843858 0.020274196802615482 
0.31699654414074774 0.02026654992881058 
0.0722588752748979 0.02028482442504376 
0.08953817153628653 0.02028415509705671 
0.30034558592522775 0.020267207207271817 
0.05937794533459001 0.020287736588917162 
0.2428526547282438 0.020270841290358096 
0.055922086082312285 0.02029108832469601 
0.2290292177191329 0.020271768769026987 
0.04429783223374175 0.020292006829212318 
0.21709079484762803 0.02027382486631708 
0.10995915802701854 0.020281680611771314 
0.09079484762802388 0.02028287919058143 
0.25007854225573356 0.020269694823670175 
0.10053408733898837 0.02028227068133938 
0.04021363493559535 0.025361153384795502 
0.034872761545711596 0.0557404361302217 
0.22054665409990576 0.020273107248047206 
0.24505183788878418 0.02027054542798703 
0.03550109959158027 0.040548373206980126 
0.0373861137291863 0.04054725113320043 
0.11561420043983663 0.02028055253759709 
0.11090166509582156 0.020281108156220223 
0.2249450204209865 0.020272422623720764 

0.031416902293433864 0.9696151051798776 
0.5010995915802702 0.02026294933362253 
0.0333019164310399 0.0709275483279384 
0.03204524033930255 0.9569581129450603 
0.42255733584668553 0.020264075257445693 
0.3078856424756519 0.020265338250256 
0.23185673892554196 0.02026592786169551 
0.19447062519635563 0.02027025586056002 
0.16273955387998743 0.020274968570434676 
0.12221174992145774 0.02027663396414976 
0.19698397737983034 0.020267666459529973 
0.22808671065032987 0.020267207207271817 
0.1520578071002199 0.02027620139435364 
0.04586867734841345 0.02028623114827072 
0.11184417216462457 0.02027948892480426 
0.08890983349041784 0.020280013023861586 
0.06786050895381715 0.02028551606396368 
0.08294062205466542 0.02028482442504376 
0.0373861137291863 0.06839492698317447 
0.03989946591266101 0.0253557582474405 
0.03864278982092366 0.040546174858350534 
0.038014451775054976 0.05573793474835712 
0.11404335532516494 0.02027800278090192 
0.12064090480678605 0.02027707806914048 
0.043669494187873074 0.025353000732792404 
0.08545397423814012 0.020281680611771314 
0.11215834118755891 0.020278484401610997 
0.08482563619227144 0.02028415509705671 
0.041784480050267046 0.025354803723139255 

0.02858938108702482 0.9620108379618773 
0.3443292491360352 0.020268895771130085 
0.033930254476908575 0.9543942606718537 
0.03550109959158027 0.05573793474835712 
0.21394910461828465 0.02027054542798703 
0.2855796418473139 0.020269422981053442 
0.19070059692114358 0.020273107248047206 
0.15928369462770972 0.020273461785644802 
0.03707194470625196 0.02029020383886547 
0.0568645931511153 0.02028482442504376 
0.0763430725730443 0.020283507017577196 
0.12503927112786678 0.020274968570434676 
0.14169022934338674 0.020274196802615482 
0.19792648444863337 0.020272091981290402 
0.05246622683003456 0.02028623114827072 
0.09519321394910461 0.02028055253759709 
0.11027332704995288 0.020280013023861586 
0.08168394596292805 0.02028287919058143 
0.14640276468740182 0.02027382486631708 
0.11341501727929626 0.02027620139435364 
0.036757775683317624 0.03548337796442359 
0.03612943763744895 0.040548373206980126 
0.03047439522463085 0.9544137329675996 
0.029531888155827836 0.9620026545617254 
0.03267357838517122 0.9543977691936096 
0.1112158341187559 0.02027948892480426 

0.02607602890355011 0.962005206374676 
0.32108074143889415 0.02026193931372234 
0.027332704995287466 0.9620026545617254 
0.03267357838517122 0.07345655301750521 
0.26861451460885954 0.020263740593452186 
0.2023248507697141 0.020264246738169643 
0.077913917687716 0.02027897958910064 
0.19038642789820923 0.020265531339382394 
0.15425699026076028 0.02026572784601545 
0.137291863022306 0.020269972389289355 
0.1112158341187559 0.020272760955509984 
0.05655042412818096 0.02028287919058143 
0.03958529688972667 0.02029108832469601 
0.09676405906377632 0.020274968570434676 
0.05529374803644361 0.020289351516156046 
0.10933081998114987 0.020273461785644802 
0.14797360980207352 0.020267902773798717 
0.19289978008168396 0.020264961974009715 
0.034872761545711596 0.03547859452064628 
0.03361608545397424 0.06079843870890817 
0.033930254476908575 0.04561117010090706 
0.0333019164310399 0.06079956078268787 
0.15017279296261388 0.020266338803001854 
0.1520578071002199 0.020266131481261704 
0.03455859252277725 0.040546174858350534 
0.03424442349984291 0.04054725113320043 

0.36757775683317623 0.020265148490252488 
0.030160226201696512 0.9696021236493804 
0.032359409362236885 0.06839375612357827 
0.30600062833804587 0.020267666459529973 
0.2566760917373547 0.020267902773798717 
0.33270499528746467 0.02026654992881058 
0.2048382029531888 0.020268640074317272 
0.2412818096135721 0.020268143721680613 
0.14891611687087652 0.020274196802615482 
0.18158969525604776 0.020272760955509984 
0.11907005969211436 0.02027948892480426 
0.08419729814640277 0.032939262916156724 
0.10933081998114987 0.032937005258678924 
0.3292491360351869 0.020266984019258517 
0.1413760603204524 0.02027620139435364 
0.057492931196983975 0.0329418166598611 
0.07822808671065033 0.03294114733187405 
0.03612943763744895 0.03294552186836073 
0.05497957901350927 0.03294396312547469 
0.11844172164624568 0.0329364811596216 
0.18535972353125982 0.020269972389289355 
0.1950989632422243 0.020269422981053442 
0.0333019164310399 0.05320213386931197 
0.08388312912346843 0.032940499252394534 
0.14577442664153314 0.020275779916090742 
0.033930254476908575 0.04813834427011172 
0.03550109959158027 0.03800831876228767 
0.18253220232485076 0.020272422623720764 

0.026704366949418787 0.956945131414563 
0.38485705309456486 0.020263577277423322 
0.0333019164310399 0.0557391576461576 
0.3242224316682375 0.020267902773798717 
0.22683003455859252 0.020268143721680613 
0.18944392082940623 0.020269156686245206 
0.34872761545711595 0.020264075257445693 
0.21803330191643103 0.020268640074317272 
0.13854853911404336 0.02027382486631708 
0.1137291863022306 0.020274196802615482 
0.15708451146716934 0.02027054542798703 
0.05623625510524662 0.02028227068133938 
0.18096135721017909 0.020269972389289355 
0.07885642475651901 0.020281680611771314 
0.32956330505812126 0.020266338803001854 
0.08199811498586239 0.020278484401610997 
0.10084825636192271 0.02027753417696876 
0.04052780395852969 0.02028697089065735 
0.05497957901350927 0.02028415509705671 
0.10273327049952875 0.020274577922526175 
0.035186930568645934 0.025356750952713822 
0.22525918944392084 0.020268389440807666 
0.033930254476908575 0.040546174858350534 
0.3248507697141062 0.02026676496435653 
0.036757775683317624 0.025353885218622946 
0.03958529688972667 0.020289351516156046 

0.03078856424756519 0.9695968499026159 
0.34652843229657554 0.03291654523778654 
0.03173107131636821 0.9695944527449954 
0.0373861137291863 0.06839263404979858 
0.21237825950361294 0.032921770853876514 
0.2554194156456173 0.03292073282826953 
0.12095507382972039 0.032928444974075655 
0.1583411875589067 0.032928135890016204 
0.30034558592522775 0.03291789748054665 
0.33427584040213637 0.032917422368225535 
0.25856110587496073 0.03291964197693186 
0.18316054037071944 0.03292419944208916 
0.20986490732013824 0.03292354216362792 
0.2833804586867735 0.032919351395694775 
0.09487904492617028 0.03293236134298097 
0.07257304429783223 0.03293407030395782 
0.16305372290292178 0.03292696462410669 
0.06189129751806472 0.0329418166598611 
0.043355325164938736 0.03294322338308806 
0.11907005969211436 0.032930454020462144 
0.2865221489161169 0.03291852982428342 
0.10524662268300346 0.03293118903743282 
0.09802073515551367 0.032931570157343514 
0.06534715677034245 0.03293547663642834 
0.07131636820609488 0.0329345264117861 
0.03770028275212064 0.05320114116403865 
0.34055922086082313 0.03291708255279055 
0.039271127866792335 0.03800752571766144 
0.040841972981464025 0.03294396312547469 
0.03832862079798932 0.04813647124129416 
0.34307257304429783 0.03291697226181605 
0.3374175306314797 0.032917307575986876 

0.3198240653471568 0.020262217123033926 
0.035186930568645934 0.9822591158841977 
0.03707194470625196 0.055736763888760935 
0.2535344015080113 0.020265338250256 
0.2095507382972039 0.02026654992881058 
0.2544769085768143 0.020264778619059173 
0.29594721960414705 0.020264598345704453 
0.12723845428840716 0.020273461785644802 
0.16022620169651272 0.020272760955509984 
0.039271127866792335 0.020289351516156046 
0.07885642475651901 0.02028055253759709 
0.10524662268300346 0.02027897958910064 
0.06503298774740811 0.020287736588917162 
0.1982406534715677 0.020268143721680613 
0.17530631479736097 0.020269156686245206 
0.3097706566132579 0.020263906565026208 
0.06880301602262016 0.02028287919058143 
0.11498586239396795 0.020275779916090742 
0.1234684260131951 0.020275369108163632 
0.16933710336160854 0.02027025586056002 
0.10933081998114987 0.02027753417696876 
0.03770028275212064 0.04054514163449463 
0.03864278982092366 0.03548039751099313 
0.31448319195727303 0.020262503350809452 
0.16305372290292178 0.020271452739258317 
0.3110273327049953 0.02026341655371241 
0.16619541313226516 0.020271143655198862 
0.06786050895381715 0.02028482442504376 
0.16273955387998743 0.020272091981290402 
0.10713163682060949 0.02027800278090192 
0.12503927112786678 0.020274968570434676 

0.24159597863650645 0.02026592786169551 
0.026704366949418787 0.9620209098389871 
0.02858938108702482 0.9594825570006859 
0.03298774740810556 0.05573793474835712 
0.20609487904492618 0.020266338803001854 
0.15865535658184102 0.020272091981290402 
0.13446434181589695 0.02027382486631708 
0.06786050895381715 0.02028055253759709 
0.08890983349041784 0.02027948892480426 
0.09079484762802388 0.02027753417696876 
0.10933081998114987 0.02027663396414976 
0.12723845428840716 0.020274968570434676 
0.20326735783851713 0.020268143721680613 
0.05372290292177191 0.02028482442504376 
0.1900722588752749 0.020268389440807666 
0.0666038328620798 0.02028415509705671 
0.17907634307257306 0.020268895771130085 
0.1699654414074772 0.020269694823670175 
0.03864278982092366 0.025353000732792404 
0.04586867734841345 0.025350533482844096 
0.035186930568645934 0.03041760061706619 
0.13132265158655357 0.020274196802615482 
0.16054037071944707 0.020271768769026987 
0.04963870562362551 0.02028623114827072 
0.053408733898837574 0.02028551606396368 
0.047753691486019476 0.025349767784584285 
0.036757775683317624 0.025353885218622946 
0.04838202953188816 0.02028697089065735 
0.03424442349984291 0.04560507279433069 
0.034872761545711596 0.040542275900403754 
0.16305372290292178 0.020270841290358096 
0.16556707508639648 0.02027054542798703 
0.16808042726987119 0.020269972389289355 
0.12943763744894754 0.020274577922526175 

