1493.0 100.02 
1462.0 116.02439024390245 
1466.0 108.02173913043478 
1482.0 104.02083333333333 
1464.0 110.02272727272727 
1484.0 102.0204081632653 
1487.0 102.02 

1456.0 470.04 
1513.0 97.0204081632653 
1477.0 114.02439024390245 
1493.0 100.0204081632653 
1505.0 97.02173913043478 
1491.0 102.0204081632653 
1511.0 97.02127659574468 
1485.0 102.02083333333333 
1482.0 102.02127659574468 
1478.0 108.02325581395348 
1480.0 103.02272727272727 

1477.0 114.02439024390245 
1487.0 97.02083333333333 
1479.0 108.02272727272727 
1485.0 102.02083333333333 
1481.0 108.02173913043478 
1483.0 104.02173913043478 

1493.0 100.0204081632653 
1471.0 480.0416666666667 
1476.0 114.02439024390245 
1487.0 100.02083333333333 
1477.0 108.02272727272727 
1480.0 106.02173913043478 
1483.0 104.02173913043478 
1485.0 102.02083333333333 

1466.0 110.02272727272727 
1482.0 100.02 
1474.0 100.02083333333333 
1469.0 104.02173913043478 
1467.0 108.02222222222223 
1471.0 102.02083333333333 

1460.0 466.0357142857143 
1484.0 100.02083333333333 
1467.0 463.0344827586207 
1477.0 110.02272727272727 
1461.0 464.0357142857143 
1481.0 102.02173913043478 
1479.0 108.02173913043478 

1476.0 114.02439024390245 
1516.0 97.01960784313725 
1490.0 97.02 
1479.0 108.02173913043478 
1482.0 99.02127659574468 
1477.0 114.02325581395348 
1484.0 97.0204081632653 

1465.0 106.02272727272727 
1578.0 95.01886792452831 
1487.0 95.01960784313725 
1543.0 95.01923076923077 
1467.0 104.02173913043478 
1472.0 100.02173913043478 
1474.0 98.02083333333333 
1483.0 95.02 
1481.0 97.02 
1480.0 98.0204081632653 

1524.0 97.02127659574468 
1470.0 480.0416666666667 
1471.0 470.0416666666667 
1476.0 114.02439024390245 
1518.0 97.02173913043478 
1491.0 100.0204081632653 
1485.0 100.02083333333333 
1477.0 108.02272727272727 
1481.0 102.02173913043478 

1495.0 97.01960784313725 
1457.0 470.0357142857143 
1466.0 116.02439024390245 
1481.0 97.0204081632653 
1489.0 97.02 
1475.0 97.02083333333333 
1468.0 110.02272727272727 
1470.0 108.02173913043478 
1471.0 102.02173913043478 
1473.0 99.02173913043478 

