--- 0.0 0.0 ---
0.9701138243576787
0.10102003098194477
0.06098652070710379
0.04953224010495034
0.05362295919586175
0.06722321189593496
0.051594139585102214
0.050442209377443904
0.0510178219913759
0.1671159149577787
0.9701082524939676
0.040618325276201676
0.045603996995491315
0.9676285483820858
0.967641225136622
0.9676360920884868
0.10718269689845696
0.11645082506089263
0.9421811112163638
0.9396967158131415
0.0604633741764007
0.04116257888690896
0.0426092315428888
0.048876372704886616
0.06423473846499193
0.062152741730195867
0.06096647635853646
0.0453211325507466
0.19146262438623607
0.14157849346332366
0.08568920098602145
0.08843857426365484
0.08629969306200189
0.08935571345120533
0.08385751996842929
0.08172625230715944
0.07959783277383682
0.08324855457970329
0.9572735086259333
0.04447999361288912
0.04260669065653179
0.04034402895132228
0.04281137093776808
0.9547951097000555
0.9421547962864866
0.9396935116989545
0.05801296702224412
0.9421765350308148
0.06444837579645207
0.05207101628436693
0.048873272934965774
0.25997991493066447
0.05226592378328265
0.21740837468987248
0.18459015799827108
0.1964607531160144
0.19927333231069982
0.20552513185450266
0.21428065460727735
0.21084054958991155
0.18021932563422255
0.17741010944796684
0.20583771563392772
0.2149061386648709
0.2083389994151005
0.18271666760848254
0.17709804673198268
0.18178015783576748
0.19771075697752905
0.20958973380483226
0.3048090032135487
0.28598415062690513
0.06066944327870208
0.2950824700354469
0.06037385701753675
0.1474876343009621
0.11521182141770771
0.14344333695749442
0.09763480534172125
0.11212082072179289
0.14530965582762306
0.11335691910408598
0.09609943350165333
0.06542749483786242
0.06244880319299642
0.06363815403671969
0.0991723423515355
0.06902081691380978
0.04447999361288912
0.04170932318580346
0.043365716116044804
0.9548325978934589
0.7706087002500416
0.9397067467169871
0.3791152952420573
0.6117084386064109
0.37535076006078033
0.7065423807536745
0.9396796894172195
0.06662257793362675
0.06453238823676008
0.06602445670944056
0.2343051799866461
0.9548372346234851
0.13039447413661584
0.15153410121622088
0.14344330657579596
0.14064477870586636
0.061262398686043815
0.06304378653335223
0.9548297573912338
0.2844170861141485
0.22898480757170367
0.20646313013294965
0.18334106717713164
0.22397830412235528
0.13101508117903848
0.13318817985446776
0.09333737819265431
0.16960951277036054
0.1558938887024914
0.0811168567293901
0.09272422108353137
0.2825369446503443
0.2765834471530154
0.17366508039288242
0.17616145189333407
0.17803393348060984
0.1802189857728615
0.18115553285864888
0.07929317145654065
0.15402508757790237
0.9572781602874132
0.6211284029741466
0.06398033696568857
0.12016389096403483
0.03980374763489912
0.0518723027453231
0.04210381167960116
0.048232314427808225
0.5266228832262922
0.047013764865806586
0.5153213594223791
0.5259950139176444
0.9522811071021354
0.06429120621773672
0.06542625175046686
0.04336507950272328
0.0426092315428888
0.051874457940953
0.04253496986895584
0.24050578533219608
0.2775134753799081
0.32144003766514867
0.3565915043486826
0.3776227403051428
0.18053098406537313
0.11242902671524972
0.14499814862509267
0.2925720449939934
0.312025845174172
0.11057552018464989
0.22765247608091763
0.22366501073990877
0.051591910423553225
0.37416970732288934
0.23768402830561952
0.3578470403473561
0.21678271361988302
0.3666360279129283
0.2853562293501736
0.13815775700469174
0.07539712808799956
0.1077976116609382
0.09272320051426755
0.08568669526454875
0.9573053915960142
0.1328770674836532
0.04701295186272626
0.04311161565464694
0.05206756568054609
0.04170968298051559
0.04887271713281471
0.9594721391819487
0.95478394634274
0.07868568631602005
0.9595081947516665
0.21490604387576553
0.21240404876699298
0.16274923393792912
0.44612001257230327
0.43889412504622566
0.4074772227538525
0.39965510707416857
0.08263841603645194
0.058894021964232164
0.20615026754710467
0.20771355645434475
0.1911489181082178
0.9570335959544981
0.9572097362830424
0.05101556426986655
0.43952246309185034
0.40025133523108075
0.0808125084694141
0.16804975870225128
0.18646361799936126
0.1799066421790592
0.1755369681564869
0.18396535962495186
0.404021363504719
0.40464970154777363
0.054494210448989076
0.0571280771570445
0.1705449789003806
0.1730407129372661
0.1824041633056402
0.3922919769810831
0.30071437653981853
0.2505844160431377
0.27125687977610663
0.06901973362410058
0.07989958756607504
0.0991715179826328
0.1534017475056842
0.17210470979536638
0.28629709937505127
0.05159135767304033
0.11181100289510029
0.12698088915313185
0.14375391190436573
0.20646285222896282
0.21803397838986432
0.2900577983723023
0.07022176728875154
0.35056992656020236
0.15059956839240926
0.36437113167200563
0.0461632361057473
0.1989606562465937
0.1007096683214397
0.23868704638833071
0.24557452488238843
0.3574703188536746
0.29663959059342687
0.2324270148708719
0.2242908907361855
0.2261682141834188
0.05101436443631133
0.10995781146675393
0.10625479556272961
0.34743353845895975
0.9698078511210776
0.17803369481432768
0.042105352354872956
0.04007435716392091
0.9698266603597915
0.5244031146976025
0.4854968239939566
0.5196910878023275
0.5011571709729904
0.042352451453263065
0.49644518285305145
0.48607886675267975
0.49330386547595223
0.4885919100944817
0.49141907641633287
0.38413471541527916
0.4826745323154801
0.04447804560767076
0.47451347713045294
0.4525426837101529
0.43528139685157013
0.3728408451036181
0.04844636298628683
0.9572707479690462
0.325481651332617
0.4465795374117102
0.9572428824043597
0.9396768092727824
0.06382394525871743
0.19114894015865264
0.9421247709562359
0.05167496299784716
0.9547661654277585
0.1886499558959977
0.06337271505202681
0.129772793902641
0.06872069592135417
0.24349870617684852
0.3269023587203161
0.20685580525917688
0.23817235011983373
0.08507517080040208
0.04364060286383818
0.3115318483669191
0.32000102878398834
0.1858929838216397
0.19214864331025466
0.3058861872215032
0.30055447204049546
0.19715428014302364
0.201848096539041
0.24099210337440066
0.29459591093756243
0.1940256826812613
0.19465130627123362
0.19652855112058845
0.29710474437246986
0.18339128310683897
0.2043518413820658
0.24067879233518572
0.081114695140987
0.07898727250874768
0.3090226409432228
0.30714075159910637
0.29867276250298663
0.07535001700311604
0.07686400994741363
0.07747017336502532
0.08263651046553323
0.06781939328920744
0.3102772453519267
0.20560379451425947
0.2983591511909916
0.06871920379355792
0.08355051057974476
0.08416013474652966
0.06185223781566377
0.04871743561684057
0.061259442911050586
0.047578177844012845
0.9572122477371944
0.9264879093853142
0.9057634559175111
0.9007546250204203
0.9220895603507299
0.9101511849457611
0.9145495339029347
0.9208328890952938
0.9180053798488652
0.909522849440168
0.918319547284369
0.9548091290931268
0.8765900515836085
0.06322285128863722
0.8376358249601887
0.8589977939493317
0.05071998399745293
0.04822821564496974
0.04160337759035647
0.8693646535101123
0.8599402343534478
0.039262862547832234
0.8662231799668356
0.047182342538993
0.8743910180818822
0.050908607336889414
0.04738694998003556
0.972115757896716
0.15340010165284407
0.12349137506607943
0.14872025078983614
0.049289300324965715
0.972205692331993
0.9721372532790696
0.9721145067013939
0.07172644665386585
0.11603475186007449
0.11075965407168206
0.9721513043597609
0.15059191853240375
0.10332426019728493
0.046162177068740276
0.04814698301898499
0.10456243542289902
0.10951943420246149
0.06931948724975873
0.10734995923881059
0.12162621706685535
0.1064205495413576
0.1197617046165627
0.18526754424086583
0.18558026149718265
0.07052203588980703
0.11851904938737738
0.972143512666749
0.9721424040451031
0.11696619669890841
0.10425286790114413
0.11789784571083016
0.9721456960882755
0.14934410809049764
0.14996798602281394
0.06992052277069642
0.9572297617020247
0.9547927190473372
0.04034298508818495
0.042257538833852144
0.04061422498463353
0.9547544174969267
0.9547579140970156
0.045317985649490154
0.0433631421892378
0.042809019269542725
0.3498993331354545
0.9547418908940168
0.27327415218618406
0.2682582876585732
0.27013916326865983
0.9547186315740112
0.9572192181603412
0.15745092037912586
0.11954321591402221
0.05918908422072778
0.14873165398532953
0.09978605613920909
0.09333592383013654
0.0884359379969393
0.08538094913268031
0.07959588594446447
0.08294199102212506
0.144375663073327
0.14655329205563453
0.09794111285457635
0.09517670853481025
0.08446584365341335
0.09640489396048303
0.6476260468746508
0.6281514168735389
0.5709854286279594
0.5191615523674606
0.3449781312572289
0.37322798189870915
0.4178069152120999
0.39928379311645024
0.500945363400985
0.39112145038038115
0.47110945311512525
0.48869679016394385
0.43036558076755227
0.46325811864459693
0.4525804604678212
0.49215149570713296
0.638516916913249
0.6328629971341708
0.43570315787862784
0.44575057371888493
0.3292857963130927
0.33399329322602717
0.3283443489801095
0.34058411010463113
0.336190191862367
0.467340800536617
0.6435426398051569
0.6394592380580303
0.6473119416336435
0.3923771787977887
0.3958304669314204
0.44598559241922187
0.4484978851700427
0.44292470781256166
0.45132427945937553
0.6303501501982639
0.48995304410729645
0.39708621776606845
0.43915692564181374
0.4472417133879216
0.43978488550366346
0.4369590707273014
0.43821498656513314
0.44166877567053575
0.4404128478135203
0.7891925856110588
0.043364482708038624
0.05654108709054403
0.0428600755232393
0.9523505642604867
0.13039313964293972
0.10563742941687963
0.11768593873060876
0.17428854362482596
0.05159118312698083
0.17023278714846882
0.9523050997276821
0.1724164573730817
0.050438414836884465
0.10317206989109111
0.10532920442085708
0.10378820870334642
0.04929095037801272
0.9523225780429895
0.050151296008370885
0.17148054927272974
0.1705447030547634
0.9673413371342526
0.04260868498928007
0.9572447822308161
0.9547824034397048
0.06382311174779882
0.31874630648748864
0.2688852658613149
0.2936551543591405
0.17526317151574855
0.2676313629188493
0.24600554244942152
0.2312805998164188
0.20998636392422032
0.18776967494217023
0.07716856421324936
0.06662174420046192
0.19371291236559632
0.20435212575483624
0.051484841451434255
0.04531843515339285
0.048020045864657954
0.3071408210026067
0.3014953831582228
0.2980456103496644
0.20623008544857827
0.23723256033609727
0.24099220548396091
0.310277271887653
0.3134138660498893
0.3165505595149488
0.30118176186169127
0.9572674740380914
0.3074544526857465
0.9547539270016738
0.24349879817783132
0.19027186095201262
0.19214874010588942
0.24287214535872856
0.23503959812532393
0.23253355435429984
0.2337865840159744
0.23629270623062365
0.06482913777182227
0.06572490654982804
0.23441310129997314
0.066023708278556
0.043641333806087056
0.04034602668970976
0.04198310399656686
0.0426092315428888
0.9549335837960835
0.9574504501826354
0.06492579944773234
0.08416355530305092
0.06185450164347457
0.05889566523223884
0.05286788043247918
0.2759571781188888
0.18521550038942183
0.27157100276129037
0.15246902971626697
0.14997845772541255
0.11366675899296233
0.04034440092184342
0.04308862631784691
0.08752091621474017
0.049865416845886745
0.048149716786454716
0.9574198219843433
0.9623932937017595
0.9573537893811217
0.11645003440684057
0.04560198305965969
0.07112726290575225
0.26248649698476917
0.0644493461802702
0.05226949386805085
0.13163610822277078
0.20271252185697092
0.04887706561876834
0.0426092315428888
0.2490197894455473
0.21052876627408448
0.04034602668970976
0.04281137093776808
0.12853310478981814
0.11552210087977786
0.20521337542594698
0.11273969057506922
0.05948676239347093
0.06423473846499193
0.13070516905386095
0.04116144604032886
0.11459440679411569
0.1310153473966119
0.9573979880284217
0.9549176707965085
0.08050972352842446
0.06542815460967592
0.10965105593718702
0.09058035565300067
0.042809553700403666
0.05167984073664404
0.0426053695048847
0.04034298508818495
0.05187163660548759
0.041159494286506414
0.054785620585486486
0.07807873163897172
0.08843689135904384
0.05015170219189091
0.05130317598829056
0.05245950032093933
0.0536203597610559
0.0774722176591273
0.06423274592994052
0.08568756686279293
0.08752011922319594
0.9571592539449592
0.3494916595836165
0.9345482669775744
0.06413425514365659
0.14188819232838165
0.20591705975413954
0.23472644882078186
0.2701394204855538
0.29647777536548486
0.2576010807739026
0.10194085072008396
0.12357087841005472
0.30620013371461835
0.3272164099868006
0.13380877504611732
0.3350593576553782
0.04823299007971635
0.34227533119627723
0.9419750568622827
0.33380445430813394
0.09333662033610995
0.0991717847812579
0.19840623756513337
0.19308733970959574
0.04007394105708252
0.04235607176102083
0.9395456085812937
0.939478130684206
0.3485504082846122
0.34509907197737233
0.18589356136153798
0.2015355126712312
0.9370373658098924
0.20341321209831875
0.19121038356703854
0.18714442193162206
0.18870816583784114
0.1890209127599483
0.09180402591395193
0.19058477675445912
0.10132527816137514
0.20466511188147937
0.10009441870658069
0.09119136745280615
0.04866015894498285
0.09947923264447885
0.37640867149811774
0.17428886633694332
0.3594451763755499
0.151222354490671
0.17179288411025
0.048719824390621856
0.36258654297157944
0.13567222558349595
0.04367762252855733
0.14966602585412353
0.17241683587441878
0.15091117815527072
0.14904352285050024
0.9572757639769519
0.06382763402858767
0.04447804560767076
0.05167984073664404
0.048660828656302724
0.9572948927170742
0.17179291786979572
0.1111933122369716
0.16742609218583437
0.16960930114586456
0.10995796298334382
0.7263270342259843
0.7074844355670487
0.6927246747822142
0.6839317615386616
0.709996748825651
0.7191039866897483
0.9421141914238874
0.436536775695193
0.43026028908885394
0.35778403309166223
0.3110592363916843
0.23086234701834155
0.27063050354784307
0.1774096767201941
0.14748716859073951
0.09947892901754392
0.06304061893340285
0.1886500284213956
0.21084061362479697
0.2292976856102462
0.3072973632370584
0.28943109203357403
0.2731367984825098
0.2872373701809969
0.1808432656480892
0.052068205599490984
0.058600094181913136
0.04235459498959439
0.4337123303358697
0.308237784820739
0.1446870028146455
0.27251025861185807
0.14251001346577347
0.14406490598281466
0.06155681792801012
0.05978054687809942
0.060371850613841586
0.2299235171403206
0.09701984815780974
0.09794170427989096
0.0985564263340482
0.06185247303079077
0.06244620524646891
0.09671268732888849
0.09824904328061251
0.04116075276139501
0.13474036567442116
0.1260507689605629
0.1316352906400317
0.9572648661106488
0.9396954111691234
0.07353701530441072
0.0398033286990895
0.9396550909016801
0.9396697671643935
0.10625483657782812
0.08020323999445933
0.07535063728541168
0.07989944523475144
0.10563814413191422
0.04616346634462915
0.04143408273390114
0.043086214637657404
0.042257538833852144
0.05647667523708807
0.1269820048930768
0.30040135629043047
0.06393690498847404
0.08477402577906228
0.10379057694605208
0.12078391227980567
0.08721608926382132
0.09794369414876915
0.10101931351898465
0.1232621965539326
0.06477262632101827
0.06632505664876708
0.04701466061833231
0.04514445238021546
0.04953304395476697
0.06274722698344853
0.044482447118728924
0.04974973206034933
0.052870166110120284
0.04651245617822307
0.04439893219543853
0.36029356362912934
0.23806158835943503
0.29444605271002705
0.3562159620918231
0.3185839303256725
0.20271210948085003
0.3565296166473469
0.9574579869699437
0.9574504501826354
0.5332156531256433
0.9549701255573522
0.47671090922877757
0.16399685974914757
0.046216392782718364
0.16056845010902193
0.1418884232099445
0.10502293962809683
0.054788564755375226
0.09303152288777225
0.08416320704662272
0.1375369826309259
0.13287807730678616
0.1288432977253292
0.13567291786146668
0.05015442887616134
0.04226134706946898
0.9549001321821332
0.9623585487620306
0.3217194254435112
0.2693777582529633
0.20333712138921534
0.08050972352842446
0.19146196407722216
0.15558251434347325
0.11304842588682903
0.09886535023470107
0.11119461070809411
0.1939613204723305
0.049747765447148415
0.15153412894351606
0.15340238846036092
0.07566265426856451
0.06276531435616456
0.9573176629271
0.059781994716247934
0.04532178374269258
0.10471477153422974
0.04337147566916144
0.052870166110120284
0.044653707224195885
0.3204652714693488
0.0442027065786259
0.3151352837523539
0.3116867140896658
0.06476811599138184
0.07082619209516584
0.6630175506461874
0.39991175378400723
0.47997664651553856
0.4925372656639663
0.562881810036891
0.6162727686358389
0.3022986229075695
0.34686146313273725
0.24583623110845335
0.28598374679402216
0.3955166296778587
0.366950002732681
0.24520921197676435
0.6350618444018246
0.35219727028455566
0.6335469499841007
0.653908337348
0.2982197244022543
0.18334098271198054
0.10348104825708103
0.11954413814944598
0.12605080229340657
0.9446943541136912
0.06665168088878264
0.06542798238379041
0.054256610513839156
0.0762599459003976
0.05889605369085107
0.04729891842499643
0.07565461133466383
0.05654393985563394
0.9572781602874132
0.9547973649237687
0.2030240608145384
0.04260623507855324
0.07384073519244859
0.1010183555018989
0.05275245885901458
0.04504213826717686
0.22679419773441026
0.06460669077595457
0.052467567604900865
0.20052347713076787
0.13971190828922805
0.148732070342337
0.10964957799137316
0.17709768261263242
0.0481516968604748
0.0856877366493297
0.3419615472172769
0.32000136945637486
0.24224558491082657
0.13846869831789776
0.06274533771789519
0.3385104032805615
0.23942574369058367
0.22031864216062047
0.04447939283286034
0.1840167532585488
0.2021613722596374
0.05948615855677561
0.052665411980525975
0.17241697468730527
0.0522672709661164
0.1758492017233739
0.1833913764784796
0.05137307611098134
0.957269860129882
0.060118120356994126
0.9370766858164574
0.04034559805939435
0.04588218165174912
0.1238806669781866
0.15340228366789385
0.08172512570908176
0.08324761132580909
0.09763499371807066
0.09886456590501827
0.16025584538569393
0.12202154068201987
0.3974238140877849
0.36886935097371326
0.1795945567448948
0.11397504669183994
0.15932108231862036
0.377036970488454
0.17116908985931964
0.37825950376574874
0.3842287151747116
0.1761612663493766
0.38894125049981754
0.3933396168005641
0.16088065555888104
0.10102026438066719
0.12605291722679277
0.1549612848247564
0.044482447118728924
0.12233358835924012
0.09058155235027536
0.06423573117185533
0.06393816145085114
0.059488969538425265
0.9573306394060205
0.06477262632101827
0.060967709259183274
0.04116476340785928
0.06151587629965362
0.05201555961551355
0.04380427514908267
0.05131594170033222
0.045423180969706704
0.05109090492293312
0.9573857980483077
0.11150481794494793
0.10687442715246176
0.08385992813773324
0.9700055716449614
0.06948083393947517
0.050195988854756506
0.05703853419185723
0.053482473968873914
0.049009417747494004
0.9624402379899424
0.12729307281914776
0.045323626941162036
0.07203316961319078
0.07354114338188099
0.10625791133991018
