1452.0 470.03846153846155
1668.0 95.01492537313433
1461.0 107.02222222222223
1463.0 101.02083333333333
1511.0 95.01587301587301
1557.0 95.01538461538462
1504.0 95.01612903225806
1500.0 95.01724137931035
1502.0 95.01694915254237
1881.0 95.01315789473684
1453.0 470.03225806451616
1465.0 95.01886792452831
1483.0 95.01818181818182
1457.0 469.0357142857143
1459.0 469.03225806451616
1458.0 469.0344827586207
1688.0 95.01449275362319
1718.0 95.01369863013699
1443.0 459.03333333333336
1448.0 458.03225806451616
1458.0 107.0204081632653
1467.0 95.01785714285714
1462.0 97.01923076923077
1460.0 101.01923076923077
1547.0 95.01515151515152
1540.0 95.01612903225806
1536.0 95.01639344262296
1482.0 95.01666666666667
1959.0 95.01123595505618
1799.0 95.01204819277109
1618.0 95.01449275362319
1627.0 95.01388888888889
1620.0 95.01428571428572
1630.0 95.01298701298701
1612.0 95.01219512195122
1605.0 95.01369863013699
1598.0 95.01388888888889
1610.0 95.01315789473684
1434.0 465.02941176470586
1479.0 95.01639344262296
1462.0 97.01754385964912
1464.0 95.01694915254237
1473.0 95.01666666666667
1440.0 464.02941176470586
1441.0 459.030303030303
1449.0 458.02702702702703
1526.0 95.01612903225806
1444.0 459.02777777777777
1456.0 109.02083333333333
1457.0 103.01960784313725
1460.0 101.01754385964912
2178.0 95.00581395348837
1458.0 103.01818181818182
2042.0 95.0059880239521
1937.0 95.00746268656717
1975.0 95.0072463768116
1984.0 95.00694444444444
2004.0 95.00689655172414
2032.0 95.00641025641026
2021.0 95.00649350649351
1923.0 95.00854700854701
1914.0 95.00884955752213
2005.0 95.00666666666666
2034.0 95.00621118012423
2013.0 95.00662251655629
1931.0 95.00751879699249
1913.0 95.009009009009
1928.0 95.00806451612904
1979.0 95.00719424460432
2017.0 95.00653594771242
2322.0 93.00763358778626
2262.0 93.00980392156863
1535.0 95.01538461538462
2291.0 93.00909090909092
1534.0 95.01587301587301
1818.0 95.00909090909092
1714.0 95.00980392156863
1805.0 95.00925925925925
1657.0 95.01075268817205
1704.0 95.01052631578948
1811.0 95.0091743119266
1708.0 95.01030927835052
1652.0 95.01204819277109
1551.0 95.01408450704226
1541.0 95.01492537313433
1545.0 95.01428571428572
1662.0 95.01149425287356
1563.0 95.01282051282051
1479.0 95.01639344262296
1469.0 95.01694915254237
1475.0 95.01666666666667
1442.0 464.037037037037
3805.0 95.0048309178744
1449.0 458.03225806451616
2558.0 95.00574712643679
3299.0 95.00561797752809
2546.0 95.00613496932516
3601.0 95.0049504950495
1446.0 458.03333333333336
1555.0 95.01298701298701
1548.0 95.01449275362319
1553.0 95.01315789473684
2096.0 95.00671140939598
1445.0 464.02777777777777
1763.0 95.01063829787235
1831.0 95.009009009009
1805.0 95.0091743119266
1796.0 95.00934579439253
1537.0 95.01587301587301
1543.0 95.01538461538462
1443.0 464.03225806451616
2256.0 95.00628930817611
2079.0 95.0068493150685
2007.0 95.00714285714285
1933.0 95.0072463768116
2063.0 95.00704225352112
1765.0 95.01030927835052
1772.0 95.01020408163265
1643.0 95.01190476190476
1889.0 95.00833333333334
1845.0 95.00847457627118
1603.0 95.01234567901234
1641.0 95.01204819277109
2250.0 95.00657894736842
2231.0 95.00666666666666
1902.0 95.00813008130082
1910.0 95.0079365079365
1916.0 95.00740740740741
1923.0 95.00735294117646
1926.0 95.00729927007299
1597.0 95.0125
1839.0 95.00854700854701
1434.0 465.03125
3329.0 95.0054347826087
1453.0 109.02083333333333
1730.0 95.01098901098901
1462.0 95.01818181818182
1456.0 103.01851851851852
1460.0 97.01785714285714
1457.0 101.01886792452831
3028.0 95.00564971751412
1488.0 95.01612903225806
2992.0 95.00571428571429
3026.0 95.00568181818181
1443.0 463.025
1455.0 109.02083333333333
1551.0 95.0125
1475.0 95.01612903225806
1462.0 97.01923076923077
1456.0 103.01960784313725
1472.0 95.01666666666667
2117.0 93.00675675675676
2235.0 93.00636942675159
2375.0 93.005291005291
2487.0 93.00518134715026
2554.0 93.0048076923077
1924.0 95.00671140939598
1705.0 95.00877192982456
1810.0 95.008
2283.0 93.00574712643679
2345.0 93.00549450549451
1699.0 95.009009009009
2076.0 93.00925925925925
2062.0 95.00523560209425
1504.0 95.01388888888889
2543.0 93.0048309178744
2108.0 93.00704225352112
2491.0 93.00515463917526
2040.0 95.00571428571429
2519.0 93.0051282051282
2260.0 93.00628930817611
1788.0 95.00833333333334
1454.0 114.02173913043478
1690.0 95.01
1641.0 95.01020408163265
1618.0 95.01030927835052
1439.0 465.025
1771.0 95.00862068965517
1488.0 95.01538461538462
1464.0 97.01639344262296
1457.0 103.01785714285714
1469.0 95.01724137931035
1460.0 101.01724137931035
1368.0 466.02702702702703
1440.0 464.025
1595.0 95.01219512195122
1384.0 466.0263157894737
2034.0 95.00581395348837
2026.0 95.00595238095238
1867.0 95.0078125
2773.0 87.00398406374502
2750.0 87.00408163265305
2650.0 87.00411522633745
2625.0 89.00438596491227
1608.0 95.01176470588236
1529.0 95.01282051282051
2006.0 95.00628930817611
2011.0 95.00625
1958.0 95.00636942675159
1398.0 465.02702702702703
1427.0 465.0263157894737
1502.0 95.01470588235294
2752.0 87.0040650406504
2627.0 87.00436681222708
1602.0 95.01204819277109
1884.0 95.00746268656717
1943.0 95.00645161290322
1922.0 95.00675675675676
1908.0 95.00680272108843
1935.0 95.00649350649351
2639.0 87.00429184549357
2641.0 87.00413223140495
1514.0 95.01333333333334
1523.0 95.01298701298701
1892.0 95.0072463768116
1900.0 95.00699300699301
1930.0 95.00653594771242
2600.0 95.0042194092827
2308.0 95.0048076923077
2148.0 95.00502512562814
2214.0 95.0049504950495
1563.0 95.01136363636364
1599.0 95.01063829787235
1662.0 95.00990099009901
1837.0 95.00709219858156
1897.0 95.00694444444444
2262.0 95.00492610837438
1504.0 95.01333333333334
1703.0 95.00869565217391
1752.0 95.00847457627118
1806.0 95.008
2007.0 95.00602409638554
2044.0 95.00595238095238
2274.0 95.00490196078431
1567.0 95.0111111111111
2467.0 95.0046511627907
1828.0 95.00740740740741
2511.0 95.00454545454545
1485.0 95.01428571428572
1983.0 95.00641025641026
1667.0 95.00980392156863
2110.0 95.00518134715026
2132.0 95.00515463917526
2489.0 95.00462962962963
2295.0 95.00485436893204
2090.0 95.00549450549451
2064.0 95.00574712643679
2070.0 95.00552486187846
1502.0 95.01351351351352
1697.0 95.00884955752213
1685.0 95.0091743119266
2457.0 95.00469483568075
1419.0 470.02702702702703
1916.0 95.00657894736842
1460.0 97.01886792452831
1463.0 95.01818181818182
1422.0 470.0263157894737
3022.0 90.00377358490566
2898.0 91.0046511627907
3007.0 90.00403225806451
2948.0 90.00408163265305
1461.0 97.01612903225806
2933.0 90.00409836065573
2900.0 90.0046511627907
2923.0 90.00416666666666
2908.0 90.00456621004567
2917.0 90.00418410041841
2574.0 95.0042735042735
2888.0 95.0037037037037
1479.0 95.01470588235294
2862.0 95.00390625
2792.0 95.00411522633745
2737.0 95.00418410041841
2538.0 95.00431034482759
1458.0 101.01923076923077
1435.0 465.025
2387.0 95.00478468899522
2773.0 95.00414937759336
1431.0 465.02702702702703
1448.0 458.0243902439024
1452.0 109.01960784313725
1958.0 95.00645161290322
1439.0 459.02564102564105
1455.0 103.01754385964912
1438.0 464.025
1950.0 95.00653594771242
1449.0 109.02083333333333
1761.0 95.00806451612904
1562.0 95.01298701298701
2126.0 94.00552486187846
2392.0 94.00411522633745
2009.0 94.00571428571429
2109.0 94.00568181818181
1616.0 95.00840336134453
1476.0 95.01408450704226
2343.0 94.0042194092827
2370.0 94.00414937759336
1942.0 94.00704225352112
1962.0 94.00699300699301
2325.0 94.0045871559633
2308.0 94.0047619047619
1978.0 94.00625
1993.0 94.00591715976331
2118.0 94.00558659217877
2289.0 94.00510204081633
1968.0 94.00694444444444
1970.0 94.00653594771242
1976.0 94.00649350649351
2297.0 94.00507614213198
1934.0 94.00719424460432
2001.0 94.00584795321637
2117.0 94.00561797752809
1603.0 95.00892857142857
1596.0 95.00909090909092
2335.0 94.00450450450451
2329.0 94.00452488687783
2302.0 94.00478468899522
1584.0 95.00961538461539
1589.0 95.00943396226415
1591.0 95.00925925925925
1608.0 95.00869565217391
1559.0 95.01123595505618
2339.0 94.00442477876106
2005.0 94.00578034682081
2301.0 94.0048076923077
1562.0 95.01098901098901
1611.0 95.00862068965517
1613.0 95.00847457627118
1539.0 95.01176470588236
1494.0 95.0126582278481
1537.0 95.01234567901234
1490.0 95.01315789473684
1426.0 465.030303030303
4302.0 88.00347222222223
4236.0 89.00404858299595
4220.0 90.00416666666666
4288.0 88.00358422939068
4250.0 88.00384615384615
4264.0 88.00378787878788
4284.0 88.00359712230215
4275.0 88.00377358490566
4248.0 88.003861003861
4276.0 88.00371747211896
1444.0 464.0204081632653
4143.0 91.00292397660819
1448.0 109.0204081632653
4019.0 91.00333333333333
4087.0 91.00325732899023
1450.0 103.01960784313725
1457.0 101.01666666666667
1458.0 97.01754385964912
4120.0 91.0030395136778
4090.0 91.0032154340836
1460.0 95.01694915254237
4110.0 91.00313479623824
1452.0 101.01886792452831
4136.0 91.00301204819277
1451.0 103.01923076923077
1453.0 101.01724137931035
1353.0 471.0263157894737
1838.0 94.00735294117646
1742.0 94.0077519379845
1823.0 94.00769230769231
1496.0 95.0125
1400.0 471.0175438596491
1377.0 471.0232558139535
1356.0 471.02564102564105
1572.0 95.01010101010101
1718.0 94.00840336134453
1701.0 94.00847457627118
1386.0 471.01851851851853
1829.0 94.00746268656717
1677.0 94.00925925925925
1485.0 95.01333333333334
1492.0 95.01282051282051
1681.0 94.00909090909092
1697.0 94.00862068965517
1564.0 95.01052631578948
1690.0 94.00884955752213
1736.0 94.0078125
1687.0 94.00892857142857
1730.0 94.0079365079365
1940.0 94.00714285714285
1941.0 94.00709219858156
1568.0 95.01030927835052
1726.0 94.008
1383.0 471.0192307692308
1380.0 471.02222222222224
1721.0 94.00819672131148
1680.0 94.0091743119266
1724.0 94.00806451612904
1382.0 471.02127659574467
1825.0 94.00763358778626
1827.0 94.00751879699249
1566.0 95.01041666666667
1430.0 465.025
1442.0 464.02127659574467
1464.0 95.01612903225806
1471.0 95.01538461538462
1465.0 95.015625
1437.0 464.0238095238095
1438.0 464.0217391304348
1482.0 95.01388888888889
1475.0 95.01449275362319
1473.0 95.01470588235294
2466.0 92.0054347826087
1435.0 464.02564102564105
2221.0 94.00515463917526
2205.0 94.00549450549451
2211.0 94.00520833333333
1432.0 464.0263157894737
1428.0 465.02702702702703
1850.0 95.00657894736842
1728.0 95.0077519379845
1530.0 95.01282051282051
1822.0 95.00666666666666
1664.0 95.00869565217391
1643.0 95.00925925925925
1627.0 95.00934579439253
1617.0 95.00943396226415
1598.0 95.01086956521739
1609.0 95.01010101010101
1808.0 95.00704225352112
1815.0 95.00671140939598
1658.0 95.00877192982456
1649.0 95.009009009009
1614.0 95.00970873786407
1653.0 95.00892857142857
3414.0 92.0030395136778
3352.0 92.00331125827815
3170.0 92.00334448160535
3005.0 92.00337837837837
2450.0 93.00490196078431
2540.0 93.00485436893204
2682.0 93.00444444444445
2623.0 93.00469483568075
2947.0 92.00338983050847
2597.0 93.0048309178744
2852.0 92.00359712230215
2908.0 92.00352112676056
2722.0 93.00413223140495
2827.0 92.0037037037037
2793.0 92.00378787878788
2919.0 92.00348432055749
3385.0 92.0031746031746
3367.0 92.00320512820512
2739.0 93.00403225806451
2771.0 93.00381679389314
2400.0 93.00617283950618
2415.0 93.00540540540541
2397.0 93.00662251655629
2436.0 93.00510204081633
2422.0 93.00520833333333
2840.0 92.0036496350365
3401.0 92.00314465408805
3388.0 92.0031545741325
3413.0 92.00311526479751
2601.0 93.0048076923077
2612.0 93.00478468899522
2772.0 92.0046511627907
2780.0 92.00392156862745
2762.0 93.00384615384615
2789.0 92.00381679389314
3359.0 92.0032154340836
2912.0 92.0034965034965
2616.0 93.0047619047619
2750.0 93.00395256916995
2776.0 92.00395256916995
2752.0 93.00392156862745
2743.0 93.00401606425703
2747.0 93.00398406374502
2758.0 93.00387596899225
2754.0 93.00390625
3865.0 87.0031055900621
1475.0 95.015625
1521.0 95.01298701298701
1463.0 97.01785714285714
1450.0 463.02564102564105
1763.0 95.0072463768116
1683.0 95.00787401574803
1722.0 95.0078125
1904.0 95.0060975609756
1504.0 95.01315789473684
1891.0 95.00641025641026
1445.0 463.02702702702703
1898.0 95.00613496932516
1500.0 95.01351351351352
1675.0 95.00826446280992
1682.0 95.00806451612904
1677.0 95.00819672131148
1496.0 95.01408450704226
1447.0 463.0263157894737
1499.0 95.01388888888889
1895.0 95.00625
1892.0 95.00632911392405
1429.0 469.0238095238095
1462.0 97.01886792452831
1431.0 465.02777777777777
1440.0 464.0243902439024
1452.0 109.01923076923077
2366.0 94.0042735042735
2207.0 94.00555555555556
2286.0 94.00534759358288
1908.0 94.00813008130082
2203.0 94.00571428571429
2134.0 94.0059880239521
2087.0 94.0068493150685
2019.0 94.00689655172414
1948.0 94.0078125
1590.0 95.01162790697674
1555.0 95.01190476190476
1967.0 94.00729927007299
2001.0 94.00714285714285
1454.0 103.01960784313725
1482.0 95.01428571428572
1456.0 101.01886792452831
2329.0 94.005
2311.0 94.00502512562814
2300.0 94.005291005291
2007.0 94.00709219858156
2106.0 94.00617283950618
2118.0 94.00613496932516
2339.0 94.00460829493088
2349.0 94.00448430493273
2359.0 94.00434782608696
2310.0 94.0050505050505
1434.0 465.02702702702703
2330.0 94.00490196078431
1436.0 464.02702702702703
2126.0 94.00602409638554
1956.0 94.00746268656717
1962.0 94.00740740740741
2124.0 94.0060975609756
2099.0 94.00625
2091.0 94.00662251655629
2095.0 94.00657894736842
2103.0 94.00621118012423
1549.0 95.0125
1552.0 95.01234567901234
2097.0 94.00649350649351
1553.0 95.01219512195122
1476.0 95.01470588235294
1464.0 95.01851851851852
1470.0 95.01612903225806
1462.0 97.01923076923077
1453.0 464.0344827586207
1452.0 465.03333333333336
1459.0 109.0204081632653
1613.0 95.01408450704226
1539.0 95.01449275362319
1529.0 95.01470588235294
1461.0 103.01923076923077
2229.0 95.00869565217391
1939.0 95.01030927835052
2215.0 95.00934579439253
1834.0 95.01149425287356
1826.0 95.01176470588236
1709.0 95.01190476190476
1464.0 95.01724137931035
1474.0 95.01694915254237
1624.0 95.01298701298701
1498.0 95.01515151515152
1492.0 95.01538461538462
1448.0 465.037037037037
1439.0 467.0357142857143
1441.0 465.037037037037
1718.0 95.01190476190476
1483.0 95.01639344262296
1570.0 95.01470588235294
2186.0 95.00990099009901
1456.0 109.02127659574468
1458.0 103.02
1767.0 95.01086956521739
1995.0 95.01063829787235
1460.0 101.01960784313725
1462.0 97.01923076923077
2143.0 95.01010101010101
2020.0 95.01030927835052
1464.0 95.01851851851852
1473.0 95.01666666666667
1757.0 95.01162790697674
1715.0 95.01204819277109
2003.0 95.01041666666667
1706.0 95.01234567901234
1531.0 95.015625
1547.0 95.01515151515152
1764.0 95.01149425287356
1467.0 95.01694915254237
1712.0 95.01219512195122
1765.0 95.01098901098901
1447.0 465.03225806451616
1452.0 464.03225806451616
1601.0 95.01408450704226
1551.0 95.01492537313433
1696.0 95.01315789473684
1634.0 95.01351351351352
1473.0 95.01515151515152
1455.0 103.02
1462.0 97.01666666666667
1464.0 95.01612903225806
1456.0 103.01818181818182
1467.0 95.01538461538462
1515.0 95.01298701298701
1593.0 95.01219512195122
1627.0 95.01098901098901
1499.0 95.01428571428572
1503.0 95.01388888888889
1507.0 95.01351351351352
1511.0 95.01315789473684
1591.0 95.01234567901234
1547.0 95.0126582278481
1618.0 95.01176470588236
1624.0 95.01162790697674
1417.0 465.0344827586207
2464.0 94.00602409638554
1440.0 456.02777777777777
1454.0 109.0204081632653
1800.0 95.00862068965517
2006.0 94.00699300699301
2098.0 94.00689655172414
2211.0 94.00675675675676
2295.0 94.00671140939598
2171.0 94.00680272108843
1671.0 95.00961538461539
1741.0 95.00925925925925
2326.0 94.00666666666666
2393.0 94.00662251655629
1774.0 95.009009009009
2418.0 94.00653594771242
1457.0 101.01923076923077
2441.0 94.00649350649351
1419.0 459.02941176470586
2414.0 94.00657894736842
1643.0 95.01052631578948
1662.0 95.01041666666667
1982.0 94.0077519379845
1965.0 94.0078125
1463.0 95.01785714285714
1461.0 97.01851851851852
1433.0 458.02702702702703
1424.0 458.0285714285714
2461.0 94.00632911392405
2450.0 94.00636942675159
1942.0 94.00943396226415
1992.0 94.00757575757575
1436.0 457.02564102564105
1998.0 94.0072463768116
1959.0 94.00787401574803
1946.0 94.00892857142857
1951.0 94.00854700854701
1952.0 94.00840336134453
1638.0 95.01075268817205
1957.0 94.0079365079365
1669.0 95.00990099009901
2002.0 94.00714285714285
1665.0 95.01010101010101
1636.0 95.01086956521739
1459.0 101.01886792452831
1663.0 95.01020408163265
2551.0 89.00699300699301
1904.0 95.00719424460432
2497.0 89.00751879699249
1830.0 95.0078125
1896.0 95.00746268656717
1494.0 95.01492537313433
2507.0 89.00714285714285
1780.0 95.00869565217391
1460.0 98.01960784313725
1825.0 95.00840336134453
1898.0 95.00740740740741
1829.0 95.00826446280992
1823.0 95.00847457627118
1434.0 465.030303030303
1452.0 109.02127659574468
1479.0 95.01470588235294
1455.0 103.02
1459.0 101.01923076923077
1437.0 465.02777777777777
1896.0 95.00757575757575
1701.0 95.00909090909092
1882.0 95.00769230769231
1889.0 95.00763358778626
1697.0 95.0091743119266
3664.0 95.00380228136882
3604.0 95.00404858299595
3557.0 95.00408163265305
3529.0 95.0042194092827
3612.0 95.00387596899225
3641.0 95.00383141762453
1438.0 459.025
2741.0 95.00469483568075
2721.0 95.00492610837438
2490.0 95.0049751243781
2341.0 95.00507614213198
2085.0 95.00621118012423
2212.0 95.00602409638554
1914.0 95.00735294117646
1818.0 95.0077519379845
1663.0 95.00961538461539
1543.0 95.01149425287356
1950.0 95.00680272108843
2021.0 95.00675675675676
2080.0 95.00657894736842
2329.0 95.00540540540541
2272.0 95.0054347826087
2220.0 95.00564971751412
2265.0 95.00558659217877
1925.0 95.00704225352112
1457.0 103.01818181818182
1528.0 95.01388888888889
1461.0 97.01754385964912
2732.0 95.00478468899522
2332.0 95.00515463917526
1809.0 95.0078125
2218.0 95.0059880239521
1802.0 95.00833333333334
1807.0 95.00787401574803
1538.0 95.01333333333334
1532.0 95.01369863013699
1534.0 95.01351351351352
2082.0 95.00632911392405
1655.0 95.01
1658.0 95.00990099009901
1660.0 95.00970873786407
1539.0 95.01204819277109
1541.0 95.01176470588236
1654.0 95.01010101010101
1659.0 95.00980392156863
1467.0 95.01639344262296
1777.0 95.00869565217391
1749.0 95.009009009009
1767.0 95.00877192982456
1431.0 465.0357142857143
1449.0 458.02777777777777
1578.0 95.01075268817205
1462.0 95.01785714285714
1444.0 458.03125
1446.0 458.02941176470586
1685.0 95.00925925925925
1600.0 95.01020408163265
1584.0 95.01052631578948
1599.0 95.01041666666667
1683.0 95.00934579439253
1485.0 95.01449275362319
1468.0 95.01612903225806
1474.0 95.01492537313433
1471.0 95.01538461538462
1459.0 105.02222222222223
1752.0 95.01123595505618
2307.0 95.00735294117646
1546.0 95.01538461538462
1615.0 95.01492537313433
1677.0 95.01298701298701
1732.0 95.0125
1623.0 95.01428571428572
1658.0 95.01369863013699
1668.0 95.01351351351352
1740.0 95.01219512195122
1458.0 109.02380952380952
1554.0 95.01515151515152
1488.0 95.01694915254237
1466.0 98.01960784313725
1463.0 101.02127659574468
1542.0 95.01639344262296
1479.0 95.01851851851852
1464.0 101.01960784313725
1461.0 103.0204081632653
1465.0 99.01960784313725
1469.0 97.02127659574468
2498.0 95.00625
2108.0 95.008
2288.0 95.00757575757575
2485.0 95.00666666666666
2365.0 95.00671140939598
1995.0 95.009009009009
2486.0 95.00662251655629
1453.0 465.03225806451616
1452.0 465.03333333333336
3049.0 95.0060975609756
1457.0 464.03225806451616
2869.0 95.00617283950618
1871.0 95.00990099009901
1476.0 97.01785714285714
1860.0 95.0111111111111
1800.0 95.00925925925925
1681.0 95.01219512195122
1515.0 95.01612903225806
1642.0 95.01333333333334
1613.0 95.01351351351352
1786.0 95.01030927835052
1771.0 95.01123595505618
1758.0 95.01149425287356
1780.0 95.01052631578948
1499.0 95.01694915254237
1471.0 95.01851851851852
1450.0 464.03333333333336
1436.0 467.03225806451616
2375.0 95.00735294117646
2208.0 95.00806451612904
1997.0 95.00826446280992
1601.0 95.01408450704226
1959.0 95.00877192982456
1844.0 95.00884955752213
1707.0 95.01162790697674
1661.0 95.0125
1701.0 95.01190476190476
1967.0 95.00854700854701
1464.0 101.01851851851852
1831.0 95.00909090909092
1837.0 95.009009009009
1456.0 114.02127659574468
1459.0 108.02
1438.0 465.03333333333336
1532.0 95.01538461538462
1482.0 95.01724137931035
1680.0 95.01234567901234
1465.0 97.02
1461.0 103.0204081632653
1470.0 97.01886792452831
2371.0 95.00746268656717
1478.0 95.01818181818182
2354.0 95.00757575757575
2343.0 95.0079365079365
1458.0 109.02173913043478
1569.0 95.01470588235294
3463.0 92.0049751243781
2625.0 93.00549450549451
2880.0 93.00531914893617
2920.0 93.00526315789473
3144.0 93.00510204081633
3314.0 93.00507614213198
2314.0 93.00621118012423
2456.0 93.00613496932516
2134.0 93.0068493150685
2262.0 93.00680272108843
2611.0 93.00581395348837
2520.0 93.00584795321637
2132.0 93.00757575757575
3374.0 92.00523560209425
2473.0 93.0059880239521
3369.0 93.0049751243781
3434.0 92.0050505050505
2301.0 93.00671140939598
1933.0 95.00694444444444
1676.0 95.01010101010101
1728.0 95.00990099009901
1749.0 95.00909090909092
1442.0 460.030303030303
1456.0 110.02173913043478
1551.0 95.01470588235294
1458.0 104.02
1587.0 95.01219512195122
1529.0 95.01515151515152
1489.0 95.01754385964912
1585.0 95.0125
1521.0 95.01612903225806
1434.0 465.03125
1440.0 464.030303030303
1996.0 95.00645161290322
1462.0 97.01724137931035
1579.0 95.01315789473684
1668.0 95.01162790697674
1508.0 95.01666666666667
1481.0 95.01818181818182
2072.0 95.00625
1457.0 109.02083333333333
1459.0 103.01960784313725
1988.0 95.00671140939598
1793.0 95.00862068965517
1822.0 95.00787401574803
1696.0 95.01
1913.0 95.0077519379845
1492.0 95.01724137931035
1618.0 95.01204819277109
2440.0 94.00621118012423
2370.0 94.00657894736842
2122.0 94.00662251655629
1789.0 95.00877192982456
1542.0 95.01408450704226
2429.0 94.00636942675159
2113.0 94.00666666666666
2052.0 94.00680272108843
1479.0 95.01587301587301
1936.0 94.00746268656717
1994.0 94.00735294117646
1531.0 95.01492537313433
1460.0 103.01851851851852
1898.0 95.00787401574803
1458.0 103.01886792452831
1909.0 95.00735294117646
1934.0 94.00757575757575
1463.0 102.01923076923077
1433.0 465.03125
1456.0 107.01818181818182
1440.0 457.02702702702703
1464.0 95.01818181818182
1484.0 95.01515151515152
1742.0 95.00892857142857
1837.0 95.00869565217391
1605.0 95.01190476190476
1610.0 95.01162790697674
1657.0 95.0111111111111
1661.0 95.01098901098901
1859.0 95.00813008130082
1736.0 95.0091743119266
2618.0 87.00617283950618
2527.0 89.00806451612904
1921.0 95.00704225352112
1710.0 95.01
1856.0 95.00854700854701
2553.0 89.00751879699249
1894.0 95.0079365079365
2557.0 87.00735294117646
2576.0 87.00699300699301
1910.0 95.00729927007299
2591.0 87.00671140939598
2605.0 87.00636942675159
1861.0 95.01282051282051
1668.0 95.01538461538462
1749.0 95.01428571428572
1842.0 95.01408450704226
1479.0 95.01851851851852
1737.0 95.01449275362319
1634.0 95.015625
1547.0 95.01639344262296
1546.0 95.01694915254237
1531.0 95.01818181818182
1438.0 465.03846153846155
1458.0 109.02380952380952
1536.0 95.01785714285714
1467.0 95.01960784313725
1464.0 107.02222222222223
1466.0 102.02127659574468
1472.0 96.02083333333333
1471.0 101.02
1478.0 96.0204081632653
1470.0 101.02083333333333
1446.0 465.03125
1702.0 95.01470588235294
1687.0 95.01492537313433
1612.0 95.01612903225806
1441.0 470.037037037037
1460.0 111.02439024390245
1466.0 101.02173913043478
1462.0 105.02272727272727
1464.0 103.02173913043478
1495.0 95.01851851851852
1443.0 467.04
1753.0 95.01351351351352
1482.0 95.01886792452831
1573.0 95.01754385964912
1578.0 95.01666666666667
1685.0 95.015625
