0.05851063829787234 0.006824075337791613 
0.0797872340425532 0.006283836040216436 
0.0851063829787234 0.00428729950569939 
0.10638297872340426 0.002610208816705235 
0.18085106382978725 0.0014501160092807838 
0.3351063829787234 6.935337435690578E-4 
0.14893617021276595 0.002109259649862958 
0.30851063829787234 7.733952049496339E-4 
0.6595744680851063 2.7886846332327286E-4 
0.13297872340425532 0.0024324526607290473 
0.648936170212766 4.7350726833660046E-4 
0.4308510638297872 5.437935034802939E-4 
0.2393617021276596 9.442615874385475E-4 
0.3882978723404255 6.170706422469921E-4 
0.22872340425531915 0.0011317978609018174 
