0.06382978723404255 0.5040603248259861 
0.3776595744680851 0.4971722737819026 
0.09042553191489362 0.5002269746797133 
0.2393617021276596 0.4977626781571097 
0.3351063829787234 0.49750736815702 
0.15425531914893617 0.49837212783474305 
0.11170212765957446 0.49873989919193545 
0.09574468085106383 0.49992749419953586 

0.06382978723404255 0.5027637505118056 
0.7127659574468085 0.49628087894090345 
0.3191489361702128 0.49688393676145254 
0.6170212765957447 0.49663320891758306 
0.07446808510638298 0.5002269746797133 
0.11702127659574468 0.4985498839907192 
0.22872340425531915 0.49738979118329474 
0.19148936170212766 0.497901596833629 
0.1595744680851064 0.49804893482387697 
0.2712765957446808 0.4972782437979653 
0.6648936170212766 0.4964131824423506 

0.06382978723404255 0.5027637505118056 
0.46808510638297873 0.49655674581626097 
0.09042553191489362 0.5005536806580889 
0.15425531914893617 0.4985498839907192 
0.2393617021276596 0.49738979118329474 
0.35106382978723405 0.4972782437979653 
0.42021276595744683 0.49663320891758306 
0.20212765957446807 0.49820548143851506 
0.19148936170212766 0.49837212783474305 

0.07446808510638298 0.5027637505118056 
0.5957446808510638 0.49655674581626097 
0.2872340425531915 0.4972782437979653 
0.10106382978723404 0.5002269746797133 
0.5 0.4971722737819026 
0.18085106382978725 0.4985498839907192 
0.09574468085106383 0.5022235112142304 
0.5159574468085106 0.49688393676145254 
0.2765957446808511 0.49804893482387697 
0.2393617021276596 0.49837212783474305 

0.05851063829787234 0.006824075337791613 
0.5478723404255319 5.437935034802939E-4 
0.0797872340425532 0.006283836040216436 
0.0851063829787234 0.00428729950569939 
0.10638297872340426 0.002610208816705235 
0.18085106382978725 0.0014501160092807838 
0.3351063829787234 6.935337435690578E-4 
0.4627659574468085 6.170706422469921E-4 
0.26595744680851063 0.0012325986078886076 
0.14893617021276595 0.002109259649862958 
0.13829787234042554 0.0024324526607290473 
0.30851063829787234 7.733952049496339E-4 
0.2872340425531915 0.0010357971494861483 

0.06382978723404255 0.5033715197215777 
0.6595744680851063 2.7886846332327286E-4 
0.13297872340425532 0.0024324526607290473 
0.09042553191489362 0.5002269746797133 
0.648936170212766 4.7350726833660046E-4 
0.4308510638297872 5.437935034802939E-4 
0.2393617021276596 9.442615874385475E-4 
0.31382978723404253 7.733952049496339E-4 
0.3882978723404255 6.170706422469921E-4 
0.22872340425531915 0.0011317978609018174 
0.18617021276595744 0.0019619216596150225 
0.1702127659574468 0.002109259649862958 

0.10106382978723404 0.5033715197215777 
0.8085106382978723 0.49655674581626097 
0.1276595744680851 0.5013051044083527 
0.2925531914893617 0.4976314771848416 
0.6542553191489362 0.49663320891758306 
0.17553191489361702 0.49992749419953586 
0.2712765957446808 0.49820548143851506 
0.43617021276595747 0.49750736815702 
0.2127659574468085 0.49894348690752416 
0.5212765957446809 0.49738979118329474 
0.5691489361702128 0.49697547232350014 
0.24468085106382978 0.49873989919193545 

0.06382978723404255 0.5033715197215777 
0.574468085106383 0.49655674581626097 
0.09042553191489362 0.5002269746797133 
0.2127659574468085 0.4972782437979653 
0.3776595744680851 0.4971722737819026 
0.42021276595744683 0.49663320891758306 
0.15425531914893617 0.49820548143851506 
0.09574468085106383 0.49992749419953586 
0.11170212765957446 0.49873989919193545 
0.11702127659574468 0.49837212783474305 

0.06382978723404255 0.5033715197215777 
0.75 0.49634570765661246 
0.09042553191489362 0.5005536806580889 
0.34574468085106386 0.49663320891758306 
0.6063829787234043 0.49648346867749427 
0.11170212765957446 0.49894348690752416 
0.15425531914893617 0.49837212783474305 
0.2553191489361702 0.4970714730349158 
0.7021276595744681 0.4964131824423506 
0.20212765957446807 0.49750736815702 
0.3404255319148936 0.4967130703789636 
0.11702127659574468 0.4985498839907192 
0.25 0.4972782437979653 
0.2127659574468085 0.49738979118329474 

0.06382978723404255 0.5057558450829912 
0.44148936170212766 5.437935034802939E-4 
0.1595744680851064 0.5013051044083527 
0.17553191489361702 0.00428729950569939 
0.26063829787234044 0.0013385686239513572 
0.3351063829787234 0.0012325986078886076 
0.19148936170212766 0.002109259649862958 
0.35638297872340424 8.568867327568268E-4 
0.39893617021276595 7.733952049496339E-4 
0.09042553191489362 0.5022235112142304 
0.1276595744680851 0.5017401392111368 

