694.0 4.125 
798.0 4.055555555555555 
722.0 4.083333333333333 
696.0 4.111111111111111 
762.0 4.071428571428571 
741.0 4.076923076923077 
768.0 4.0625 
780.0 4.0588235294117645 

796.0 4.055555555555555 
675.0 4.111111111111111 
724.0 4.076923076923077 
762.0 4.071428571428571 
698.0 4.090909090909091 
700.0 4.083333333333333 
774.0 4.0588235294117645 
768.0 4.066666666666666 

683.0 4.111111111111111 
912.0 4.043478260869565 
730.0 4.1 
824.0 4.076923076923077 
852.0 4.071428571428571 
866.0 4.055555555555555 
888.0 4.0476190476190474 
860.0 4.0588235294117645 

647.0 4.111111111111111 
733.0 4.076923076923077 
701.0 4.1 
711.0 4.090909090909091 

679.0 4.111111111111111 
793.0 4.055555555555555 
729.0 4.076923076923077 
696.0 4.083333333333333 
752.0 4.0588235294117645 
691.0 4.090909090909091 
747.0 4.0625 

686.0 4.111111111111111 
785.0 4.055555555555555 
770.0 4.0588235294117645 
720.0 4.076923076923077 
711.0 4.090909090909091 
712.0 4.083333333333333 

679.0 4.125 
836.0 4.052631578947368 
776.0 4.055555555555555 
726.0 4.0625 
770.0 4.0588235294117645 
691.0 4.1 
708.0 4.066666666666666 
693.0 4.083333333333333 
681.0 4.111111111111111 
697.0 4.076923076923077 

671.0 4.125 
791.0 4.055555555555555 
747.0 4.0588235294117645 
696.0 4.083333333333333 
729.0 4.076923076923077 
676.0 4.111111111111111 
684.0 4.1 
735.0 4.071428571428571 
741.0 4.0625 
691.0 4.090909090909091 

692.0 4.125 
785.0 4.055555555555555 
770.0 4.0625 
712.0 4.083333333333333 
735.0 4.076923076923077 
696.0 4.111111111111111 
776.0 4.0588235294117645 

684.0 4.111111111111111 
1057.0 4.043478260869565 
713.0 4.1 
899.0 4.066666666666666 
966.0 4.045454545454546 
951.0 4.0476190476190474 
936.0 4.055555555555555 
905.0 4.0625 
927.0 4.0588235294117645 

