0.17553191489361702 0.3522292993630573 
0.3599290780141844 0.329936305732484 
0.225177304964539 0.33885350318471325 
0.17907801418439717 0.34777070063694254 
0.29609929078014185 0.3350318471337579 
0.25886524822695034 0.33679568838804497 
0.3067375886524823 0.3321656050955414 
0.3280141843971631 0.3309853877856874 

0.35638297872340424 0.329936305732484 
0.14184397163120568 0.34777070063694254 
0.22872340425531915 0.33679568838804497 
0.29609929078014185 0.3350318471337579 
0.18262411347517732 0.3412854661262304 
0.18617021276595744 0.33885350318471325 
0.3173758865248227 0.3309853877856874 
0.3067375886524823 0.3335031847133757 

0.15602836879432624 0.34777070063694254 
0.5620567375886525 0.3260592633619496 
0.2393617021276596 0.34420382165605085 
0.40602836879432624 0.33679568838804497 
0.45567375886524825 0.3350318471337579 
0.4804964539007092 0.329936305732484 
0.5195035460992907 0.32738853503184706 
0.4698581560283688 0.3309853877856874 

0.09219858156028368 0.34777070063694254 
0.24468085106382978 0.33679568838804497 
0.1879432624113475 0.34420382165605085 
0.20567375886524822 0.3412854661262304 

0.14893617021276595 0.34777070063694254 
0.35106382978723405 0.329936305732484 
0.2375886524822695 0.33679568838804497 
0.17907801418439717 0.33885350318471325 
0.2783687943262411 0.3309853877856874 
0.1702127659574468 0.3412854661262304 
0.2695035460992908 0.3321656050955414 

0.16134751773049646 0.34777070063694254 
0.33687943262411346 0.329936305732484 
0.3102836879432624 0.3309853877856874 
0.22163120567375885 0.33679568838804497 
0.20567375886524822 0.3412854661262304 
0.2074468085106383 0.33885350318471325 

0.14893617021276595 0.3522292993630573 
0.42730496453900707 0.3289976533690914 
0.32092198581560283 0.329936305732484 
0.2322695035460993 0.3321656050955414 
0.3102836879432624 0.3309853877856874 
0.1702127659574468 0.34420382165605085 
0.20035460992907803 0.3335031847133757 
0.17375886524822695 0.33885350318471325 
0.1524822695035461 0.34777070063694254 
0.18085106382978725 0.33679568838804497 

0.1347517730496454 0.3522292993630573 
0.3475177304964539 0.329936305732484 
0.2695035460992908 0.3309853877856874 
0.17907801418439717 0.33885350318471325 
0.2375886524822695 0.33679568838804497 
0.14361702127659576 0.34777070063694254 
0.15780141843971632 0.34420382165605085 
0.24822695035460993 0.3350318471337579 
0.25886524822695034 0.3321656050955414 
0.1702127659574468 0.3412854661262304 

0.17198581560283688 0.3522292993630573 
0.33687943262411346 0.329936305732484 
0.3102836879432624 0.3321656050955414 
0.2074468085106383 0.33885350318471325 
0.24822695035460993 0.33679568838804497 
0.17907801418439717 0.34777070063694254 
0.32092198581560283 0.3309853877856874 

0.15780141843971632 0.34777070063694254 
0.8191489361702128 0.3260592633619496 
0.20921985815602837 0.34420382165605085 
0.5390070921985816 0.3335031847133757 
0.6578014184397163 0.3266936884771281 
0.6312056737588653 0.32738853503184706 
0.6046099290780141 0.329936305732484 
0.549645390070922 0.3321656050955414 
0.5886524822695035 0.3309853877856874 

