0.2255083179297597 0.3369634849455477 
0.2513863216266174 0.33289369559482984 
0.1922365988909427 0.33873749568816824 
0.18114602587800369 0.3432531593966571 
0.18484288354898337 0.3408071748878923 
0.16635859519408502 0.3461883408071748 
0.12754158964879853 1.0 
0.13123844731977818 0.9955156950672645 
0.49907578558225507 0.3268161434977579 
0.4584103512014787 0.3292761050608584 
0.47504621072088726 0.32793916942873863 
0.4824399260628466 0.3273542600896862 
0.27726432532347506 0.3308945008260561 
0.5914972273567468 0.3258594917787744 
0.22735674676524953 0.33408071748878926 
0.3826247689463956 0.3300448430493273 
0.5674676524953789 0.32631942048982404 
