689.0 4.111111111111111 
867.0 4.055555555555555 
716.0 4.071428571428571 
794.0 4.0625 
771.0 4.066666666666666 
693.0 4.090909090909091 
695.0 4.083333333333333 
707.0 4.076923076923077 

687.0 4.125 
730.0 4.0588235294117645 
717.0 4.071428571428571 
698.0 4.076923076923077 
689.0 4.111111111111111 
692.0 4.090909090909091 
726.0 4.0625 
694.0 4.083333333333333 

710.0 4.090909090909091 
687.0 4.111111111111111 
695.0 4.1 

716.0 4.1 
697.0 4.125 
701.0 4.111111111111111 

684.0 4.1 
769.0 4.071428571428571 
745.0 4.076923076923077 

663.0 6.125 
853.0 4.052631578947368 
691.0 4.111111111111111 
665.0 6.111111111111111 
768.0 4.0625 
812.0 4.0588235294117645 
737.0 4.071428571428571 
726.0 4.1 
846.0 4.055555555555555 
731.0 4.083333333333333 
728.0 4.090909090909091 

694.0 6.125 
710.0 4.1 
696.0 6.111111111111111 
697.0 4.125 
699.0 4.111111111111111 

687.0 4.142857142857143 
959.0 4.038461538461538 
711.0 4.090909090909091 
701.0 4.125 
864.0 4.04 
728.0 4.076923076923077 
771.0 4.066666666666666 
777.0 4.0588235294117645 
801.0 4.055555555555555 
826.0 4.052631578947368 
842.0 4.0476190476190474 
828.0 4.05 
851.0 4.043478260869565 
855.0 4.041666666666667 

687.0 4.1 
744.0 4.052631578947368 
701.0 4.083333333333333 
711.0 4.076923076923077 
730.0 4.071428571428571 
736.0 4.066666666666666 
741.0 4.0588235294117645 

701.0 4.083333333333333 
914.0 4.037037037037037 
717.0 4.0625 
789.0 4.0588235294117645 
858.0 4.0476190476190474 
801.0 4.05 
868.0 4.043478260869565 
884.0 4.041666666666667 
901.0 4.038461538461538 
790.0 4.055555555555555 
796.0 4.052631578947368 

