0.1756007393715342 0.34977578475336313 
0.5046210720887245 0.3318385650224215 
0.2255083179297597 0.3369634849455477 
0.36968576709796674 0.33408071748878926 
0.32717190388170053 0.3354260089686098 
0.18299445471349354 0.3432531593966571 
0.1866913123844732 0.3408071748878923 
0.2088724584103512 0.33873749568816824 

0.17190388170055454 0.3542600896860987 
0.2513863216266174 0.33289369559482984 
0.22735674676524953 0.3369634849455477 
0.1922365988909427 0.33873749568816824 
0.1756007393715342 0.34977578475336313 
0.18114602587800369 0.3432531593966571 
0.24399260628465805 0.33408071748878926 
0.18484288354898337 0.3408071748878923 

0.2144177449168207 0.3432531593966571 
0.17190388170055454 0.34977578475336313 
0.1866913123844732 0.3461883408071748 

0.2255083179297597 0.3461883408071748 
0.19038817005545286 0.3542600896860987 
0.1977818853974122 0.34977578475336313 

0.16635859519408502 0.3461883408071748 
0.3234750462107209 0.3369634849455477 
0.27911275415896486 0.33873749568816824 

0.12754158964879853 1.0 
0.4787430683918669 0.3308945008260561 
0.17929759704251386 0.34977578475336313 
0.13123844731977818 0.9955156950672645 
0.32162661737523107 0.33408071748878926 
0.4029574861367837 0.33289369559482984 
0.2643253234750462 0.3369634849455477 
0.24399260628465805 0.3461883408071748 
0.4658040665434381 0.3318385650224215 
0.2532347504621072 0.3408071748878923 
0.2476894639556377 0.3432531593966571 

0.18484288354898337 1.0 
0.2144177449168207 0.3461883408071748 
0.18853974121996303 0.9955156950672645 
0.19038817005545286 0.3542600896860987 
0.19408502772643252 0.34977578475336313 

0.17190388170055454 0.3600256245996158 
0.6746765249537893 0.32631942048982404 
0.21626617375231053 0.3432531593966571 
0.1977818853974122 0.3542600896860987 
0.49907578558225507 0.3268161434977579 
0.2476894639556377 0.33873749568816824 
0.32717190388170053 0.3354260089686098 
0.33826247689463956 0.33289369559482984 
0.3826247689463956 0.3318385650224215 
0.4288354898336414 0.3308945008260561 
0.4584103512014787 0.3292761050608584 
0.43253234750462105 0.3300448430493273 
0.47504621072088726 0.32793916942873863 
0.4824399260628466 0.3273542600896862 

0.17190388170055454 0.3461883408071748 
0.27726432532347506 0.3308945008260561 
0.1977818853974122 0.3408071748878923 
0.21626617375231053 0.33873749568816824 
0.2513863216266174 0.3369634849455477 
0.26247689463955637 0.3354260089686098 
0.27171903881700554 0.33289369559482984 

0.1977818853974122 0.3408071748878923 
0.5914972273567468 0.3258594917787744 
0.22735674676524953 0.33408071748878926 
0.36044362292051757 0.33289369559482984 
0.4879852125693161 0.3292761050608584 
0.3826247689463956 0.3300448430493273 
0.5064695009242144 0.32793916942873863 
0.5360443622920518 0.3273542600896862 
0.5674676524953789 0.32631942048982404 
0.36229205175600737 0.3318385650224215 
0.3733826247689464 0.3308945008260561 

