0.11834319526627218 1.0 
0.46153846153846156 0.14168238937738056 
0.13609467455621302 0.1454024420632943 
0.33727810650887574 0.14224603372373124 
0.24260355029585798 0.14319839830894424 
0.20710059171597633 0.14398205831049068 
0.17159763313609466 0.14475681308474714 

0.07100591715976332 0.5732930475953152 
0.10059171597633136 0.5708719389257639 
0.3668639053254438 0.5696763297062324 
0.3254437869822485 0.5703339147769747 

0.07100591715976332 0.5732930475953152 
0.6390532544378699 0.5681535011213557 
0.08284023668639054 0.5708719389257639 
0.378698224852071 0.5682545241478706 
0.14792899408284024 0.5705912306742217 
0.2485207100591716 0.569488448257449 
0.26627218934911245 0.5689975322138534 
0.3431952662721893 0.5687198423306075 

0.0650887573964497 0.14619154414818494 
0.25443786982248523 0.1420383752803389 
0.07692307692307693 0.14447610483320494 
0.1242603550295858 0.14303513580862187 
0.15976331360946747 0.1426047164895907 
0.20710059171597633 0.14213939830685388 
0.1952662721893491 0.14224603372373124 

0.07100591715976332 0.5732930475953152 
0.2781065088757396 0.5689975322138534 
0.17159763313609466 0.569313524149961 
0.10059171597633136 0.5708719389257639 
0.09467455621301775 0.5727708476861962 
0.14792899408284024 0.5705912306742217 

0.07100591715976332 0.5738848741589833 
0.3431952662721893 0.0 
0.10059171597633136 0.5711793812965006 
0.1242603550295858 0.14577622726140033 
0.21301775147928995 2.0765844339231426E-4 
0.15976331360946747 0.001522828584876719 
0.3076923076923077 1.0102302651496851E-4 
0.13609467455621302 0.14506425545548385 

0.07100591715976332 0.7143450452695407 
0.40828402366863903 0.569488448257449 
0.14201183431952663 0.5711793812965006 
0.13609467455621302 0.7123722900573136 
0.2958579881656805 0.5708719389257639 
0.10059171597633136 0.7129103142061028 

0.07100591715976332 0.5732930475953152 
0.25443786982248523 0.5691502616496387 
0.10059171597633136 0.5708719389257639 
0.1893491124260355 0.5696763297062324 

0.07100591715976332 0.5732930475953152 
0.6982248520710059 0.5689975322138534 
0.2958579881656805 0.5708719389257639 
0.33136094674556216 0.569488448257449 
0.5798816568047337 0.5691502616496387 
0.10059171597633136 0.5715175679043111 
0.10650887573964497 0.5711793812965006 

0.005917159763313609 0.14665572184517953 
0.25443786982248523 0.1420383752803389 
0.13609467455621302 0.14213939830685388 
0.029585798816568046 0.14475681308474714 
0.07692307692307693 0.14319839830894424 
0.023668639053254437 0.14619154414818494 
0.08875739644970414 0.1428824063728367 

