131.0 17.066666666666666 
189.0 11.023809523809524 
134.0 11.05 
168.0 11.027777777777779 
152.0 11.03448275862069 
146.0 11.04 
140.0 11.045454545454545 

123.0 14.0625 
128.0 14.045454545454545 
173.0 14.037037037037036 
166.0 14.041666666666666 

123.0 14.0625 
219.0 14.026315789473685 
125.0 14.045454545454545 
175.0 14.027027027027026 
136.0 14.043478260869565 
153.0 14.035714285714286 
156.0 14.03225806451613 
169.0 14.030303030303031 

122.0 11.055555555555555 
154.0 11.026315789473685 
124.0 11.043478260869565 
132.0 11.033333333333333 
138.0 11.030303030303031 
146.0 11.027027027027026 
144.0 11.027777777777779 

123.0 14.0625 
158.0 14.03225806451613 
140.0 14.03448275862069 
128.0 14.045454545454545 
127.0 14.058823529411764 
136.0 14.043478260869565 

123.0 14.066666666666666 
169.0 10.026315789473685 
128.0 14.047619047619047 
132.0 11.052631578947368 
147.0 10.027777777777779 
138.0 10.037037037037036 
163.0 10.027027027027026 
134.0 11.047619047619047 

123.0 15.055555555555555 
180.0 14.035714285714286 
135.0 14.047619047619047 
134.0 15.041666666666666 
161.0 14.045454545454545 
128.0 15.045454545454545 

123.0 14.0625 
154.0 14.033333333333333 
128.0 14.045454545454545 
143.0 14.037037037037036 

123.0 14.0625 
229.0 14.03225806451613 
161.0 14.045454545454545 
167.0 14.035714285714286 
209.0 14.033333333333333 
128.0 14.05 
129.0 14.047619047619047 

112.0 11.058823529411764 
154.0 11.026315789473685 
134.0 11.027027027027026 
116.0 11.045454545454545 
124.0 11.03448275862069 
115.0 11.055555555555555 
126.0 11.03225806451613 

