1121.0 4.029411764705882 
613.0 4.125 
678.0 4.076923076923077 
646.0 4.1 
902.0 4.0344827586206895 
974.0 4.032258064516129 
635.0 4.111111111111111 
827.0 4.035714285714286 
1048.0 4.03125 
701.0 4.071428571428571 
720.0 4.0625 
1081.0 4.03030303030303 
726.0 4.055555555555555 
764.0 4.04 
792.0 4.038461538461538 
710.0 4.066666666666666 
803.0 4.037037037037037 
740.0 4.0476190476190474 
734.0 4.052631578947368 
751.0 4.045454545454546 
738.0 4.05 
755.0 4.043478260869565 
760.0 4.041666666666667 
