669.0 4.111111111111111 
1002.0 4.027027027027027 
671.0 4.090909090909091 
685.0 4.066666666666666 
885.0 4.032258064516129 
802.0 4.033333333333333 
935.0 4.027777777777778 
753.0 4.0344827586206895 
918.0 4.03030303030303 
708.0 4.045454545454546 
704.0 4.05 
718.0 4.043478260869565 
687.0 4.0625 
694.0 4.0588235294117645 
696.0 4.052631578947368 
740.0 4.035714285714286 
728.0 4.04 
695.0 4.055555555555555 
922.0 4.029411764705882 
931.0 4.0285714285714285 
732.0 4.038461538461538 
738.0 4.037037037037037 
