0.06839186691312385 0.020383204239706486 
0.5526802218114603 0.0014465499783017728 
0.08317929759704251 0.015867540531217746 
0.512014787430684 0.0021648368640791536 
0.39186691312384475 0.0025624599615630913 
0.3512014787430684 0.003946188340807218 
0.22735674676524953 0.006406149903907728 
0.27911275415896486 0.005069214271787967 
0.12754158964879853 0.014093529788597146 
0.1645101663585952 0.012556053811659291 
0.19038817005545286 0.00896860986547082 
0.18484288354898337 0.011210762331838597 
0.2513863216266174 0.0057072971871178334 
0.3844731977818854 0.002989536621823702 
0.18853974121996303 0.010023740437879151 
0.009242144177449169 0.9955156950672645 
0.014787430683918669 0.9919282511210761 
0.025878003696857672 0.34977578475336313 
0.029574861367837338 0.3432531593966571 
