631.0 3.090909090909091 
893.0 3.032258064516129 
639.0 3.076923076923077 
871.0 3.0344827586206895 
806.0 3.0357142857142856 
784.0 3.04 
717.0 3.0476190476190474 
745.0 3.0434782608695654 
663.0 3.0714285714285716 
683.0 3.066666666666667 
697.0 3.0555555555555554 
694.0 3.0625 
730.0 3.0454545454545454 
802.0 3.037037037037037 
696.0 3.0588235294117645 

801.0 4.0344827586206895 
599.0 6.111111111111111 
624.0 6.090909090909091 
644.0 4.076923076923077 
710.0 4.04 
773.0 4.038461538461538 
602.0 6.1 
663.0 4.055555555555555 
667.0 4.05 
681.0 4.0476190476190474 
784.0 4.037037037037037 
797.0 4.035714285714286 
685.0 4.045454545454546 
697.0 4.043478260869565 
706.0 4.041666666666667 

669.0 4.111111111111111 
1002.0 4.027027027027027 
671.0 4.090909090909091 
685.0 4.066666666666666 
885.0 4.032258064516129 
802.0 4.033333333333333 
935.0 4.027777777777778 
753.0 4.0344827586206895 
918.0 4.03030303030303 
708.0 4.045454545454546 
704.0 4.05 
718.0 4.043478260869565 
687.0 4.0625 
694.0 4.0588235294117645 
696.0 4.052631578947368 
740.0 4.035714285714286 
728.0 4.04 
695.0 4.055555555555555 
922.0 4.029411764705882 
931.0 4.0285714285714285 
732.0 4.038461538461538 
738.0 4.037037037037037 

957.0 4.03030303030303 
636.0 4.083333333333333 
821.0 4.032258064516129 
953.0 4.03125 
694.0 4.037037037037037 
800.0 4.035714285714286 
638.0 4.071428571428571 
654.0 4.0625 
656.0 4.055555555555555 
666.0 4.05 
679.0 4.041666666666667 
677.0 4.045454545454546 
692.0 4.038461538461538 
811.0 4.0344827586206895 
813.0 4.033333333333333 

653.0 4.1 
1038.0 4.03125 
723.0 4.066666666666666 
932.0 4.032258064516129 
656.0 4.090909090909091 
707.0 4.083333333333333 
782.0 4.052631578947368 
856.0 4.0344827586206895 
927.0 4.033333333333333 
709.0 4.076923076923077 
805.0 4.043478260869565 
821.0 4.038461538461538 
839.0 4.037037037037037 
794.0 4.045454545454546 
818.0 4.04 
843.0 4.035714285714286 
786.0 4.05 
790.0 4.0476190476190474 

608.0 4.111111111111111 
610.0 4.090909090909091 

1121.0 4.029411764705882 
613.0 4.125 
678.0 4.076923076923077 
646.0 4.1 
902.0 4.0344827586206895 
974.0 4.032258064516129 
635.0 4.111111111111111 
827.0 4.035714285714286 
1048.0 4.03125 
701.0 4.071428571428571 
720.0 4.0625 
1081.0 4.03030303030303 
726.0 4.055555555555555 
764.0 4.04 
792.0 4.038461538461538 
710.0 4.066666666666666 
803.0 4.037037037037037 
740.0 4.0476190476190474 
734.0 4.052631578947368 
751.0 4.045454545454546 
738.0 4.05 
755.0 4.043478260869565 
760.0 4.041666666666667 

658.0 4.083333333333333 
1015.0 4.0285714285714285 
660.0 4.071428571428571 
729.0 4.045454545454546 
864.0 4.03125 
930.0 4.03030303030303 
792.0 4.037037037037037 
738.0 4.04 
681.0 4.0476190476190474 
962.0 4.029411764705882 
814.0 4.033333333333333 
677.0 4.0625 
678.0 4.055555555555555 
853.0 4.032258064516129 
676.0 4.066666666666666 
733.0 4.041666666666667 
801.0 4.0344827586206895 
679.0 4.052631578947368 
680.0 4.05 

1068.0 4.03030303030303 
613.0 4.1 
809.0 4.0344827586206895 
997.0 4.032258064516129 
673.0 4.083333333333333 
677.0 4.066666666666666 
620.0 4.090909090909091 
688.0 4.055555555555555 
1065.0 4.03125 
710.0 4.043478260869565 
770.0 4.04 
697.0 4.0476190476190474 
792.0 4.035714285714286 
701.0 4.045454545454546 
782.0 4.038461538461538 
786.0 4.037037037037037 

660.0 4.111111111111111 
1035.0 4.026315789473684 
666.0 4.0625 
776.0 4.0344827586206895 
840.0 4.033333333333333 
871.0 4.032258064516129 
925.0 4.03125 
714.0 4.037037037037037 
765.0 4.035714285714286 
996.0 4.027027027027027 
673.0 4.052631578947368 
669.0 4.0588235294117645 
946.0 4.03030303030303 
965.0 4.0285714285714285 
978.0 4.027777777777778 
681.0 4.05 
697.0 4.041666666666667 
685.0 4.0476190476190474 
706.0 4.04 
691.0 4.045454545454546 
693.0 4.043478260869565 
710.0 4.038461538461538 

