859.0 99.01923076923077 
839.0 113.02380952380952 
853.0 99.01960784313725 
849.0 99.02 
841.0 111.02272727272727 
843.0 107.02222222222223 
847.0 101.02083333333333 
809.0 584.0714285714286 
826.0 523.0588235294117 
838.0 186.02564102564102 
811.0 582.0625 
814.0 541.0625 
832.0 194.02941176470588 
836.0 192.02777777777777 
824.0 525.0666666666667 
816.0 539.0555555555555 
829.0 224.03225806451613 
830.0 198.03030303030303 
810.0 584.0666666666667 
825.0 525.0625 
844.0 102.02222222222223 
823.0 535.05 
820.0 535.0526315789474 
840.0 113.02325581395348 
842.0 110.02380952380952 
