831.0 200.03225806451613 
859.0 99.01923076923077 
839.0 113.02380952380952 
853.0 99.01960784313725 
849.0 99.02 
841.0 111.02272727272727 
843.0 107.02222222222223 
845.0 105.02127659574468 
847.0 101.02083333333333 

858.0 101.01960784313725 
825.0 684.0625 
834.0 200.03125 
831.0 542.0588235294117 
829.0 680.0555555555555 
838.0 194.02941176470588 
841.0 113.02380952380952 
849.0 101.02083333333333 
855.0 101.02 
845.0 107.02222222222223 
844.0 113.02325581395348 
827.0 682.0588235294117 

857.0 99.01960784313725 
812.0 584.0714285714286 
833.0 200.03225806451613 
832.0 521.0555555555555 
837.0 194.02941176470588 
839.0 113.02380952380952 
817.0 541.0625 
842.0 111.02272727272727 
852.0 99.02 
822.0 535.0526315789474 
830.0 531.0526315789474 
826.0 535.05 
848.0 101.02083333333333 
851.0 101.02 
844.0 107.02222222222223 
846.0 107.02127659574468 
847.0 105.02127659574468 

814.0 608.0714285714286 
856.0 99.01960784313725 
831.0 542.0588235294117 
832.0 224.03225806451613 
818.0 565.0625 
840.0 192.02777777777777 
841.0 113.02380952380952 
827.0 559.05 
823.0 559.0526315789474 
847.0 111.02222222222223 
843.0 111.02272727272727 
828.0 546.0666666666667 
834.0 200.03125 
850.0 105.02127659574468 
852.0 101.02083333333333 
836.0 198.02941176470588 
848.0 107.02222222222223 
838.0 194.02941176470588 
854.0 99.02 

860.0 99.01923076923077 
809.0 584.0714285714286 
826.0 523.0588235294117 
830.0 200.03225806451613 
838.0 186.02564102564102 
840.0 113.02380952380952 
811.0 582.0625 
814.0 541.0625 
854.0 99.01960784313725 
820.0 539.0526315789474 
849.0 99.02 
832.0 194.02941176470588 
836.0 192.02777777777777 
824.0 525.0666666666667 
816.0 539.0555555555555 
843.0 107.02222222222223 
845.0 105.02127659574468 
847.0 101.02083333333333 
841.0 111.02272727272727 

816.0 584.0714285714286 
859.0 99.01960784313725 
823.0 539.0555555555555 
833.0 198.03030303030303 
841.0 192.02702702702703 
842.0 113.02380952380952 
818.0 582.0625 
821.0 541.0625 
848.0 105.02127659574468 
853.0 103.02083333333333 
837.0 192.02777777777777 
835.0 194.02941176470588 
844.0 111.02272727272727 
846.0 107.02222222222223 
855.0 101.02 
857.0 99.02 

813.0 608.0714285714286 
857.0 99.01960784313725 
821.0 541.0625 
829.0 224.03225806451613 
836.0 192.02777777777777 
840.0 113.02380952380952 
830.0 198.03030303030303 
846.0 105.02127659574468 
852.0 103.02083333333333 
815.0 584.0714285714286 
818.0 565.0588235294117 
834.0 194.02941176470588 
854.0 101.02 
842.0 111.02272727272727 
844.0 107.02222222222223 

858.0 99.01960784313725 
810.0 584.0666666666667 
825.0 525.0625 
830.0 200.03125 
838.0 194.02857142857144 
839.0 114.02439024390245 
814.0 578.0588235294117 
815.0 541.0625 
844.0 102.02222222222223 
819.0 541.0588235294117 
834.0 194.02941176470588 
852.0 101.02083333333333 
854.0 99.02 
848.0 102.02173913043478 
823.0 535.05 
820.0 535.0526315789474 
832.0 198.03030303030303 
842.0 111.02272727272727 
840.0 113.02325581395348 
841.0 112.02325581395348 

858.0 101.01960784313725 
817.0 608.0714285714286 
830.0 542.0625 
834.0 200.03225806451613 
838.0 194.02941176470588 
842.0 110.02380952380952 
821.0 602.0555555555555 
822.0 565.0625 
826.0 559.05 
850.0 103.02083333333333 
854.0 101.02 
846.0 109.02222222222223 
848.0 107.02222222222223 

864.0 99.01923076923077 
824.0 578.0588235294117 
838.0 200.03225806451613 
836.0 525.0666666666667 
848.0 113.02325581395348 
845.0 194.02857142857144 
826.0 541.0625 
834.0 535.05 
830.0 535.0526315789474 
842.0 198.03030303030303 
852.0 111.02272727272727 
860.0 99.02 
856.0 105.02127659574468 
844.0 194.02941176470588 
854.0 107.02222222222223 
858.0 101.02083333333333 
855.0 107.02173913043478 
859.0 101.0204081632653 

