0.27350427350427353 0.16719968772277538 
0.5128205128205128 0.007886353837291945 
0.3418803418803419 0.02997376365752892 
0.46153846153846156 0.007886948541784728 
0.42735042735042733 0.007887567034457236 
0.358974358974359 0.026817744148608994 
0.37606837606837606 0.020508322345433126 
0.39316239316239315 0.017352518314871283 
0.41025641025641024 0.011043193961177564 

0.5042735042735043 0.01104126117157598 
0.2222222222222222 0.930591040391781 
0.29914529914529914 0.16719809784745795 
0.27350427350427353 0.7066290453077974 
0.2564102564102564 0.9242714626577895 
0.3333333333333333 0.15773226077368183 
0.358974358974359 0.02997376365752892 
0.42735042735042733 0.011043193961177564 
0.47863247863247865 0.011041879664248485 
0.39316239316239315 0.020508322345433126 
0.38461538461538464 0.029972890370532853 
0.23931623931623933 0.9274309293931848 

0.49572649572649574 0.007886948541784728 
0.1111111111111111 0.77288949065503 
0.2905982905982906 0.16719968772277538 
0.28205128205128205 0.6735036085893851 
0.3247863247863248 0.15773226077368183 
0.3418803418803419 0.02997376365752892 
0.15384615384615385 0.7050576873617066 
0.36752136752136755 0.026817744148608994 
0.452991452991453 0.007887567034457236 
0.19658119658119658 0.6955791854297516 
0.26495726495726496 0.6892705601701692 
0.23076923076923078 0.6955750350183966 
0.4188034188034188 0.011043193961177564 
0.4444444444444444 0.011041879664248485 
0.38461538461538464 0.020508322345433126 
0.4017094017094017 0.020506830944662536 
0.41025641025641024 0.017352518314871283 

0.1282051282051282 0.810741242212525 
0.48717948717948717 0.007886948541784728 
0.27350427350427353 0.7066290453077974 
0.28205128205128205 0.2050514392802704 
0.1623931623931624 0.7429094389192016 
0.3504273504273504 0.15457537109108843 
0.358974358974359 0.02997376365752892 
0.23931623931623933 0.7334267865758916 
0.20512820512820512 0.7334309369872467 
0.41025641025641024 0.02681694760501563 
0.37606837606837606 0.026817744148608994 
0.24786324786324787 0.7129500404208302 
0.29914529914529914 0.16719809784745795 
0.4358974358974359 0.017352518314871283 
0.452991452991453 0.011043193961177564 
0.3162393162393162 0.1640408860332643 
0.4188034188034188 0.020508322345433126 
0.3333333333333333 0.15773226077368183 
0.4700854700854701 0.007887567034457236 

0.5213675213675214 0.007886353837291945 
0.08547008547008547 0.77288949065503 
0.23076923076923078 0.6766630753247804 
0.26495726495726496 0.16719968772277538 
0.3333333333333333 0.14510906320958886 
0.3504273504273504 0.02997376365752892 
0.10256410256410256 0.7697210962724272 
0.1282051282051282 0.7050576873617066 
0.4700854700854701 0.007886948541784728 
0.1794871794871795 0.7018878106893341 
0.42735042735042733 0.007887567034457236 
0.28205128205128205 0.15773226077368183 
0.3162393162393162 0.15457537109108843 
0.21367521367521367 0.679829757808022 
0.1452991452991453 0.7018924222575063 
0.37606837606837606 0.020508322345433126 
0.39316239316239315 0.017352518314871283 
0.41025641025641024 0.011043193961177564 
0.358974358974359 0.026817744148608994 

0.1452991452991453 0.77288949065503 
0.5128205128205128 0.007886948541784728 
0.20512820512820512 0.7018924222575063 
0.2905982905982906 0.1640422916984291 
0.358974358974359 0.154574187039801 
0.36752136752136755 0.02997376365752892 
0.1623931623931624 0.7697210962724272 
0.18803418803418803 0.7050576873617066 
0.4188034188034188 0.017352518314871283 
0.46153846153846156 0.014197506590968814 
0.3247863247863248 0.15457537109108843 
0.3076923076923077 0.15773226077368183 
0.38461538461538464 0.026817744148608994 
0.4017094017094017 0.020508322345433126 
0.47863247863247865 0.011041879664248485 
0.49572649572649574 0.007887567034457236 

0.11965811965811966 0.810741242212525 
0.49572649572649574 0.007886948541784728 
0.18803418803418803 0.7050576873617066 
0.2564102564102564 0.2050514392802704 
0.3162393162393162 0.15457537109108843 
0.3504273504273504 0.02997376365752892 
0.26495726495726496 0.1640422916984291 
0.4017094017094017 0.017352518314871283 
0.452991452991453 0.014197506590968814 
0.13675213675213677 0.77288949065503 
0.1623931623931624 0.7429036405503967 
0.29914529914529914 0.15773226077368183 
0.4700854700854701 0.011041879664248485 
0.36752136752136755 0.026817744148608994 
0.38461538461538464 0.020508322345433126 

0.5042735042735043 0.007886948541784728 
0.09401709401709402 0.772881980386864 
0.2222222222222222 0.6798231863233766 
0.26495726495726496 0.16719809784745795 
0.3333333333333333 0.15773093543224073 
0.3418803418803419 0.03155183585878629 
0.1282051282051282 0.7634066726440398 
0.13675213675213677 0.7050576873617066 
0.38461538461538464 0.012622540770955003 
0.17094017094017094 0.7050518889929017 
0.29914529914529914 0.15773226077368183 
0.452991452991453 0.011043193961177564 
0.4700854700854701 0.007887567034457236 
0.4188034188034188 0.01262177885969176 
0.20512820512820512 0.6955750350183966 
0.1794871794871795 0.6955791854297516 
0.28205128205128205 0.1640422916984291 
0.36752136752136755 0.026817744148608994 
0.3504273504273504 0.029972890370532853 
0.358974358974359 0.02839573405563723 

0.5042735042735043 0.01104126117157598 
0.15384615384615385 0.810741242212525 
0.26495726495726496 0.7066348436766022 
0.29914529914529914 0.16719968772277538 
0.3333333333333333 0.15773226077368183 
0.36752136752136755 0.025242294712842044 
0.18803418803418803 0.8012532700959307 
0.19658119658119658 0.7429094389192016 
0.23076923076923078 0.7334267865758916 
0.4358974358974359 0.014197506590968814 
0.4700854700854701 0.011041879664248485 
0.4017094017094017 0.02366263497522438 
0.4188034188034188 0.020508322345433126 

0.5555555555555556 0.007886353837291945 
0.21367521367521367 0.7634066726440398 
0.3333333333333333 0.16719968772277538 
0.3162393162393162 0.679829757808022 
0.4188034188034188 0.029972890370532853 
0.39316239316239315 0.15773093543224073 
0.23076923076923078 0.7050576873617066 
0.29914529914529914 0.6955750350183966 
0.26495726495726496 0.6955791854297516 
0.36752136752136755 0.1640422916984291 
0.452991452991453 0.026817744148608994 
0.5213675213675214 0.007887567034457236 
0.48717948717948717 0.017352518314871283 
0.38461538461538464 0.15773226077368183 
0.4700854700854701 0.020508322345433126 
0.5042735042735043 0.011043193961177564 
0.47863247863247865 0.020507560434169885 
0.5128205128205128 0.011042523401519871 

