0.9565217391304348 0.10344827586206899 

0.391304347826087 0.062068965517241545 
0.43478260869565216 0.03448275862068991 

0.17391304347826086 0.10344827586206899 
0.21739130434782608 0.062068965517241545 

0.30434782608695654 0.062068965517241545 
0.06521739130434782 0.17241379310344807 
0.10869565217391304 0.10344827586206899 

0.13043478260869565 0.10344827586206899 
0.17391304347826086 0.062068965517241545 

0.2826086956521739 0.062068965517241545 

0.8260869565217391 0.10344827586206899 

0.30434782608695654 0.062068965517241545 
0.2608695652173913 0.10344827586206899 

0.2826086956521739 0.10344827586206899 
0.32608695652173914 0.062068965517241545 

0.2608695652173913 0.062068965517241545 
0.30434782608695654 0.03448275862068991 

