0.11834319526627218 0.5723066699892017 
0.621301775147929 0.5675720574798571 
0.31952662721893493 0.5682545241478706 
0.5680473372781065 0.5678799997568875 
0.14792899408284024 0.5708719389257639 
0.22485207100591717 0.5691502616496387 
0.1834319526627219 0.5700971841515075 
0.2781065088757396 0.5687198423306075 
0.6035502958579881 0.5676437940330291 

0.07100591715976332 0.5738848741589833 
0.4319526627218935 0.5675720574798571 
0.23668639053254437 0.5681535011213557 
0.1301775147928994 0.5691502616496387 
0.10059171597633136 0.5711793812965006 
0.21301775147928995 0.5689975322138534 
0.10650887573964497 0.5705912306742217 

0.07100591715976332 0.5738848741589833 
0.33727810650887574 0.5677188671700694 
0.23668639053254437 0.5681535011213557 
0.10059171597633136 0.5711793812965006 
0.14201183431952663 0.5705912306742217 
0.17159763313609466 0.5691502616496387 
0.22485207100591717 0.5687198423306075 
0.10650887573964497 0.5708719389257639 
0.1834319526627219 0.5689975322138534 

0.11834319526627218 0.5732930475953152 
0.6153846153846154 0.5675034399072579 
0.5088757396449705 0.5681535011213557 
0.33727810650887574 0.5682545241478706 
0.14792899408284024 0.5715175679043111 
0.1834319526627219 0.5705912306742217 
0.5621301775147929 0.5675720574798571 
0.21893491124260356 0.5696763297062324 
0.24260355029585798 0.5691502616496387 
0.2958579881656805 0.5687198423306075 

0.07100591715976332 0.5738848741589833 
0.9467455621301775 0.5673747819586344 
0.10059171597633136 0.5711793812965006 
0.6331360946745562 0.5677188671700694 
0.3905325443786982 0.5678799997568875 
0.17159763313609466 0.5691502616496387 
0.16568047337278108 0.5705912306742217 
0.7928994082840237 0.567437742231365 
0.33136094674556216 0.5681535011213557 
0.10650887573964497 0.5708719389257639 
0.24260355029585798 0.5689975322138534 
0.28994082840236685 0.5685932484132451 
0.2781065088757396 0.5688543483678046 

0.07100591715976332 0.5738848741589833 
0.9526627218934911 0.5672564166459008 
0.10059171597633136 0.5711793812965006 
0.17159763313609466 0.5689975322138534 
0.31952662721893493 0.5681535011213557 
0.5857988165680473 0.5678799997568875 
0.8106508875739645 0.5677975152183973 
0.10650887573964497 0.5708719389257639 
0.2781065088757396 0.5687198423306075 
0.8461538461538461 0.5675034399072579 
0.8994082840236687 0.5673747819586344 

0.07100591715976332 0.5738848741589833 
0.6331360946745562 0.5675720574798571 
0.08284023668639054 0.5708719389257639 
0.38461538461538464 0.5678799997568875 
0.14201183431952663 0.569313524149961 
0.1952662721893491 0.5688543483678046 
0.28994082840236685 0.568473888434018 
0.10059171597633136 0.5705912306742217 
0.3254437869822485 0.5680576587628668 

0.07100591715976332 0.14447610483320494 
0.5562130177514792 0.14119926565193733 
0.3431952662721893 0.14125965611761773 
0.08284023668639054 0.14421878893595796 
0.1242603550295858 0.1428824063728367 
0.3136094674556213 0.14145693163884035 
0.23076923076923078 0.14152866819201232 
0.16568047337278108 0.1423587625930012 
0.13609467455621302 0.1426047164895907 
0.1834319526627219 0.14194253292185005 
0.21893491124260356 0.1416037413290526 
0.17159763313609466 0.1420383752803389 

0.08284023668639054 0.5708719389257639 
0.3905325443786982 0.5676437940330291 
0.14792899408284024 0.5691502616496387 
0.10059171597633136 0.5705912306742217 
0.24260355029585798 0.5685932484132451 
0.28402366863905326 0.5681535011213557 
0.3668639053254438 0.5677975152183973 
0.31952662721893493 0.5680576587628668 
0.33727810650887574 0.5679666085223025 

0.05917159763313609 0.14717792175429845 
0.5680473372781065 0.14132261639034827 
0.08875739644970414 0.14447610483320494 
0.08284023668639054 0.14665572184517953 
0.38461538461538464 0.14138831406624122 
0.25443786982248523 0.14168238937738056 
0.1893491124260355 0.1420383752803389 
0.14201183431952663 0.14356120386521565 
0.16568047337278108 0.1428824063728367 
0.14792899408284024 0.14319839830894424 
0.15976331360946747 0.14303513580862187 

