131.0 14.055555555555555 
216.0 14.022222222222222 
165.0 14.027027027027026 
207.0 14.024390243902438 
136.0 14.045454545454545 
149.0 14.033333333333333 
142.0 14.04 
158.0 14.030303030303031 
213.0 14.022727272727273 

123.0 14.066666666666666 
184.0 14.022222222222222 
151.0 14.026315789473685 
133.0 14.033333333333333 
128.0 14.047619047619047 
147.0 14.03225806451613 
129.0 14.043478260869565 

123.0 14.066666666666666 
168.0 14.023255813953488 
151.0 14.026315789473685 
128.0 14.047619047619047 
135.0 14.043478260869565 
140.0 14.033333333333333 
149.0 14.030303030303031 
129.0 14.045454545454545 
142.0 14.03225806451613 

131.0 14.0625 
215.0 14.021739130434783 
197.0 14.026315789473685 
168.0 14.027027027027026 
136.0 14.05 
142.0 14.043478260869565 
206.0 14.022222222222222 
148.0 14.037037037037036 
152.0 14.033333333333333 
161.0 14.030303030303031 

123.0 14.066666666666666 
271.0 14.020833333333334 
128.0 14.047619047619047 
218.0 14.023255813953488 
177.0 14.024390243902438 
140.0 14.033333333333333 
139.0 14.043478260869565 
245.0 14.02127659574468 
167.0 14.026315789473685 
129.0 14.045454545454545 
152.0 14.03225806451613 
160.0 14.029411764705882 
158.0 14.03125 

123.0 14.066666666666666 
272.0 14.02 
128.0 14.047619047619047 
140.0 14.03225806451613 
165.0 14.026315789473685 
210.0 14.024390243902438 
248.0 14.023809523809524 
129.0 14.045454545454545 
158.0 14.030303030303031 
254.0 14.021739130434783 
263.0 14.020833333333334 

123.0 14.066666666666666 
218.0 14.022222222222222 
125.0 14.045454545454545 
176.0 14.024390243902438 
135.0 14.03448275862069 
144.0 14.03125 
160.0 14.028571428571428 
128.0 14.043478260869565 
166.0 14.025641025641026 

123.0 11.043478260869565 
205.0 11.020408163265307 
169.0 11.020833333333334 
125.0 11.041666666666666 
132.0 11.03225806451613 
164.0 11.022222222222222 
150.0 11.022727272727273 
139.0 11.028571428571428 
134.0 11.030303030303031 
142.0 11.025641025641026 
148.0 11.023255813953488 
140.0 11.026315789473685 

125.0 14.045454545454545 
177.0 14.022727272727273 
136.0 14.033333333333333 
128.0 14.043478260869565 
152.0 14.029411764705882 
159.0 14.026315789473685 
173.0 14.023809523809524 
165.0 14.025641025641026 
168.0 14.025 

121.0 11.0625 
207.0 11.02127659574468 
126.0 11.043478260869565 
125.0 11.058823529411764 
176.0 11.021739130434783 
154.0 11.023809523809524 
143.0 11.026315789473685 
135.0 11.037037037037036 
139.0 11.03225806451613 
136.0 11.03448275862069 
138.0 11.033333333333333 

