0.031914893617021274 0.006283836040216436 
0.6117021276595744 1.0546298249297172E-4 
0.05851063829787234 0.0034579689452078196 
0.43617021276595747 1.611240010311982E-4 
0.0797872340425532 0.002265806264501078 
0.18085106382978725 7.733952049496339E-4 
0.11702127659574468 0.0018230029830956914 
0.26595744680851063 4.0603248259845503E-4 
0.3617021276595745 2.7886846332327286E-4 
0.13297872340425532 0.0011317978609018174 
0.2978723404255319 3.4120376688949255E-4 
0.13829787234042554 9.442615874385475E-4 
0.09042553191489362 0.0019619216596150225 
0.06914893617021277 0.002800224017921473 
0.24468085106382978 6.935337435690578E-4 
0.0425531914893617 0.005800464037122842 
