677.0 4.111111111111111 
809.0 4.052631578947368 
698.0 4.083333333333333 
749.0 4.055555555555555 
724.0 4.076923076923077 
731.0 4.071428571428571 
740.0 4.0625 
742.0 4.0588235294117645 

834.0 4.043478260869565 
671.0 6.111111111111111 
682.0 4.111111111111111 
756.0 4.052631578947368 
721.0 4.071428571428571 
690.0 4.076923076923077 
741.0 4.055555555555555 
735.0 4.0588235294117645 
689.0 4.083333333333333 

764.0 4.052631578947368 
660.0 4.111111111111111 
678.0 4.083333333333333 
701.0 4.076923076923077 
707.0 4.0625 
730.0 4.0588235294117645 

791.0 4.052631578947368 
706.0 4.055555555555555 
799.0 4.045454545454546 
651.0 4.083333333333333 
834.0 4.043478260869565 
681.0 4.0625 

669.0 4.1 
768.0 4.052631578947368 
684.0 4.083333333333333 
701.0 4.076923076923077 
747.0 4.055555555555555 
732.0 4.071428571428571 
738.0 4.066666666666666 

648.0 4.111111111111111 
761.0 4.055555555555555 
694.0 4.083333333333333 
727.0 4.0588235294117645 
722.0 4.076923076923077 

757.0 4.052631578947368 
648.0 4.111111111111111 
698.0 4.083333333333333 
719.0 4.076923076923077 
727.0 4.0588235294117645 
751.0 4.055555555555555 
723.0 4.071428571428571 
725.0 4.0625 

667.0 4.1 
662.0 4.111111111111111 

731.0 4.052631578947368 
664.0 4.111111111111111 
688.0 4.090909090909091 
693.0 4.076923076923077 
717.0 4.066666666666666 
725.0 4.055555555555555 

659.0 4.111111111111111 
804.0 4.043478260869565 
795.0 4.052631578947368 
754.0 4.055555555555555 
674.0 4.090909090909091 
719.0 4.0588235294117645 
691.0 4.0625 
675.0 4.083333333333333 
684.0 4.066666666666666 
680.0 4.071428571428571 
678.0 4.076923076923077 

