907.0 103.02 
804.0 1606.0833333333333 
817.0 675.0909090909091 
815.0 1468.0714285714287 
893.0 118.025 
845.0 136.02564102564102 
825.0 605.1111111111111 
834.0 274.03846153846155 
819.0 669.0833333333334 
838.0 272.0344827586207 
841.0 138.02777777777777 
808.0 1600.0714285714287 
810.0 1491.076923076923 
814.0 1485.0666666666666 
900.0 106.02127659574468 
903.0 104.02083333333333 
806.0 1600.076923076923 
812.0 1485.0714285714287 
897.0 112.02325581395348 
898.0 106.02173913043478 
895.0 116.02380952380952 
836.0 272.0357142857143 
843.0 136.02631578947367 
905.0 104.0204081632653 
