907.0 103.02 
804.0 1629.0833333333333 
812.0 1534.0666666666666 
817.0 692.1 
856.0 103.02083333333333 
830.0 599.0909090909091 
835.0 291.04 
841.0 274.037037037037 
842.0 154.02777777777777 
806.0 1623.076923076923 
808.0 1540.076923076923 
822.0 669.0769230769231 
825.0 622.125 
844.0 132.02439024390245 
846.0 132.02380952380952 
837.0 291.03846153846155 
848.0 115.02380952380952 
839.0 274.03846153846155 
827.0 616.1111111111111 
819.0 686.0909090909091 
820.0 675.0909090909091 
828.0 605.1111111111111 
810.0 1534.0714285714287 
850.0 115.02325581395348 
852.0 109.02222222222223 
854.0 109.02173913043478 
