904.0 103.02 
815.0 753.0833333333334 
831.0 597.0769230769231 
834.0 273.03846153846155 
892.0 118.02439024390245 
849.0 130.02380952380952 
840.0 266.03225806451616 
841.0 138.02777777777777 
817.0 675.0909090909091 
823.0 667.0666666666667 
825.0 605.1111111111111 
895.0 116.02325581395348 
827.0 599.1 
819.0 669.0833333333334 
836.0 272.0357142857143 
838.0 268.0344827586207 
843.0 136.02631578947367 
845.0 132.02564102564102 
896.0 112.02272727272727 
898.0 110.02173913043478 
900.0 106.02127659574468 
829.0 597.0833333333334 
821.0 667.0714285714286 
847.0 130.02439024390245 
902.0 104.0204081632653 
