791.0 1098.0833333333333 
860.0 101.01960784313725 
815.0 1058.0588235294117 
817.0 692.0909090909091 
828.0 616.1 
837.0 289.037037037037 
802.0 1059.0526315789473 
841.0 272.0357142857143 
842.0 154.02777777777777 
825.0 622.1111111111111 
822.0 675.0833333333334 
820.0 686.0833333333334 
844.0 152.02631578947367 
846.0 130.02325581395348 
839.0 289.0357142857143 
848.0 115.02380952380952 
793.0 1081.076923076923 
794.0 1073.0666666666666 
796.0 1067.0625 
798.0 1061.0625 
850.0 113.02272727272727 
852.0 109.02222222222223 
854.0 107.02127659574468 
856.0 103.02083333333333 
800.0 1059.0555555555557 
858.0 101.02 
