779.0 1158.0833333333333 
859.0 101.01960784313725 
799.0 1065.0666666666666 
842.0 154.02777777777777 
793.0 1088.090909090909 
785.0 1135.0666666666666 
844.0 132.02439024390245 
795.0 1071.076923076923 
781.0 1141.076923076923 
846.0 130.02325581395348 
848.0 115.02325581395348 
797.0 1065.0714285714287 
783.0 1135.0714285714287 
852.0 109.02173913043478 
856.0 103.0204081632653 
850.0 113.02272727272727 
854.0 107.02127659574468 
858.0 101.02 
851.0 113.02222222222223 
855.0 107.02083333333333 
