843.0 130.02325581395348 
853.0 107.02083333333333 
845.0 115.02380952380952 
847.0 113.02272727272727 
849.0 109.02222222222223 
851.0 107.02127659574468 
776.0 1158.076923076923 
839.0 154.02777777777777 
790.0 1088.0833333333333 
782.0 1135.0625 
796.0 1065.0666666666666 
792.0 1071.076923076923 
778.0 1141.0714285714287 
794.0 1065.0714285714287 
780.0 1135.0666666666666 
858.0 101.02 
802.0 1059.0526315789473 
798.0 1061.0625 
800.0 1059.0555555555557 
859.0 101.01960784313725 
856.0 103.0204081632653 
840.0 136.02631578947367 
836.0 272.0357142857143 
817.0 675.0909090909091 
825.0 605.1111111111111 
819.0 669.0833333333334 
815.0 753.0833333333334 
831.0 597.0769230769231 
834.0 273.03846153846155 
823.0 667.0666666666667 
827.0 599.1 
838.0 268.0344827586207 
829.0 597.0833333333334 
821.0 667.0714285714286 
