907.0 103.02 
813.0 1225.0833333333333 
840.0 136.02631578947367 
890.0 118.025 
836.0 272.0357142857143 
835.0 678.0666666666667 
827.0 1155.0625 
829.0 772.0833333333334 
819.0 1215.0625 
821.0 1165.0833333333333 
831.0 727.0769230769231 
833.0 723.0714285714286 
902.0 104.0204081632653 
815.0 1219.076923076923 
823.0 1159.076923076923 
817.0 1219.0714285714287 
892.0 116.02380952380952 
894.0 112.02325581395348 
896.0 110.02222222222223 
898.0 106.02173913043478 
825.0 1157.0714285714287 
900.0 104.02083333333333 
