907.0 103.02 
804.0 1629.0833333333333 
812.0 1534.0666666666666 
817.0 692.1 
856.0 103.02083333333333 
830.0 599.0909090909091 
835.0 291.04 
841.0 274.037037037037 
842.0 154.02777777777777 
806.0 1623.076923076923 
808.0 1540.076923076923 
822.0 669.0769230769231 
825.0 622.125 
844.0 132.02439024390245 
846.0 132.02380952380952 
837.0 291.03846153846155 
848.0 115.02380952380952 
839.0 274.03846153846155 
827.0 616.1111111111111 
819.0 686.0909090909091 
820.0 675.0909090909091 
828.0 605.1111111111111 
810.0 1534.0714285714287 
850.0 115.02325581395348 
852.0 109.02222222222223 
854.0 109.02173913043478 

907.0 103.02 
791.0 1098.0833333333333 
824.0 1063.05 
843.0 130.02325581395348 
901.0 106.02173913043478 
853.0 107.02083333333333 
802.0 1065.0625 
818.0 1063.0555555555557 
820.0 1063.0526315789473 
793.0 1081.076923076923 
845.0 115.02380952380952 
795.0 1075.0714285714287 
847.0 113.02272727272727 
849.0 109.02222222222223 
851.0 107.02127659574468 
903.0 104.02083333333333 
800.0 1065.0666666666666 
905.0 104.0204081632653 
797.0 1067.0666666666666 
798.0 1066.076923076923 

776.0 1158.076923076923 
860.0 101.01960784313725 
839.0 154.02777777777777 
824.0 1059.0454545454545 
807.0 1063.05 
822.0 1059.047619047619 
790.0 1088.0833333333333 
782.0 1135.0625 
844.0 132.02439024390245 
796.0 1065.0666666666666 
801.0 1063.0555555555557 
803.0 1063.0526315789473 
792.0 1071.076923076923 
778.0 1141.0714285714287 
846.0 130.02325581395348 
848.0 115.02380952380952 
794.0 1065.0714285714287 
780.0 1135.0666666666666 
850.0 113.02272727272727 
852.0 109.02222222222223 
854.0 107.02127659574468 
856.0 103.02083333333333 
858.0 101.02 

791.0 1098.0833333333333 
860.0 101.01960784313725 
815.0 1058.0588235294117 
817.0 692.0909090909091 
828.0 616.1 
837.0 289.037037037037 
802.0 1059.0526315789473 
841.0 272.0357142857143 
842.0 154.02777777777777 
825.0 622.1111111111111 
822.0 675.0833333333334 
820.0 686.0833333333334 
844.0 152.02631578947367 
846.0 130.02325581395348 
839.0 289.0357142857143 
848.0 115.02380952380952 
793.0 1081.076923076923 
794.0 1073.0666666666666 
796.0 1067.0625 
798.0 1061.0625 
850.0 113.02272727272727 
852.0 109.02222222222223 
854.0 107.02127659574468 
856.0 103.02083333333333 
800.0 1059.0555555555557 
858.0 101.02 

907.0 103.02 
819.0 675.0833333333334 
829.0 599.0909090909091 
834.0 275.04 
849.0 132.02380952380952 
895.0 118.02439024390245 
840.0 270.03333333333336 
843.0 138.02702702702703 
821.0 669.0769230769231 
827.0 605.1 
897.0 116.02325581395348 
899.0 112.02272727272727 
901.0 110.02173913043478 
903.0 106.02127659574468 
836.0 273.037037037037 
845.0 136.02564102564102 
838.0 271.0357142857143 
847.0 134.025 
905.0 104.0204081632653 

804.0 1629.0833333333333 
860.0 101.01960784313725 
818.0 1528.05 
820.0 675.0909090909091 
833.0 599.0909090909091 
839.0 274.03846153846155 
842.0 154.02777777777777 
806.0 1623.0714285714287 
808.0 1540.076923076923 
825.0 669.0769230769231 
828.0 605.1111111111111 
830.0 605.1 
848.0 130.02272727272728 
850.0 113.02272727272727 
844.0 154.02702702702703 
846.0 137.02702702702703 
810.0 1534.0666666666666 
852.0 113.02222222222223 
854.0 107.02127659574468 
856.0 107.02083333333333 
858.0 101.02 
822.0 675.0833333333334 
823.0 669.0833333333334 
814.0 1530.0588235294117 
816.0 1528.0526315789473 
812.0 1532.0625 

779.0 1158.0833333333333 
859.0 101.01960784313725 
799.0 1065.0666666666666 
842.0 154.02777777777777 
793.0 1088.090909090909 
785.0 1135.0666666666666 
844.0 132.02439024390245 
795.0 1071.076923076923 
781.0 1141.076923076923 
846.0 130.02325581395348 
848.0 115.02325581395348 
797.0 1065.0714285714287 
783.0 1135.0714285714287 
852.0 109.02173913043478 
856.0 103.0204081632653 
850.0 113.02272727272727 
854.0 107.02127659574468 
858.0 101.02 
851.0 113.02222222222223 
855.0 107.02083333333333 

907.0 103.02 
813.0 1225.0833333333333 
840.0 136.02631578947367 
890.0 118.025 
836.0 272.0357142857143 
835.0 678.0666666666667 
827.0 1155.0625 
829.0 772.0833333333334 
819.0 1215.0625 
821.0 1165.0833333333333 
831.0 727.0769230769231 
833.0 723.0714285714286 
902.0 104.0204081632653 
815.0 1219.076923076923 
823.0 1159.076923076923 
817.0 1219.0714285714287 
892.0 116.02380952380952 
894.0 112.02325581395348 
896.0 110.02222222222223 
898.0 106.02173913043478 
825.0 1157.0714285714287 
900.0 104.02083333333333 

907.0 103.02 
804.0 1606.0833333333333 
817.0 675.0909090909091 
815.0 1468.0714285714287 
893.0 118.025 
845.0 136.02564102564102 
825.0 605.1111111111111 
834.0 274.03846153846155 
819.0 669.0833333333334 
838.0 272.0344827586207 
841.0 138.02777777777777 
808.0 1600.0714285714287 
810.0 1491.076923076923 
814.0 1485.0666666666666 
900.0 106.02127659574468 
903.0 104.02083333333333 
806.0 1600.076923076923 
812.0 1485.0714285714287 
897.0 112.02325581395348 
898.0 106.02173913043478 
895.0 116.02380952380952 
836.0 272.0357142857143 
843.0 136.02631578947367 
905.0 104.0204081632653 

904.0 103.02 
815.0 753.0833333333334 
831.0 597.0769230769231 
834.0 273.03846153846155 
892.0 118.02439024390245 
849.0 130.02380952380952 
840.0 266.03225806451616 
841.0 138.02777777777777 
817.0 675.0909090909091 
823.0 667.0666666666667 
825.0 605.1111111111111 
895.0 116.02325581395348 
827.0 599.1 
819.0 669.0833333333334 
836.0 272.0357142857143 
838.0 268.0344827586207 
843.0 136.02631578947367 
845.0 132.02564102564102 
896.0 112.02272727272727 
898.0 110.02173913043478 
900.0 106.02127659574468 
829.0 597.0833333333334 
821.0 667.0714285714286 
847.0 130.02439024390245 
902.0 104.0204081632653 

