0.05 0.3429064996760959 
0.016666666666666666 0.34943256795988376 
0.024074074074074074 0.3458432304038004 
0.11851851851851852 0.013573125212080176 
0.8759259259259259 0.0 
0.13333333333333333 0.007500937617202236 
0.6537037037037037 2.8791477722596616E-4 
0.18888888888888888 0.002035968781812005 
0.387037037037037 0.0016381358014579252 
0.4962962962962963 5.938242280285373E-4 
0.1648148148148148 0.004544046266652993 
0.4166666666666667 9.194697724312558E-4 
0.17407407407407408 0.002923442353371084 
0.15 0.005881687591901347 
0.1574074074074074 0.0051824659900669605 
0.3962962962962963 0.0012668250197941365 
0.1814814814814815 0.0024632708718220274 
0.06666666666666667 0.026392187912377987 
