0.05 0.3429064996760959 
0.3851851851851852 0.3239598498199372 
0.12777777777777777 0.3383884524027041 
0.27037037037037037 0.328222846037573 
0.2111111111111111 0.3289220676394073 
0.17962962962962964 0.32969121140142515 
0.32222222222222224 0.32646080760095014 
0.1574074074074074 0.333729216152019 
0.16666666666666666 0.33148588017946684 
0.13518518518518519 0.33661350525958594 
0.14444444444444443 0.3350752177355502 
0.34074074074074073 0.325963822400877 
0.37037037037037035 0.32430720506730004 
0.35 0.325503650919328 
0.35555555555555557 0.3250763488293179 
0.362962962962963 0.32467851584896384 

0.016666666666666666 0.34943256795988376 
0.46111111111111114 0.3227689175432643 
0.024074074074074074 0.3458432304038004 
0.07962962962962963 0.33254156769596194 
0.16666666666666666 0.325503650919328 
0.3148148148148148 0.3250763488293179 
0.44074074074074077 0.32363420427553447 
0.387037037037037 0.3239598498199372 
0.08703703703703704 0.33148588017946684 
0.3388888888888889 0.32430720506730004 
0.10925925925925926 0.32969121140142515 
0.12962962962962962 0.3289220676394073 
0.10185185185185185 0.330541317664708 
0.1425925925925926 0.3275844263141589 
0.1537037037037037 0.32646080760095014 
0.3314814814814815 0.32467851584896384 
0.13333333333333333 0.328222846037573 
0.4537037037037037 0.3230403800475059 
0.16296296296296298 0.325963822400877 

0.11851851851851852 0.013573125212080176 
0.8759259259259259 0.0 
0.13333333333333333 0.007500937617202236 
0.6537037037037037 2.8791477722596616E-4 
0.18888888888888888 0.002035968781812005 
0.387037037037037 0.0016381358014579252 
0.4962962962962963 5.938242280285373E-4 
0.1648148148148148 0.004544046266652993 
0.4166666666666667 9.194697724312558E-4 
0.17407407407407408 0.002923442353371084 
0.15 0.005881687591901347 
0.1574074074074074 0.0051824659900669605 
0.3962962962962963 0.0012668250197941365 
0.1814814814814815 0.0024632708718220274 

0.05740740740740741 0.35391923990498814 
0.09259259259259259 0.33661350525958594 
0.06111111111111111 0.3458432304038004 

0.34444444444444444 0.32467851584896384 
0.05925925925925926 0.34943256795988376 
0.18518518518518517 0.328222846037573 
0.2759259259259259 0.3275844263141589 
0.07777777777777778 0.3404592240696753 
0.06296296296296296 0.3458432304038004 
0.30185185185185187 0.3250763488293179 
0.10740740740740741 0.3350752177355502 
0.14814814814814814 0.333729216152019 
0.09814814814814815 0.33661350525958594 
0.29074074074074074 0.32699920823436274 
0.17222222222222222 0.3289220676394073 
0.1574074074074074 0.33254156769596194 
0.1648148148148148 0.32969121140142515 
0.16111111111111112 0.33148588017946684 
0.16296296296296298 0.330541317664708 

0.04259259259259259 0.3458432304038004 
0.39444444444444443 0.0024632708718220274 
0.17222222222222222 0.012034837688044439 
0.21481481481481482 0.006650831353919216 
0.30185185185185187 0.005881687591901347 
0.32407407407407407 0.002923442353371084 
0.17777777777777778 0.009501187648456023 
0.1962962962962963 0.008445500131960909 
0.3074074074074074 0.0051824659900669605 
0.20555555555555555 0.007500937617202236 

0.10185185185185185 0.3383884524027041 
0.9018518518518519 0.3227689175432643 
0.12777777777777777 0.33661350525958594 
0.15185185185185185 0.33148588017946684 
0.6925925925925925 0.3230403800475059 
0.3962962962962963 0.32467851584896384 
0.5537037037037037 0.32430720506730004 
0.5833333333333334 0.32363420427553447 
0.6907407407407408 0.3233282948247319 
0.2611111111111111 0.325503650919328 
0.3425925925925926 0.3250763488293179 
0.17777777777777778 0.3289220676394073 
0.24259259259259258 0.325963822400877 
0.21481481481481482 0.328222846037573 
0.2388888888888889 0.32699920823436274 
0.16111111111111112 0.32969121140142515 
0.15925925925925927 0.330541317664708 
0.22962962962962963 0.3275844263141589 
0.575925925925926 0.3239598498199372 

0.06481481481481481 0.3458432304038004 
0.7555555555555555 0.3227689175432643 
0.3851851851851852 0.3233282948247319 
0.6925925925925925 0.3230403800475059 
0.08888888888888889 0.3383884524027041 
0.12962962962962962 0.32969121140142515 
0.12222222222222222 0.3350752177355502 
0.2759259259259259 0.32363420427553447 
0.12037037037037036 0.33661350525958594 
0.14629629629629629 0.3275844263141589 
0.1685185185185185 0.325963822400877 
0.23333333333333334 0.32430720506730004 
0.14074074074074075 0.3289220676394073 
0.17592592592592593 0.325503650919328 
0.2 0.3250763488293179 
0.20925925925925926 0.32467851584896384 

0.35555555555555557 0.325503650919328 
0.016666666666666666 0.6724729480073897 
0.1259259259259259 0.3429064996760959 
0.022222222222222223 0.6659468797236018 
0.2518518518518518 0.325963822400877 
0.1685185185185185 0.33148588017946684 
0.17592592592592593 0.330541317664708 
0.19814814814814816 0.3289220676394073 
0.21481481481481482 0.328222846037573 
0.23703703703703705 0.32646080760095014 
0.18703703703703703 0.32969121140142515 
0.2222222222222222 0.3275844263141589 
0.22962962962962963 0.32699920823436274 

0.06666666666666667 0.026392187912377987 
0.39444444444444443 0.013573125212080176 
0.18333333333333332 0.01741884402216952 
0.31296296296296294 0.015348072355198335 
0.1425925925925926 0.022802850356294598 
0.1574074074074074 0.019866119628589946 

