0.39855072463768115 0.4097064326405961 
0.5869565217391305 5.034021595897992E-7 
0.5579710144927537 0.001309894369446839 
0.5072463768115942 0.01898089549780912 
0.5217391304347826 0.01636285837848062 
0.5362318840579711 0.007855361881320645 
0.5507246376811594 0.005237340134855844 
0.3695652173913043 0.5209583099111496 
0.4855072463768116 0.02290943486042291 
0.10869565217391304 0.6525014892313888 
0.12318840579710146 0.6485707573685492 
0.028985507246376812 0.6806338792050561 
0.3115942028985507 0.624993917223905 
0.18840579710144928 0.6269589078116092 
0.2826086956521739 0.626308537157742 
0.13043478260869565 0.6348278784115985 
0.07246376811594203 0.6727704178517594 
0.043478260869565216 0.6793191905293274 
0.057971014492753624 0.6753902477182804 
0.17391304347826086 0.6308873581734333 
0.14492753623188406 0.6322034751529084 
0.15942028985507245 0.630889496810059 
0.2971014492753623 0.6249956393891877 
0.38405797101449274 0.43915965399491563 
0.41304347826086957 0.3697866413846916 
0.45652173913043476 0.3658461211465263 
0.463768115942029 0.10798762889192795 
0.427536231884058 0.36846835697925145 
