907.0 103.02 
817.0 1170.0833333333333 
847.0 130.02439024390245 
899.0 110.02222222222223 
835.0 664.0666666666667 
829.0 1143.0555555555557 
840.0 266.03225806451616 
831.0 727.0769230769231 
903.0 104.0204081632653 
826.0 1160.0588235294117 
819.0 1170.076923076923 
824.0 1160.0625 
901.0 106.02127659574468 
821.0 1166.0666666666666 
822.0 1164.0714285714287 

857.0 101.02 
842.0 1145.0526315789473 
844.0 152.02631578947367 
853.0 103.02083333333333 
846.0 130.02325581395348 
848.0 126.02272727272727 
850.0 113.02272727272727 
852.0 109.02222222222223 

907.0 103.02 
827.0 897.0769230769231 
900.0 605.030303030303 
901.0 110.02173913043478 
874.0 610.0370370370371 
857.0 806.0454545454545 
898.0 606.03125 
835.0 850.0769230769231 
829.0 852.0714285714286 
903.0 106.02127659574468 
905.0 104.0204081632653 

907.0 103.02 
818.0 1111.0714285714287 
843.0 138.02702702702703 
897.0 116.02325581395348 
834.0 786.0714285714286 
841.0 395.037037037037 
824.0 1065.0588235294117 
820.0 1109.0625 
899.0 112.02272727272727 
901.0 110.02173913043478 
903.0 106.02127659574468 
905.0 104.0204081632653 

907.0 103.02 
813.0 1225.0833333333333 
843.0 136.02631578947367 
841.0 1141.0526315789473 
895.0 116.02380952380952 
825.0 1148.0666666666666 
837.0 1145.0625 
821.0 1213.0555555555557 
823.0 1154.0714285714287 
899.0 110.02222222222223 
903.0 104.02083333333333 
819.0 1219.0588235294117 
817.0 1223.0666666666666 
815.0 1223.0714285714287 
839.0 1143.0588235294117 

858.0 101.02 
789.0 1136.0833333333333 
797.0 1071.0625 
846.0 152.02564102564102 
853.0 103.02083333333333 
791.0 1098.0833333333333 
848.0 130.02272727272728 
795.0 1088.0666666666666 
850.0 124.02173913043478 
852.0 113.02222222222223 
793.0 1092.076923076923 

907.0 103.02 
780.0 1141.0714285714287 
819.0 1056.05 
850.0 124.02173913043478 
856.0 107.02083333333333 
903.0 104.02083333333333 
802.0 1059.0526315789473 
815.0 1058.0588235294117 
791.0 1125.076923076923 
794.0 1071.076923076923 
786.0 1129.0555555555557 
852.0 124.02127659574468 
854.0 107.02127659574468 
782.0 1139.0625 
784.0 1133.0588235294117 
800.0 1065.0555555555557 
796.0 1067.0666666666666 
798.0 1065.0588235294117 
817.0 1056.0526315789473 
905.0 104.0204081632653 

907.0 103.02 
813.0 1225.0833333333333 
870.0 612.0416666666666 
893.0 118.025 
861.0 774.0909090909091 
857.0 1142.047619047619 
833.0 1144.0625 
855.0 1142.05 
817.0 1153.076923076923 
865.0 770.0714285714286 
831.0 1144.0666666666666 
815.0 1219.076923076923 
895.0 116.02380952380952 
897.0 112.02325581395348 
899.0 110.02222222222223 
901.0 106.02173913043478 
903.0 104.02083333333333 
905.0 104.0204081632653 

907.0 103.02 
806.0 1606.076923076923 
828.0 1480.0555555555557 
829.0 772.0833333333334 
897.0 112.02325581395348 
871.0 571.0416666666666 
843.0 695.0625 
866.0 618.047619047619 
816.0 1487.0555555555557 
810.0 1602.0625 
833.0 725.0666666666667 
814.0 1489.0625 
841.0 697.0714285714286 
831.0 770.0714285714286 
868.0 616.0434782608696 
869.0 573.0454545454545 
901.0 106.02173913043478 
903.0 104.02083333333333 
905.0 104.0204081632653 

904.0 103.02 
813.0 1203.0833333333333 
899.0 110.02222222222223 
853.0 126.02222222222223 
825.0 1087.0555555555557 
833.0 666.0769230769231 
839.0 660.0555555555555 
840.0 266.03125 
819.0 1093.076923076923 
844.0 262.02941176470586 
849.0 130.02380952380952 
835.0 664.0625 
821.0 1091.0666666666666 
903.0 104.02083333333333 
851.0 126.02272727272727 

