0.9492753623188406 0.0013093490171072779 
0.2971014492753623 0.6996199313695056 
0.5144927536231884 0.018981637894641204 
0.8913043478260869 0.005891762942329689 
0.427536231884058 0.3684710837409492 
0.38405797101449274 0.6819323371563932 
0.463768115942029 0.10798828859233872 
0.39855072463768115 0.4097064326405961 
0.9202898550724637 0.001964038935931111 
0.36231884057971014 0.6930596635200742 
0.3115942028985507 0.699615736351509 
0.34782608695652173 0.6930620694862781 
0.9057971014492754 0.0032734528729000557 
0.32608695652173914 0.696991333092819 
0.3333333333333333 0.6956856037769547 

0.5869565217391305 5.034021595897992E-7 
0.4782608695652174 0.6832392692543598 
0.4927536231884058 0.033380199780004415 
0.5579710144927537 0.001309894369446839 
0.5072463768115942 0.01898089549780912 
0.5217391304347826 0.01636285837848062 
0.5362318840579711 0.007855361881320645 
0.5507246376811594 0.005237340134855844 

0.9492753623188406 0.0013093490171072779 
0.3695652173913043 0.5209583099111496 
0.8985507246376812 0.3298363409069934 
0.9057971014492754 0.005891446796045882 
0.7101449275362319 0.33311286183195504 
0.5869565217391305 0.46138524070631903 
0.8840579710144928 0.3304913834330349 
0.427536231884058 0.4902004379598789 
0.38405797101449274 0.4915056878451151 
0.9202898550724637 0.0032734528729000557 
0.9347826086956522 0.001964038935931111 

0.9492753623188406 0.0013093490171072779 
0.30434782608695654 0.6610011949808409 
0.4855072463768116 0.02421874592544705 
0.8768115942028986 0.009818976193175304 
0.42028985507246375 0.4483137825518414 
0.47101449275362317 0.19241195822507853 
0.34782608695652173 0.630889496810059 
0.3188405797101449 0.659686506305112 
0.8913043478260869 0.007200939073846802 
0.9057971014492754 0.005891446796045882 
0.9202898550724637 0.0032734528729000557 
0.9347826086956522 0.001964038935931111 

0.9492753623188406 0.0013093490171072779 
0.26811594202898553 0.735613185780567 
0.4855072463768116 0.02290943486042291 
0.47101449275362317 0.6806215780244644 
0.8623188405797102 0.009819338553533816 
0.35507246376811596 0.6852117225582898 
0.4420289855072464 0.6832457273741704 
0.32608695652173914 0.7277419336795623 
0.34057971014492755 0.6891413757022161 
0.8913043478260869 0.005891762942329689 
0.9202898550724637 0.001964317176920683 
0.3115942028985507 0.731670609161031 
0.2971014492753623 0.7342934331188281 
0.2826086956521739 0.7342965494179114 
0.45652173913043476 0.6819344757930188 

0.5942028985507246 5.034021595897992E-7 
0.09420289855072464 0.6773695559153948 
0.15217391304347827 0.6348184396211061 
0.5072463768115942 0.03337975819916267 
0.5579710144927537 0.001309894369446839 
0.10869565217391304 0.6525014892313888 
0.5217391304347826 0.018980549608376005 
0.13768115942028986 0.6459463541098591 
0.5362318840579711 0.0150533661006797 
0.5507246376811594 0.00785503136475122 
0.12318840579710146 0.6485707573685492 

0.9492753623188406 0.0013093490171072779 
0.028985507246376812 0.6806338792050561 
0.3115942028985507 0.624993917223905 
0.5362318840579711 0.0150533661006797 
0.5797101449275363 0.0039275855993422155 
0.9202898550724637 0.001964317176920683 
0.18840579710144928 0.6269589078116092 
0.2826086956521739 0.626308537157742 
0.10869565217391304 0.670166710015186 
0.13043478260869565 0.6348278784115985 
0.07246376811594203 0.6727704178517594 
0.5507246376811594 0.015053063407429249 
0.5652173913043478 0.0039278756803738995 
0.043478260869565216 0.6793191905293274 
0.057971014492753624 0.6753902477182804 
0.17391304347826086 0.6308873581734333 
0.14492753623188406 0.6322034751529084 
0.15942028985507245 0.630889496810059 
0.2971014492753623 0.6249956393891877 
0.9347826086956522 0.001964038935931111 

0.9492753623188406 0.0013093490171072779 
0.26811594202898553 0.735613185780567 
0.6811594202898551 0.3344247371821225 
0.8478260869565217 0.011128963243252315 
0.6159420289855072 0.44047345735840476 
0.5869565217391305 0.681272720517114 
0.41304347826086957 0.6825913045666966 
0.572463768115942 0.6812742786666555 
0.2971014492753623 0.6884905486244537 
0.644927536231884 0.43784301763225986 
0.39855072463768115 0.6825940313283944 
0.2826086956521739 0.7316824539177273 
0.8623188405797102 0.009819338553533816 
0.8768115942028986 0.0072012849632799285 
0.8913043478260869 0.005891762942329689 
0.9057971014492754 0.0032737555661505055 
0.9202898550724637 0.001964317176920683 
0.9347826086956522 0.001964038935931111 

0.9492753623188406 0.0013093490171072779 
0.21739130434782608 0.9849440804101051 
0.37681159420289856 0.9024728232750786 
0.38405797101449274 0.43915965399491563 
0.8768115942028986 0.0072012849632799285 
0.6884057971014492 0.30759340207569486 
0.4855072463768116 0.38875546401094063 
0.6521739130434783 0.3383551694008196 
0.2898550724637681 0.9070537829273956 
0.2463768115942029 0.9823169503897172 
0.41304347826086957 0.4083908749968537 
0.2753623188405797 0.9083671731451728 
0.47101449275362317 0.3900701526866693 
0.39855072463768115 0.43784301763225986 
0.6666666666666666 0.33704361396058213 
0.6739130434782609 0.3089047265649133 
0.9057971014492754 0.0032737555661505055 
0.9202898550724637 0.001964317176920683 
0.9347826086956522 0.001964038935931111 

0.927536231884058 0.0013093490171072779 
0.26811594202898553 0.7212158840161425 
0.8913043478260869 0.005891762942329689 
0.5579710144927537 0.016362527861911193 
0.35507246376811596 0.6452846599378579 
0.41304347826086957 0.3697866413846916 
0.45652173913043476 0.3658461211465263 
0.463768115942029 0.10798762889192795 
0.3115942028985507 0.649225180176023 
0.4927536231884058 0.10536873467893058 
0.5289855072463768 0.018981257858167636 
0.427536231884058 0.36846835697925145 
0.32608695652173914 0.6479096225322807 
0.9202898550724637 0.001964317176920683 
0.5434782608695652 0.01636285837848062 

