0.061366806136680614 0.9535022354694482 
0.06276150627615062 0.9467213114754093 
0.6624825662482566 0.9094262295081967 
0.6457461645746164 0.9128166915052162 
0.8856345885634589 0.9065573770491799 
0.8661087866108786 0.9079344262295079 
0.3082287308228731 0.9409836065573765 
0.3124128312412831 0.9360655737704913 
0.33472803347280333 0.9318032786885241 
0.403068340306834 0.924783027965284 
0.6373779637377964 0.9147540983606552 
0.43654114365411434 0.9192407247627259 
0.5843793584379359 0.9168852459016389 
0.3695955369595537 0.928073770491803 
