944.0 4.090909090909091 
945.0 4.083333333333333 

977.0 4.111111111111111 
995.0 4.090909090909091 
979.0 4.1 

993.0 4.111111111111111 
1375.0 4.041666666666667 
1198.0 4.083333333333333 
1339.0 4.076923076923077 
1353.0 4.071428571428571 
1358.0 4.05 
1363.0 4.045454545454546 
1361.0 4.0476190476190474 

996.0 4.1 

991.0 4.1 
1535.0 4.038461538461538 
1294.0 4.083333333333333 
1321.0 4.066666666666666 
1330.0 4.0588235294117645 
1308.0 4.076923076923077 
1352.0 4.05 
1418.0 4.0476190476190474 
1471.0 4.041666666666667 
1521.0 4.04 
1344.0 4.052631578947368 
1452.0 4.045454545454546 
1459.0 4.043478260869565 

1460.0 4.043478260869565 
1022.0 4.1 
1316.0 4.055555555555555 
1169.0 4.066666666666666 
1434.0 4.052631578947368 
1051.0 4.083333333333333 
1220.0 4.0625 
1121.0 4.076923076923077 
1124.0 4.071428571428571 
1048.0 4.090909090909091 
1445.0 4.0476190476190474 
1459.0 4.045454545454546 
1441.0 4.05 

991.0 4.1 
1003.0 4.090909090909091 

1140.0 4.066666666666666 
1189.0 4.0588235294117645 
1357.0 4.0476190476190474 
1213.0 4.052631578947368 
1452.0 4.045454545454546 
1319.0 4.05 
990.0 4.1 

996.0 4.090909090909091 

1097.0 4.090909090909091 
1136.0 4.076923076923077 
1131.0 4.083333333333333 
1165.0 4.0625 
977.0 4.111111111111111 

