1453.0 116.02272727272727 
1837.0 95.01408450704226 
1629.0 95.01666666666667 
1805.0 95.01515151515152 
1456.0 109.02439024390245 
1545.0 95.01724137931035 
1625.0 95.01694915254237 
1459.0 107.02173913043478 
1461.0 103.02173913043478 
1463.0 101.01923076923077 
1465.0 97.0204081632653 
1528.0 95.01851851851852 
1476.0 95.01886792452831 
1467.0 95.02 
1457.0 109.02325581395348 
1821.0 95.01492537313433 
1532.0 95.01785714285714 
1828.0 95.01428571428572 
1541.0 95.01754385964912 
1470.0 95.01923076923077 
