1458.0 109.0204081632653 
1736.0 100.01298701298701 
1466.0 103.01785714285714 
1462.0 108.02127659574468 
1623.0 100.01515151515152 
1691.0 100.01388888888889 
1472.0 100.02 
1470.0 102.0204081632653 
1530.0 100.01639344262296 
1587.0 100.01612903225806 
1724.0 100.01369863013699 
1468.0 102.02127659574468 
1461.0 109.01960784313725 
1499.0 100.01923076923077 
1475.0 100.01960784313725 
1609.0 100.01587301587301 
1520.0 100.01754385964912 
1615.0 100.01538461538462 
1730.0 100.01351351351352 
1524.0 100.01694915254237 
1529.0 100.01666666666667 
1460.0 109.02 
