1458.0 110.02127659574468 
1948.0 97.01190476190476 
1466.0 109.01754385964912 
1475.0 103.01785714285714 
1478.0 97.01851851851852 
1474.0 103.01923076923077 
1595.0 97.01538461538462 
1670.0 97.01515151515152 
1893.0 97.01282051282051 
1821.0 97.01315789473684 
1751.0 97.01470588235294 
1698.0 97.01492537313433 
1544.0 97.015625 
1461.0 110.0204081632653 
1463.0 109.02 
1791.0 97.01408450704226 
1930.0 97.01234567901234 
1502.0 97.01612903225806 
1537.0 97.01587301587301 
1800.0 97.01333333333334 
1483.0 97.01639344262296 
1482.0 97.01785714285714 
1479.0 97.01818181818182 
