0.04635139367366113 0.1580658277465111 
0.017851550266207328 0.15813073287158386 
0.045098653304102725 0.15807518344021548 
0.01691199498903852 0.1581439930584266 
0.007203257124960852 0.5265943659883296 
0.007516442217350454 0.5002983237523306 
0.007829627309740057 0.5002861552922493 
0.21484497337926714 0.1579566779866294 
0.17632320701534607 0.1579588326312403 
0.11713122455371125 0.15800876829589794 
0.08894456623864704 0.15801198053163612 
0.14563106796116504 0.15799659561310062 
0.11869715001565925 0.15799954166133096 
0.05198872533667397 0.15803663347338642 
0.07359849671155654 0.15802206030584925 
0.026933917945505793 0.15810655253087055 
0.14907610397745066 0.15797759071373302 
0.1672408393360476 0.15797508660077866 
0.07453805198872533 0.15801526495244725 
0.16849357970560602 0.15796785774640182 
0.17444409646100845 0.15796326162293964 
0.05167554024428437 0.15805695183197138 
0.11744440964610084 0.15800255106543706 
0.05042279987472596 0.15806133215343263 
0.14688380833072345 0.15799088574642758 
0.14782336360789228 0.15798811820900938 
0.009708737864077669 0.4739901130562503 
0.010335108048856874 0.3687572702719286 
0.01096147823363608 0.3160748583847109 
0.011587848418415283 0.21087299073072197 
0.015032884434700909 0.15821604841334608 
0.012214218603194488 0.1582458312933791 
0.013153773880363295 0.1582255942082285 
