1576.0 95.01315789473684 
1485.0 95.015625 
1572.0 95.01351351351352 
1482.0 95.01612903225806 
1451.0 109.02127659574468 
1452.0 108.02173913043478 
1453.0 108.02127659574468 
2114.0 95.009009009009 
1991.0 95.00909090909092 
1802.0 95.01098901098901 
1712.0 95.0111111111111 
1893.0 95.01052631578948 
1807.0 95.01063829787235 
1594.0 95.01204819277109 
1663.0 95.01149425287356 
1514.0 95.01470588235294 
1904.0 95.00980392156863 
1962.0 95.00970873786407 
1666.0 95.01123595505618 
1966.0 95.00943396226415 
1985.0 95.00925925925925 
1593.0 95.01282051282051 
1803.0 95.01075268817205 
1589.0 95.01298701298701 
1897.0 95.01030927835052 
1900.0 95.01020408163265 
1459.0 107.02173913043478 
1461.0 103.02173913043478 
1463.0 101.01923076923077 
1465.0 97.0204081632653 
1476.0 95.01886792452831 
1467.0 95.02 
1470.0 95.01923076923077 
