1461.0 108.02222222222223 
1576.0 95.01315789473684 
1485.0 95.015625 
1547.0 95.01538461538462 
1464.0 108.02173913043478 
1473.0 102.01851851851852 
1474.0 96.01785714285714 
1469.0 102.0204081632653 
1572.0 95.01351351351352 
1558.0 95.01470588235294 
1477.0 96.01754385964912 
1482.0 95.01612903225806 
1551.0 95.01515151515152 
1554.0 95.01492537313433 
1470.0 102.01886792452831 

1462.0 108.02325581395348 
1776.0 95.01234567901234 
1536.0 95.01587301587301 
1633.0 95.01492537313433 
1476.0 98.02 
1469.0 106.02173913043478 
1472.0 103.02127659574468 
1473.0 101.02 
1705.0 95.01298701298701 
1481.0 96.01754385964912 
1466.0 106.02222222222223 
1683.0 95.01470588235294 
1494.0 95.01886792452831 
1520.0 95.01666666666667 
1501.0 95.01724137931035 
1516.0 95.01694915254237 
1532.0 95.01612903225806 
1695.0 95.01315789473684 
1686.0 95.01369863013699 
1497.0 95.01818181818182 
1498.0 95.01785714285714 
1500.0 95.01754385964912 

1451.0 109.02127659574468 
1841.0 97.01315789473684 
1649.0 97.01351351351352 
1467.0 103.01724137931035 
1468.0 97.01754385964912 
1463.0 109.01818181818182 
1464.0 103.01851851851852 
1539.0 97.01449275362319 
1737.0 97.01333333333334 
1535.0 97.01587301587301 
1475.0 97.01639344262296 
1457.0 109.0204081632653 
1471.0 97.01666666666667 
1460.0 109.01960784313725 

1459.0 116.02272727272727 
1927.0 100.01190476190476 
1462.0 110.02083333333333 
1463.0 105.01923076923077 
1923.0 100.01204819277109 
1810.0 100.01219512195122 
1467.0 105.01886792452831 
1719.0 100.01234567901234 
1470.0 102.01724137931035 
1631.0 100.01282051282051 
1708.0 100.0125 
1472.0 100.01724137931035 
1478.0 100.01492537313433 
1539.0 100.01470588235294 
1605.0 100.01388888888889 
1549.0 100.01428571428572 
1626.0 100.01333333333334 
1475.0 100.01639344262296 

1458.0 110.02127659574468 
1948.0 97.01190476190476 
1466.0 109.01754385964912 
1475.0 103.01785714285714 
1478.0 97.01851851851852 
1474.0 103.01923076923077 
1595.0 97.01538461538462 
1670.0 97.01515151515152 
1893.0 97.01282051282051 
1821.0 97.01315789473684 
1751.0 97.01470588235294 
1698.0 97.01492537313433 
1544.0 97.015625 
1461.0 110.0204081632653 
1463.0 109.02 
1791.0 97.01408450704226 
1930.0 97.01234567901234 
1502.0 97.01612903225806 
1537.0 97.01587301587301 
1800.0 97.01333333333334 
1483.0 97.01639344262296 
1482.0 97.01785714285714 
1479.0 97.01818181818182 

1452.0 108.02173913043478 
1935.0 97.01351351351352 
1463.0 106.01923076923077 
1465.0 102.01923076923077 
1618.0 100.01282051282051 
1671.0 97.015625 
1833.0 97.01369863013699 
1461.0 108.0204081632653 
1467.0 100.01851851851852 
1728.0 97.01428571428572 
1818.0 97.01388888888889 
1538.0 100.01408450704226 
1612.0 100.01388888888889 
1477.0 100.01612903225806 
1533.0 100.01587301587301 
1681.0 97.01470588235294 
1725.0 97.01449275362319 
1453.0 108.02127659574468 
1537.0 100.015625 
1675.0 97.01538461538462 
1677.0 97.01492537313433 
1473.0 100.01754385964912 
1470.0 100.01785714285714 

1458.0 111.01960784313725 
1743.0 97.01219512195122 
1560.0 97.01315789473684 
1736.0 97.01298701298701 
1464.0 103.01724137931035 
1468.0 103.01538461538462 
1461.0 109.01818181818182 
1470.0 97.01694915254237 
1473.0 97.01639344262296 
1535.0 97.01515151515152 
1555.0 97.01388888888889 
1540.0 97.01470588235294 
1737.0 97.0126582278481 
1539.0 97.01492537313433 

1456.0 114.02325581395348 
2114.0 95.009009009009 
1468.0 97.02083333333333 
1459.0 114.02083333333333 
1466.0 102.02083333333333 
1460.0 109.02127659574468 
1464.0 103.0204081632653 
1463.0 108.01960784313725 
1991.0 95.00909090909092 
1802.0 95.01098901098901 
1712.0 95.0111111111111 
1893.0 95.01052631578948 
1807.0 95.01063829787235 
1482.0 95.01923076923077 
1480.0 97.02 
1594.0 95.01204819277109 
1663.0 95.01149425287356 
1514.0 95.01470588235294 
1575.0 95.01428571428572 
1904.0 95.00980392156863 
1962.0 95.00970873786407 
1666.0 95.01123595505618 
1462.0 108.02173913043478 
1966.0 95.00943396226415 
1985.0 95.00925925925925 
1494.0 95.01612903225806 
1509.0 95.015625 
1478.0 97.0204081632653 
1587.0 95.01388888888889 
1579.0 95.01408450704226 
1491.0 95.01754385964912 
1486.0 95.01785714285714 
1593.0 95.01282051282051 
1803.0 95.01075268817205 
1589.0 95.01298701298701 
1897.0 95.01030927835052 
1900.0 95.01020408163265 
1588.0 95.01315789473684 

1458.0 109.0204081632653 
1736.0 100.01298701298701 
1466.0 103.01785714285714 
1462.0 108.02127659574468 
1623.0 100.01515151515152 
1691.0 100.01388888888889 
1472.0 100.02 
1470.0 102.0204081632653 
1530.0 100.01639344262296 
1587.0 100.01612903225806 
1724.0 100.01369863013699 
1468.0 102.02127659574468 
1461.0 109.01960784313725 
1499.0 100.01923076923077 
1475.0 100.01960784313725 
1609.0 100.01587301587301 
1520.0 100.01754385964912 
1615.0 100.01538461538462 
1730.0 100.01351351351352 
1524.0 100.01694915254237 
1529.0 100.01666666666667 
1460.0 109.02 

1453.0 116.02272727272727 
1837.0 95.01408450704226 
1629.0 95.01666666666667 
1805.0 95.01515151515152 
1456.0 109.02439024390245 
1545.0 95.01724137931035 
1625.0 95.01694915254237 
1459.0 107.02173913043478 
1461.0 103.02173913043478 
1463.0 101.01923076923077 
1465.0 97.0204081632653 
1528.0 95.01851851851852 
1476.0 95.01886792452831 
1467.0 95.02 
1457.0 109.02325581395348 
1821.0 95.01492537313433 
1532.0 95.01785714285714 
1828.0 95.01428571428572 
1541.0 95.01754385964912 
1470.0 95.01923076923077 

