0.010335108048856874 0.5003110330328603 
0.04635139367366113 0.1580658277465111 
0.017851550266207328 0.15813073287158386 
0.037269025994362666 0.1581244087824743 
0.011274663326025681 0.5002983237523306 
0.014093329157532102 0.3423643310389849 
0.014406514249921704 0.1844976672522536 
0.012840588787973693 0.342414044211124 
0.045098653304102725 0.15807518344021548 
0.04071406201064829 0.15810655253087055 
0.01534606952709051 0.18448942533160959 
0.01691199498903852 0.1581439930584266 
0.03852176636392108 0.1581182763324285 
0.03946132164108988 0.1581123269405932 
0.013153773880363295 0.3423735232859089 

0.010648293141246476 0.5003382249819 
0.10898841215158159 0.15804445980410045 
0.03382398997807704 0.15813725772542703 
0.06420294393986846 0.1581123269405932 
0.015032884434700909 0.23717046338162032 
0.012840588787973693 0.44768190236016986 
0.013780144065142498 0.3687451018118472 
0.014093329157532102 0.31609509546986153 
0.08675227059191983 0.15806133215343263 
0.01659880989664892 0.18448942533160959 
0.011901033510804886 0.44769461164069946 
0.07986219855934858 0.15810655253087055 
0.02067021609771375 0.15821604841334608 
0.028813028499843407 0.15815813725772557 
0.022862511744440966 0.1581732569190453 
0.027560288130284997 0.15816556895566217 
0.032571249608518635 0.1581439930584266 
0.0836204196680238 0.1580658277465111 
0.08080175383651739 0.15808005352734908 
0.021609771374882555 0.15819799818302263 
0.02192295646727216 0.1581894565561732 
0.022549326652051362 0.1581812146355292 

0.007203257124960852 0.5265943659883296 
0.12934544315690574 0.21068224913867192 
0.0692139054181021 0.2106916048323763 
0.012214218603194488 0.3686389424876885 
0.01252740369558409 0.21079763602769 
0.01096147823363608 0.5265129479281483 
0.011274663326025681 0.3686725417350653 
0.03476354525524585 0.21071736688750362 
0.0967741935483871 0.21068686461423286 
0.03351080488568744 0.21075367911758783 
0.014719699342311305 0.21076737061417722 
0.009082367679298466 0.5265715190836868 
0.013466958972752897 0.2107745586498864 
0.010021922956467273 0.5265504640931338 

0.009708737864077669 0.7107900055766023 
0.15627936110241153 0.2895739135443367 
0.010648293141246476 0.5528909152434985 
0.01096147823363608 0.42130770116903254 
0.15502662073285312 0.28957768695378844 
0.11963670529282806 0.2895815523976168 
0.012214218603194488 0.4212981553741501 
0.09113686188537426 0.2895855132845025 
0.013153773880363295 0.3423307317916081 
0.06357657375508925 0.2895980053123734 
0.08769182586908864 0.2895895731935607 
0.013780144065142498 0.28971431039944734 
0.015659254619480114 0.28965338042099525 
0.03476354525524585 0.2896476060112726 
0.0554337613529596 0.2896261123750829 
0.03789539617914187 0.28963655214123235 
0.06201064829314125 0.2896114967024741 
0.014719699342311305 0.28969200270241846 

0.009395552771688067 0.55290257668441 
0.16285624804259316 0.2106492814560955 
0.011901033510804886 0.5264961643806548 
0.014719699342311305 0.3686551421248164 
0.015659254619480114 0.21082327755858288 
0.014406514249921704 0.3686912797768717 
0.052301910429063576 0.2107408301746351 
0.07579079235828375 0.21073469772458933 
0.14563106796116504 0.2106733732241322 
0.12308174130911369 0.21068224913867192 
0.10115878484184153 0.21072297392303138 
0.08455997494519261 0.21072874833275404 
0.03632947071719386 0.21074715426374466 
0.010335108048856874 0.5528797297797672 
0.01096147823363608 0.5265607810385048 
0.11368618853742563 0.2107066266504365 
0.15721891637958033 0.21066088119626125 
0.023175696836830566 0.21076041445058744 
0.034137175070466645 0.21075367911758783 
0.11650485436893204 0.21068686461423286 
0.017225180081428124 0.21076737061417722 
0.01691199498903852 0.21080587794833403 
0.015972439711869714 0.21081441957518343 

0.007516442217350454 0.5002983237523306 
0.15878484184152836 0.2106916048323763 
0.01096147823363608 0.44761591186511296 
0.011587848418415283 0.3423830690807913 
0.05950516755402443 0.2895980053123734 
0.07610397745067335 0.21074715426374466 
0.12683996241778892 0.2106964749195099 
0.010335108048856874 0.5002633083876065 
0.012214218603194488 0.28974790964682406 
0.09395552771688068 0.2107119200529911 
0.12214218603194488 0.21070148028684166 
0.03445036016285625 0.28963125873867773 
0.057626056999686814 0.2896261123750829 
0.01534606952709051 0.28968504653882865 
0.03288443470090824 0.28967831120582904 
0.07923582837456937 0.21072297392303138 
0.09301597243971187 0.21071736688750362 
0.007829627309740057 0.5002861552922493 
0.034137175070466645 0.28967178635198587 
0.07735671782023176 0.2107408301746351 
0.07798308800501096 0.21072874833275404 
0.014093329157532102 0.2897222681159312 
0.013153773880363295 0.28973051003657524 

0.009395552771688067 0.5791668854852946 
0.09865330410272471 0.21065692030937555 
0.0413404321954275 0.21068224913867192 
0.09646100845599749 0.21067775354559343 
0.011274663326025681 0.3686389424876885 
0.01252740369558409 0.36859009435111756 
0.010335108048856874 0.5265129479281483 
0.013153773880363295 0.210781990347823 
0.014093329157532102 0.21076737061417722 
0.03351080488568744 0.21073469772458933 
0.03977450673347949 0.21070148028684166 
0.035076730347635456 0.21072297392303138 
0.0967741935483871 0.2106691037968854 
0.03476354525524585 0.21072874833275404 

0.008769182586908864 0.6581874891583823 
0.21484497337926714 0.1579566779866294 
0.01252740369558409 0.2108841761944533 
0.009708737864077669 0.6581237580278202 
0.011901033510804886 0.34242522967485534 
0.010021922956467273 0.5265943659883296 
0.011274663326025681 0.3687222549072044 
0.01096147823363608 0.5002422533970534 
0.17632320701534607 0.1579588326312403 
0.11713122455371125 0.15800876829589794 
0.08894456623864704 0.15801198053163612 
0.14563106796116504 0.15799659561310062 
0.11869715001565925 0.15799954166133096 
0.01691199498903852 0.1582255942082285 
0.016285624804259317 0.2108622526855399 
0.05198872533667397 0.15803663347338642 
0.07359849671155654 0.15802206030584925 
0.026933917945505793 0.15810655253087055 
0.04603820858127153 0.1580954986608303 
0.14907610397745066 0.15797759071373302 
0.1672408393360476 0.15797508660077866 
0.07453805198872533 0.15801526495244725 
0.010648293141246476 0.5002983237523306 
0.16849357970560602 0.15796785774640182 
0.17444409646100845 0.15796326162293964 
0.02067021609771375 0.1581439930584266 
0.025367992483557783 0.15813073287158386 
0.015659254619480114 0.21087299073072197 
0.049796429689946756 0.15808505889468086 
0.04729094895082994 0.1580902052582757 
0.01973066082054494 0.1581812146355292 
0.01816473535859693 0.1581894565561732 
0.05167554024428437 0.15805695183197138 
0.11744440964610084 0.15800255106543706 
0.05042279987472596 0.15806133215343263 
0.14688380833072345 0.15799088574642758 
0.14782336360789228 0.15798811820900938 
0.05010961478233636 0.1580658277465111 

0.009395552771688067 0.5265715190836868 
0.09646100845599749 0.28960238563383467 
0.011901033510804886 0.3686551421248164 
0.010648293141246476 0.5002861552922493 
0.06107109301597244 0.28965932981283055 
0.08236767929846539 0.2896261123750829 
0.013780144065142498 0.2897868847737811 
0.013153773880363295 0.342414044211124 
0.03194487942373943 0.28969200270241846 
0.049796429689946756 0.28968504653882865 
0.09270278734732226 0.2896211070077511 
0.01252740369558409 0.3424368911157668 
0.010335108048856874 0.5265504640931338 
0.02223614155966176 0.28976664768863053 
0.014719699342311305 0.2897765678284101 
0.05668650172251801 0.28967831120582904 
0.028813028499843407 0.2897222681159312 
0.058565612276855625 0.2896654622628763 
0.09458189790165988 0.2896162369206175 
0.030065768869401818 0.2897066224360642 
0.031631694331349824 0.2896991907381276 
0.010021922956467273 0.5265607810385048 

0.007829627309740057 0.7107900055766023 
0.12809270278734733 0.1580902052582757 
0.06295020357031006 0.15815813725772557 
0.11807077983088005 0.1581182763324285 
0.008769182586908864 0.5266762805000976 
0.036642655809583466 0.1581732569190453 
0.061697463200751645 0.15816556895566217 
0.009708737864077669 0.4739901130562503 
0.010335108048856874 0.3687572702719286 
0.01096147823363608 0.3160748583847109 
0.011587848418415283 0.21087299073072197 
0.03131850923896023 0.15820685616642205 
0.015032884434700909 0.15821604841334608 
0.012214218603194488 0.1582458312933791 
0.009082367679298466 0.5266464356779803 
0.12308174130911369 0.1581123269405932 
0.032571249608518635 0.1581894565561732 
0.1252740369558409 0.1580954986608303 
0.03538991544002505 0.1581812146355292 
0.013153773880363295 0.1582255942082285 

