0.17391304347826086 0.062068965517241545 
0.21739130434782608 0.03448275862068991 

0.15217391304347827 0.062068965517241545 
0.1956521739130435 0.03448275862068991 

0.06521739130434782 0.062068965517241545 

0.06521739130434782 0.062068965517241545 
0.021739130434782608 0.10344827586206899 

0.2608695652173913 0.10344827586206899 
0.30434782608695654 0.062068965517241545 

0.5217391304347826 0.10344827586206899 

0.17391304347826086 0.10344827586206899 

0.043478260869565216 0.10344827586206899 
0.08695652173913043 0.062068965517241545 

0.34782608695652173 0.10344827586206899 

0.2826086956521739 0.10344827586206899 
0.32608695652173914 0.062068965517241545 

