140.0 6.125
152.0 4.125
156.0 4.111111111111111
144.0 6.111111111111111
156.0 4.111111111111111
140.0 6.125
144.0 6.111111111111111
152.0 4.125
140.0 6.125
148.0 6.1
144.0 6.111111111111111
162.0 4.1
152.0 4.111111111111111
140.0 6.125
144.0 6.111111111111111
152.0 4.125
154.0 4.111111111111111
160.0 4.1
148.0 6.1
140.0 6.125
144.0 6.111111111111111
148.0 6.1
174.0 4.076923076923077
166.0 4.090909090909091
170.0 4.083333333333333
149.0 4.1
140.0 6.125
144.0 6.111111111111111
146.0 4.111111111111111
155.0 4.090909090909091
151.0 4.1
162.0 4.1
140.0 6.125
142.0 4.125
146.0 4.111111111111111
140.0 6.125
143.0 4.111111111111111
158.0 4.1
140.0 6.125
152.0 4.125
156.0 4.111111111111111
162.0 4.1
148.0 6.1
144.0 6.111111111111111
156.0 4.111111111111111
152.0 4.125
140.0 6.125
144.0 6.111111111111111
140.0 6.125
154.0 4.1
146.0 4.111111111111111
142.0 4.125
140.0 6.125
144.0 6.111111111111111
148.0 4.111111111111111
152.0 4.125
168.0 4.083333333333333
164.0 4.090909090909091
140.0 6.125
158.0 4.1
144.0 6.111111111111111
154.0 4.111111111111111
152.0 4.125
158.0 4.1
140.0 6.125
144.0 6.111111111111111
156.0 4.111111111111111
146.0 6.1
140.0 6.125
144.0 6.111111111111111
174.0 4.076923076923077
146.0 6.1
166.0 4.090909090909091
170.0 4.083333333333333
149.0 4.1
140.0 6.125
144.0 6.111111111111111
148.0 4.111111111111111
143.0 4.142857142857143
147.0 4.111111111111111
140.0 6.142857142857143
140.0 6.125
152.0 4.125
146.0 6.111111111111111
168.0 4.1
160.0 4.111111111111111
