0.0 0.9800613496932514 
0.5 0.016359918200408937 
0.3333333333333333 0.023006134969325277 
0.3333333333333333 0.023006134969325277 
0.4444444444444444 0.016359918200408937 
0.3333333333333333 0.0315512708150748 
0.4444444444444444 0.016359918200408937 
0.3333333333333333 0.023006134969325277 
0.5 0.016359918200408937 
0.3333333333333333 0.0315512708150748 
0.5 0.016359918200408937 
0.4444444444444444 0.023006134969325277 
0.0 0.9800613496932514 
0.3333333333333333 0.0315512708150748 
0.0 0.9800613496932514 
0.4444444444444444 0.016359918200408937 
0.16666666666666666 0.973415132924335 
0.3333333333333333 0.023006134969325277 
0.05555555555555555 0.9886064855390009 
0.5555555555555556 0.016359918200408937 
0.3333333333333333 0.023006134969325277 
0.16666666666666666 0.9800613496932514 
0.3333333333333333 0.023006134969325277 
0.4444444444444444 0.016359918200408937 
0.0 0.9800613496932514 
0.4444444444444444 0.023006134969325277 
0.1111111111111111 0.973415132924335 
0.3333333333333333 0.0315512708150748 
0.3333333333333333 0.0315512708150748 
0.4444444444444444 0.023006134969325277 
0.05555555555555555 0.9886064855390009 
0.4444444444444444 0.016359918200408937 
0.16666666666666666 0.9800613496932514 
0.3888888888888889 0.0315512708150748 
0.0 0.9886064855390009 
0.4444444444444444 0.023006134969325277 
0.16666666666666666 0.9800613496932514 
0.3333333333333333 0.0315512708150748 
0.05555555555555555 0.9886064855390009 
0.5 0.016359918200408937 
0.16666666666666666 0.9800613496932514 
0.3333333333333333 0.0315512708150748 
0.3888888888888889 0.023006134969325277 
0.6666666666666666 0.016359918200408937 
0.0 0.9800613496932514 
0.1111111111111111 0.973415132924335 
0.3333333333333333 0.0315512708150748 
0.3888888888888889 0.023006134969325277 
0.0 0.9800613496932514 
0.6111111111111112 0.016359918200408937 
0.3888888888888889 0.0315512708150748 
0.4444444444444444 0.023006134969325277 
0.0 0.9800613496932514 
0.4444444444444444 0.016359918200408937 
0.2222222222222222 0.973415132924335 
0.3888888888888889 0.023006134969325277 
0.5555555555555556 0.016359918200408937 
0.0 0.9800613496932514 
0.3333333333333333 0.023006134969325277 
0.3333333333333333 0.023006134969325277 
0.4444444444444444 0.016359918200408937 
0.0 0.9886064855390009 
0.4444444444444444 0.023006134969325277 
0.1111111111111111 0.9800613496932514 
0.3333333333333333 0.0315512708150748 
0.0 0.9800613496932514 
0.5555555555555556 0.016359918200408937 
0.3333333333333333 0.023006134969325277 
0.2222222222222222 0.9680981595092022 
0.1111111111111111 0.973415132924335 
0.0 0.9800613496932514 
0.6111111111111112 0.01104294478527603 
0.3333333333333333 0.023006134969325277 
0.2222222222222222 0.9680981595092022 
0.5 0.016359918200408937 
0.1111111111111111 0.973415132924335 
0.4444444444444444 0.016359918200408937 
0.0 0.9800613496932514 
0.1111111111111111 0.973415132924335 
0.3333333333333333 0.023006134969325277 
0.4444444444444444 0.023006134969325277 
0.0 0.9800613496932514 
0.1111111111111111 0.973415132924335 
0.3333333333333333 0.0315512708150748 
0.3333333333333333 0.023006134969325277 
0.5555555555555556 0.016359918200408937 
0.0 0.9800613496932514 
0.3333333333333333 0.016359918200408937 
0.1111111111111111 0.973415132924335 
0.4444444444444444 0.016359918200408937 
0.0 0.9800613496932514 
0.2222222222222222 0.9680981595092022 
0.3333333333333333 0.023006134969325277 
0.1111111111111111 0.973415132924335 
0.4444444444444444 0.016359918200408937 
0.05555555555555555 0.9800613496932514 
0.16666666666666666 0.973415132924335 
0.3888888888888889 0.023006134969325277 
0.0 0.9800613496932514 
0.75 0.9544259421560033 
0.4166666666666667 0.9680981595092022 
0.1111111111111111 0.973415132924335 
0.5833333333333334 0.9601226993865027 
0.4444444444444444 0.016359918200408937 
0.0 0.9800613496932514 
0.1111111111111111 0.973415132924335 
0.3333333333333333 0.023006134969325277 
0.0 0.9800613496932514 
0.4444444444444444 0.016359918200408937 
0.1111111111111111 0.973415132924335 
0.3333333333333333 0.023006134969325277 
0.3333333333333333 0.023006134969325277 
0.5555555555555556 0.016359918200408937 
0.05555555555555555 0.9886064855390009 
0.4444444444444444 0.023006134969325277 
0.2777777777777778 0.973415132924335 
0.16666666666666666 0.9800613496932514 
0.0 0.9886064855390009 
0.3888888888888889 0.016359918200408937 
0.05555555555555555 0.9800613496932514 
0.3333333333333333 0.023006134969325277 
0.3888888888888889 0.016359918200408937 
0.0 0.9800613496932514 
0.1111111111111111 0.973415132924335 
0.3333333333333333 0.023006134969325277 
0.3333333333333333 0.0315512708150748 
0.5555555555555556 0.01104294478527603 
0.5 0.016359918200408937 
0.5555555555555556 0.016359918200408937 
0.0 0.9800613496932514 
0.2222222222222222 0.9680981595092022 
0.3333333333333333 0.0315512708150748 
0.3888888888888889 0.023006134969325277 
0.1111111111111111 0.973415132924335 
0.3333333333333333 0.023006134969325277 
0.4444444444444444 0.016359918200408937 
0.3333333333333333 0.023006134969325277 
0.5555555555555556 0.016359918200408937 
0.5555555555555556 0.016359918200408937 
0.05555555555555555 0.9800613496932514 
0.3333333333333333 0.023006134969325277 
0.1111111111111111 0.973415132924335 
0.0 0.9800613496932514 
0.5555555555555556 0.016359918200408937 
0.2222222222222222 0.973415132924335 
0.3333333333333333 0.023006134969325277 
0.0 0.9800613496932514 
0.1111111111111111 0.973415132924335 
0.0 0.9800613496932514 
0.1111111111111111 0.973415132924335 
0.0 0.9800613496932514 
0.4444444444444444 0.016359918200408937 
0.2222222222222222 0.9680981595092022 
0.3333333333333333 0.023006134969325277 
0.1111111111111111 0.973415132924335 
0.3611111111111111 0.016359918200408937 
0.05555555555555555 0.9800613496932514 
0.25 0.023006134969325277 
0.1111111111111111 0.973415132924335 
0.3333333333333333 0.023006134969325277 
0.9444444444444444 0.0 
0.4444444444444444 0.016359918200408937 
0.7222222222222222 0.006692693809258317 
0.8333333333333334 0.0030674846625766755 
0.05555555555555555 0.9800613496932514 
0.25 0.01104294478527603 
0.16666666666666666 0.973415132924335 
0.3333333333333333 0.023006134969325277 
0.5555555555555556 0.016359918200408937 
0.0 0.9886064855390009 
0.7222222222222222 0.006692693809258317 
0.3333333333333333 0.023006134969325277 
0.2222222222222222 0.973415132924335 
0.5 0.016359918200408937 
0.1111111111111111 0.9800613496932514 
0.6111111111111112 0.01104294478527603 
0.3333333333333333 0.023006134969325277 
0.4444444444444444 0.016359918200408937 
0.0 0.9800613496932514 
0.3333333333333333 0.016359918200408937 
0.1111111111111111 0.973415132924335 
0.3333333333333333 0.023006134969325277 
0.4444444444444444 0.016359918200408937 
0.3333333333333333 0.0315512708150748 
0.05555555555555555 0.9800613496932514 
0.3333333333333333 0.016359918200408937 
0.16666666666666666 0.973415132924335 
0.16666666666666666 0.016359918200408937 
0.19444444444444445 0.016359918200408937 
0.4166666666666667 0.006692693809258317 
0.3055555555555556 0.01104294478527603 
0.3333333333333333 0.023006134969325277 
0.5555555555555556 0.016359918200408937 
0.3888888888888889 0.0315512708150748 
0.05555555555555555 0.9800613496932514 
0.16666666666666666 0.973415132924335 
0.5555555555555556 0.01104294478527603 
0.16666666666666666 0.016359918200408937 
0.0 0.9800613496932514 
0.4444444444444444 0.016359918200408937 
0.2222222222222222 0.973415132924335 
0.3333333333333333 0.023006134969325277 
0.05555555555555555 0.9800613496932514 
0.6111111111111112 0.01104294478527603 
0.3333333333333333 0.023006134969325277 
0.1111111111111111 0.973415132924335 
0.5 0.016359918200408937 
0.0 0.9800613496932514 
0.4444444444444444 0.016359918200408937 
0.2222222222222222 0.9680981595092022 
0.3333333333333333 0.023006134969325277 
0.1111111111111111 0.973415132924335 
0.0 0.9886064855390009 
0.3333333333333333 0.016359918200408937 
0.2222222222222222 0.973415132924335 
0.1111111111111111 0.9800613496932514 
0.0 0.9800613496932514 
0.2777777777777778 0.016359918200408937 
0.2222222222222222 0.973415132924335 
0.05555555555555555 0.023006134969325277 
0.16666666666666666 0.016359918200408937 
0.0 0.9800613496932514 
0.4444444444444444 0.016359918200408937 
0.2222222222222222 0.9680981595092022 
0.3333333333333333 0.023006134969325277 
0.1111111111111111 0.973415132924335 
0.3333333333333333 0.023006134969325277 
0.4444444444444444 0.016359918200408937 
0.0 0.9886064855390009 
0.2222222222222222 0.016359918200408937 
0.16666666666666666 0.973415132924335 
0.05555555555555555 0.9800613496932514 
0.0 0.9800613496932514 
0.4444444444444444 0.016359918200408937 
0.16666666666666666 0.9680981595092022 
0.3333333333333333 0.023006134969325277 
0.0 0.9800613496932514 
0.3333333333333333 0.016359918200408937 
0.2222222222222222 0.9680981595092022 
0.1111111111111111 0.973415132924335 
0.0 0.9800613496932514 
0.08333333333333333 0.016359918200408937 
0.0 0.9800613496932514 
0.4444444444444444 0.016359918200408937 
0.2222222222222222 0.973415132924335 
0.3333333333333333 0.023006134969325277 
0.0 0.9800613496932514 
0.08333333333333333 0.016359918200408937 
0.4444444444444444 0.016359918200408937 
0.0 0.9800613496932514 
0.1111111111111111 0.973415132924335 
0.3333333333333333 0.023006134969325277 
0.3333333333333333 0.023006134969325277 
0.5555555555555556 0.016359918200408937 
0.4444444444444444 0.016359918200408937 
0.0 0.9800613496932514 
0.2222222222222222 0.9680981595092022 
0.3333333333333333 0.023006134969325277 
0.1111111111111111 0.973415132924335 
0.4444444444444444 0.016359918200408937 
0.0 0.9800613496932514 
0.25 0.9680981595092022 
0.3333333333333333 0.023006134969325277 
0.1388888888888889 0.973415132924335 
0.0 0.9800613496932514 
0.08333333333333333 0.016359918200408937 
0.0 0.9800613496932514 
0.4444444444444444 0.016359918200408937 
0.3333333333333333 0.023006134969325277 
0.0 0.9800613496932514 
0.5 0.01104294478527603 
0.2222222222222222 0.973415132924335 
0.3333333333333333 0.023006134969325277 
0.0 0.9800613496932514 
0.3333333333333333 0.023006134969325277 
0.0 0.9800613496932514 
0.4444444444444444 0.016359918200408937 
0.3333333333333333 0.023006134969325277 
0.5 0.016359918200408937 
0.0 0.9800613496932514 
0.3333333333333333 0.023006134969325277 
0.3333333333333333 0.023006134969325277 
0.4444444444444444 0.016359918200408937 
0.0 0.9886064855390009 
0.4444444444444444 0.023006134969325277 
0.3333333333333333 0.0315512708150748 
0.05555555555555555 0.9800613496932514 
0.0 0.9800613496932514 
0.6111111111111112 0.01104294478527603 
0.3333333333333333 0.023006134969325277 
0.2222222222222222 0.9680981595092022 
0.1111111111111111 0.973415132924335 
0.0 0.9886064855390009 
0.5555555555555556 0.023006134969325277 
0.3333333333333333 0.0315512708150748 
0.1111111111111111 0.9800613496932514 
0.0 0.9800613496932514 
0.4444444444444444 0.016359918200408937 
0.2222222222222222 0.973415132924335 
0.3333333333333333 0.023006134969325277 
0.0 0.9886064855390009 
0.4444444444444444 0.023006134969325277 
0.1111111111111111 0.9800613496932514 
0.3333333333333333 0.0315512708150748 
0.0 0.9886064855390009 
0.5555555555555556 0.016359918200408937 
0.3333333333333333 0.023006134969325277 
0.1111111111111111 0.9800613496932514 
0.0 0.9886064855390009 
0.4444444444444444 0.016359918200408937 
0.1111111111111111 0.9800613496932514 
0.3333333333333333 0.023006134969325277 
0.4444444444444444 0.016359918200408937 
0.0 0.9800613496932514 
0.1111111111111111 0.973415132924335 
0.3333333333333333 0.023006134969325277 
0.4444444444444444 0.016359918200408937 
0.0 0.9800613496932514 
0.16666666666666666 0.973415132924335 
0.3333333333333333 0.023006134969325277 
0.5555555555555556 0.016359918200408937 
0.0 0.9800613496932514 
0.3333333333333333 0.0315512708150748 
0.4444444444444444 0.023006134969325277 
0.5 0.016359918200408937 
0.05555555555555555 0.9886064855390009 
0.2222222222222222 0.9800613496932514 
0.3333333333333333 0.023006134969325277 
0.0 0.9886064855390009 
0.5 0.016359918200408937 
0.3333333333333333 0.023006134969325277 
0.1111111111111111 0.9800613496932514 
0.4722222222222222 0.016359918200408937 
0.0 0.9800613496932514 
0.3333333333333333 0.023006134969325277 
0.1111111111111111 0.973415132924335 
0.0 0.9886064855390009 
0.4444444444444444 0.016359918200408937 
0.2777777777777778 0.973415132924335 
0.3333333333333333 0.023006134969325277 
0.1111111111111111 0.9800613496932514 
0.0 0.9886064855390009 
0.5555555555555556 0.016359918200408937 
0.3333333333333333 0.023006134969325277 
0.1111111111111111 0.9800613496932514 
0.0 0.9800613496932514 
0.5 0.016359918200408937 
0.3333333333333333 0.023006134969325277 
0.1111111111111111 0.973415132924335 
0.3333333333333333 0.0315512708150748 
0.5 0.016359918200408937 
0.3888888888888889 0.023006134969325277 
0.0 0.9800613496932514 
0.3888888888888889 0.01104294478527603 
0.1111111111111111 0.973415132924335 
0.2777777777777778 0.016359918200408937 
0.3333333333333333 0.023006134969325277 
0.4444444444444444 0.016359918200408937 
0.0 0.9800613496932514 
0.16666666666666666 0.016359918200408937 
0.05555555555555555 0.023006134969325277 
0.3333333333333333 0.023006134969325277 
0.4444444444444444 0.016359918200408937 
0.0 0.9886064855390009 
0.5 0.016359918200408937 
0.2777777777777778 0.9680981595092022 
0.3888888888888889 0.023006134969325277 
0.05555555555555555 0.9800613496932514 
0.16666666666666666 0.973415132924335 
0.6111111111111112 0.01104294478527603 
0.0 0.9800613496932514 
0.3333333333333333 0.0315512708150748 
0.2222222222222222 0.9680981595092022 
0.5 0.016359918200408937 
0.1111111111111111 0.973415132924335 
0.0 0.9886064855390009 
0.4444444444444444 0.016359918200408937 
0.1111111111111111 0.973415132924335 
0.3333333333333333 0.023006134969325277 
0.3611111111111111 0.016359918200408937 
0.05555555555555555 0.9800613496932514 
0.25 0.023006134969325277 
0.1111111111111111 0.973415132924335 
0.05555555555555555 0.9886064855390009 
0.4444444444444444 0.016359918200408937 
0.2222222222222222 0.973415132924335 
0.3333333333333333 0.023006134969325277 
0.1111111111111111 0.9800613496932514 
0.0 0.9800613496932514 
0.5555555555555556 0.016359918200408937 
0.3333333333333333 0.023006134969325277 
0.2222222222222222 0.9680981595092022 
0.1111111111111111 0.973415132924335 
0.0 0.9800613496932514 
0.4444444444444444 0.016359918200408937 
0.1111111111111111 0.973415132924335 
0.3333333333333333 0.023006134969325277 
0.0 0.9800613496932514 
0.3611111111111111 0.016359918200408937 
0.1111111111111111 0.973415132924335 
0.25 0.023006134969325277 
0.4444444444444444 0.016359918200408937 
0.05555555555555555 0.9800613496932514 
0.2222222222222222 0.9680981595092022 
0.3333333333333333 0.023006134969325277 
0.1111111111111111 0.973415132924335 
0.0 0.9800613496932514 
0.4444444444444444 0.016359918200408937 
0.2222222222222222 0.9680981595092022 
0.3333333333333333 0.023006134969325277 
0.1111111111111111 0.973415132924335 
0.5 0.016359918200408937 
0.0 0.9800613496932514 
0.3333333333333333 0.023006134969325277 
0.1111111111111111 0.973415132924335 
0.2222222222222222 0.016359918200408937 
0.4444444444444444 0.016359918200408937 
0.0 0.9800613496932514 
0.16666666666666666 0.973415132924335 
0.3333333333333333 0.023006134969325277 
0.0 0.9800613496932514 
0.5 0.016359918200408937 
0.3333333333333333 0.023006134969325277 
0.1111111111111111 0.973415132924335 
0.0 0.9800613496932514 
0.4444444444444444 0.016359918200408937 
0.1111111111111111 0.973415132924335 
0.3333333333333333 0.023006134969325277 
0.05555555555555555 0.9886064855390009 
0.5833333333333334 0.023006134969325277 
0.5 0.5214723926380369 
0.2777777777777778 0.973415132924335 
0.16666666666666666 0.9800613496932514 
0.3333333333333333 0.023006134969325277 
0.4444444444444444 0.016359918200408937 
0.3888888888888889 0.023006134969325277 
0.7777777777777778 0.0030674846625766755 
0.6111111111111112 0.016359918200408937 
0.6666666666666666 0.006692693809258317 
0.0 0.9800613496932514 
0.2222222222222222 0.973415132924335 
0.6666666666666666 0.01104294478527603 
0.05555555555555555 0.9800613496932514 
0.16666666666666666 0.973415132924335 
0.3333333333333333 0.0315512708150748 
0.4444444444444444 0.016359918200408937 
0.5 0.01104294478527603 
0.3333333333333333 0.023006134969325277 
0.5 0.016359918200408937 
0.0 0.9800613496932514 
0.1111111111111111 0.973415132924335 
0.3888888888888889 0.0315512708150748 
0.4444444444444444 0.023006134969325277 
0.05555555555555555 0.9886064855390009 
0.5 0.016359918200408937 
0.1111111111111111 0.9800613496932514 
0.3333333333333333 0.0315512708150748 
0.3888888888888889 0.023006134969325277 
0.3333333333333333 0.023006134969325277 
0.4444444444444444 0.016359918200408937 
0.3888888888888889 0.016359918200408937 
0.0 0.9800613496932514 
0.1111111111111111 0.973415132924335 
0.3333333333333333 0.023006134969325277 
0.5 0.016359918200408937 
0.3333333333333333 0.023006134969325277 
0.3888888888888889 0.023006134969325277 
0.5 0.01104294478527603 
0.3333333333333333 0.5374233128834357 
0.4444444444444444 0.023006134969325277 
0.3888888888888889 0.0315512708150748 
0.1388888888888889 0.9800613496932514 
0.3333333333333333 0.023006134969325277 
0.0 0.9800613496932514 
0.5 0.016359918200408937 
0.3333333333333333 0.023006134969325277 
0.1111111111111111 0.973415132924335 
0.05555555555555555 0.9800613496932514 
0.4444444444444444 0.016359918200408937 
0.3333333333333333 0.023006134969325277 
0.16666666666666666 0.9680981595092022 
0.1111111111111111 0.973415132924335 
0.3333333333333333 0.023006134969325277 
0.4444444444444444 0.016359918200408937 
0.4444444444444444 0.023006134969325277 
0.0 0.9886064855390009 
0.2222222222222222 0.973415132924335 
0.3333333333333333 0.0315512708150748 
0.1111111111111111 0.9800613496932514 
0.3333333333333333 0.023006134969325277 
0.5555555555555556 0.016359918200408937 
0.3888888888888889 0.023006134969325277 
0.5 0.016359918200408937 
0.0 0.9800613496932514 
0.1111111111111111 0.973415132924335 
0.3333333333333333 0.023006134969325277 
0.4444444444444444 0.016359918200408937 
0.05555555555555555 0.9800613496932514 
0.4444444444444444 0.016359918200408937 
0.16666666666666666 0.973415132924335 
0.3333333333333333 0.023006134969325277 
0.0 0.9886064855390009 
0.6111111111111112 0.016359918200408937 
0.3333333333333333 0.973415132924335 
0.3888888888888889 0.0315512708150748 
0.1111111111111111 0.9800613496932514 
0.5 0.023006134969325277 
0.3333333333333333 0.023006134969325277 
0.4444444444444444 0.016359918200408937 
0.9444444444444444 0.0 
0.05555555555555555 0.9800613496932514 
0.3888888888888889 0.016359918200408937 
0.16666666666666666 0.9680981595092022 
0.5 0.01104294478527603 
0.7222222222222222 0.006692693809258317 
0.8333333333333334 0.0030674846625766755 
0.1111111111111111 0.973415132924335 
0.3333333333333333 0.023006134969325277 
0.4444444444444444 0.016359918200408937 
0.25 0.01104294478527603 
0.3333333333333333 0.023006134969325277 
0.4444444444444444 0.016359918200408937 
0.0 0.9800613496932514 
1.0 0.0030674846625766755 
0.2222222222222222 0.9680981595092022 
0.3333333333333333 0.023006134969325277 
0.4444444444444444 0.016359918200408937 
0.7222222222222222 0.01104294478527603 
0.8333333333333334 0.006692693809258317 
0.1111111111111111 0.973415132924335 
0.0 0.9800613496932514 
0.4444444444444444 0.016359918200408937 
0.1111111111111111 0.973415132924335 
0.3333333333333333 0.023006134969325277 
0.05555555555555555 0.9800613496932514 
0.2222222222222222 0.016359918200408937 
0.16666666666666666 0.973415132924335 
0.4444444444444444 0.016359918200408937 
0.0 0.9800613496932514 
0.2777777777777778 0.9680981595092022 
0.3888888888888889 0.023006134969325277 
0.16666666666666666 0.973415132924335 
0.3333333333333333 0.023006134969325277 
0.5555555555555556 0.016359918200408937 
0.0 0.9800613496932514 
0.1111111111111111 0.973415132924335 
0.5555555555555556 0.016359918200408937 
0.05555555555555555 0.9800613496932514 
0.3333333333333333 0.023006134969325277 
0.2222222222222222 0.9680981595092022 
0.1111111111111111 0.973415132924335 
0.3333333333333333 0.023006134969325277 
0.4444444444444444 0.016359918200408937 
0.5 0.023006134969325277 
0.0 0.9800613496932514 
0.5555555555555556 0.016359918200408937 
0.3333333333333333 0.023006134969325277 
0.1111111111111111 0.973415132924335 
0.3055555555555556 0.016359918200408937 
0.3333333333333333 0.023006134969325277 
0.4444444444444444 0.016359918200408937 
0.3333333333333333 0.023006134969325277 
0.4444444444444444 0.016359918200408937 
0.08333333333333333 0.0315512708150748 
0.19444444444444445 0.016359918200408937 
0.5 0.016359918200408937 
0.3333333333333333 0.023006134969325277 
0.0 0.9886064855390009 
0.5 0.023006134969325277 
0.2222222222222222 0.9680981595092022 
0.3888888888888889 0.0315512708150748 
0.1111111111111111 0.973415132924335 
0.05555555555555555 0.9886064855390009 
0.3333333333333333 0.973415132924335 
0.1111111111111111 0.9800613496932514 
0.3333333333333333 0.023006134969325277 
0.0 0.9886064855390009 
0.6666666666666666 0.016359918200408937 
0.2222222222222222 0.9800613496932514 
0.3333333333333333 0.0315512708150748 
0.4444444444444444 0.023006134969325277 
0.05555555555555555 0.9886064855390009 
0.4444444444444444 0.023006134969325277 
0.3333333333333333 0.04294478527607388 
0.3888888888888889 0.0315512708150748 
0.3333333333333333 0.023006134969325277 
0.0 1.0 
0.4444444444444444 0.023006134969325277 
0.3333333333333333 0.0315512708150748 
0.1111111111111111 0.9800613496932514 
0.08333333333333333 0.9886064855390009 
0.0 0.9886064855390009 
0.4444444444444444 0.023006134969325277 
0.2222222222222222 0.9800613496932514 
0.3333333333333333 0.0315512708150748 
0.3333333333333333 0.0315512708150748 
0.4444444444444444 0.023006134969325277 
0.0 0.9800613496932514 
0.3333333333333333 0.023006134969325277 
0.16666666666666666 0.973415132924335 
0.0 0.9886064855390009 
0.7777777777777778 0.01104294478527603 
0.3333333333333333 0.0315512708150748 
0.5555555555555556 0.023006134969325277 
0.6111111111111112 0.016359918200408937 
0.3333333333333333 0.023006134969325277 
0.5555555555555556 0.016359918200408937 
0.3333333333333333 0.0315512708150748 
0.4444444444444444 0.023006134969325277 
0.05555555555555555 1.0 
0.7777777777777778 0.016359918200408937 
0.3333333333333333 0.023006134969325277 
0.16666666666666666 0.9886064855390009 
0.3333333333333333 0.023006134969325277 
0.5555555555555556 0.016359918200408937 
0.3333333333333333 0.0315512708150748 
0.4444444444444444 0.023006134969325277 
