1454.0 465.04 
1879.0 97.01369863013699 
1476.0 111.02439024390245 
1459.0 464.03846153846155 
1553.0 97.02 
1616.0 97.01960784313725 
1748.0 97.01639344262296 
1692.0 97.01666666666667 
1824.0 97.01388888888889 
1504.0 97.02083333333333 
1642.0 97.01694915254237 
1780.0 97.01449275362319 
1763.0 97.01515151515152 
1478.0 103.02272727272727 
1628.0 97.01754385964912 
1641.0 97.01724137931035 
1489.0 99.02083333333333 
1500.0 99.0204081632653 
1759.0 97.01538461538462 
1482.0 99.02173913043478 
1488.0 99.02127659574468 
1458.0 465.037037037037 
1621.0 97.01923076923077 
1623.0 97.01851851851852 
1501.0 99.02 
