1444.0 467.03846153846155 
1455.0 462.03333333333336 
1452.0 462.0344827586207 
1446.0 465.03846153846155 
1448.0 465.0357142857143 
1450.0 463.0357142857143 
1449.0 464.0344827586207 
1616.0 95.01515151515152 
1516.0 95.01851851851852 
1486.0 95.01886792452831 
1593.0 95.01694915254237 
1577.0 95.01724137931035 
2079.0 95.01315789473684 
1939.0 95.01351351351352 
1870.0 95.01369863013699 
1855.0 95.01492537313433 
1862.0 95.01428571428572 
1864.0 95.01408450704226 
1460.0 114.02439024390245 
1545.0 95.01754385964912 
1479.0 95.0204081632653 
1610.0 95.01612903225806 
1461.0 103.02272727272727 
1599.0 95.01639344262296 
1537.0 95.01818181818182 
1467.0 103.02173913043478 
1473.0 95.02083333333333 
1469.0 99.02173913043478 
1471.0 97.02083333333333 
1436.0 470.04 
1437.0 469.03846153846155 
