1454.0 465.04 
1879.0 97.01369863013699 
1476.0 111.02439024390245 
1459.0 464.03846153846155 
1553.0 97.02 
1616.0 97.01960784313725 
1748.0 97.01639344262296 
1692.0 97.01666666666667 
1824.0 97.01388888888889 
1504.0 97.02083333333333 
1642.0 97.01694915254237 
1780.0 97.01449275362319 
1763.0 97.01515151515152 
1478.0 103.02272727272727 
1628.0 97.01754385964912 
1641.0 97.01724137931035 
1489.0 99.02083333333333 
1500.0 99.0204081632653 
1759.0 97.01538461538462 
1482.0 99.02173913043478 
1488.0 99.02127659574468 
1458.0 465.037037037037 
1621.0 97.01923076923077 
1623.0 97.01851851851852 
1501.0 99.02 

1522.0 95.0204081632653 
1444.0 467.03846153846155 
1455.0 462.03333333333336 
1466.0 117.02439024390245 
1487.0 95.02083333333333 
1479.0 105.02325581395348 
1470.0 108.02325581395348 
1480.0 99.02127659574468 
1485.0 97.02083333333333 
1468.0 110.02380952380952 
1452.0 462.0344827586207 
1446.0 465.03846153846155 
1448.0 465.0357142857143 
1450.0 463.0357142857143 
1449.0 464.0344827586207 

1490.0 100.0204081632653 
1441.0 470.04 
1470.0 469.03125 
1476.0 116.02380952380952 
1444.0 469.03846153846155 
1469.0 469.0344827586207 
1481.0 101.02127659574468 
1484.0 101.02083333333333 
1487.0 100.02083333333333 
1477.0 109.02380952380952 
1479.0 103.02222222222223 

1468.0 108.01960784313725 
1577.0 95.01785714285714 
1520.0 95.01923076923077 
1573.0 95.01851851851852 
1473.0 97.01923076923077 
1472.0 102.02083333333333 
1469.0 103.01818181818182 
1489.0 95.0204081632653 
1483.0 95.02083333333333 
1576.0 95.01818181818182 

1444.0 472.04 
1616.0 95.01515151515152 
1464.0 465.0344827586207 
1475.0 111.02439024390245 
1570.0 95.01785714285714 
1516.0 95.01851851851852 
1486.0 95.01886792452831 
1593.0 95.01694915254237 
1577.0 95.01724137931035 
1451.0 465.037037037037 
1448.0 472.03846153846155 
1477.0 105.02272727272727 
1449.0 471.03846153846155 
1484.0 97.02 
1479.0 103.02272727272727 
1481.0 99.02173913043478 
1482.0 99.01960784313725 
1478.0 105.02083333333333 

1531.0 95.01960784313725 
1452.0 467.04 
1455.0 465.04 
1474.0 111.02439024390245 
1489.0 95.02 
1483.0 95.0204081632653 
1480.0 97.02083333333333 
1476.0 103.02272727272727 
1478.0 103.02222222222223 

1454.0 465.03125 
2079.0 95.01315789473684 
1463.0 464.02702702702703 
1476.0 103.02127659574468 
1649.0 95.01587301587301 
1820.0 95.015625 
1939.0 95.01351351351352 
1870.0 95.01369863013699 
1483.0 95.0204081632653 
1541.0 95.02 
1560.0 95.01785714285714 
1603.0 95.01754385964912 
1855.0 95.01492537313433 
1622.0 95.01724137931035 
1836.0 95.01515151515152 
1638.0 95.01694915254237 
1547.0 95.01818181818182 
1479.0 101.0204081632653 
1827.0 95.01538461538462 
1481.0 97.02127659574468 
1862.0 95.01428571428572 
1864.0 95.01408450704226 
1459.0 464.02777777777777 
1542.0 95.01960784313725 
1545.0 95.01923076923077 
1457.0 465.02941176470586 
1458.0 465.0285714285714 

1447.0 470.0416666666667 
1622.0 95.015625 
1459.0 465.03846153846155 
1460.0 114.02439024390245 
1545.0 95.01754385964912 
1586.0 95.01724137931035 
1479.0 95.0204081632653 
1507.0 95.01886792452831 
1532.0 95.01851851851852 
1610.0 95.01612903225806 
1461.0 103.02272727272727 
1599.0 95.01639344262296 
1594.0 95.01694915254237 
1537.0 95.01818181818182 
1467.0 103.02173913043478 
1473.0 95.02083333333333 
1452.0 469.04 
1456.0 465.04 
1469.0 99.02173913043478 
1471.0 97.02083333333333 

1455.0 470.0416666666667 
1526.0 95.02 
1467.0 470.037037037037 
1468.0 103.02272727272727 
1480.0 95.0204081632653 
1474.0 95.02083333333333 
1459.0 470.04 
1464.0 470.03846153846155 
1470.0 101.02222222222223 
1472.0 97.02173913043478 

1730.0 95.01785714285714 
1436.0 470.04 
1462.0 103.02325581395348 
1460.0 469.03333333333336 
1518.0 95.01923076923077 
1697.0 95.01851851851852 
1493.0 95.0204081632653 
1477.0 103.02083333333333 
1446.0 469.037037037037 
1484.0 95.02083333333333 
1437.0 469.03846153846155 
1479.0 97.01960784313725 

