1030.0 4.125 
1426.0 4.0588235294117645 
1052.0 4.090909090909091 
1219.0 4.083333333333333 
1223.0 4.076923076923077 
1352.0 4.071428571428571 
1031.0 4.111111111111111 
1040.0 4.1 
1387.0 4.0625 
1356.0 4.066666666666666 

1008.0 4.111111111111111 
1014.0 4.090909090909091 

985.0 4.111111111111111 
1225.0 4.05 
1014.0 4.090909090909091 
1118.0 4.0625 
1158.0 4.052631578947368 
1008.0 4.1 
1129.0 4.0588235294117645 
1150.0 4.055555555555555 

1046.0 4.111111111111111 
1324.0 4.05 
1090.0 4.090909090909091 
1167.0 4.076923076923077 
1229.0 4.0625 
1154.0 4.083333333333333 
1309.0 4.052631578947368 
1088.0 4.1 
1205.0 4.071428571428571 
1209.0 4.066666666666666 

1066.0 4.125 
1477.0 4.0476190476190474 
1087.0 4.1 
1271.0 4.071428571428571 
1081.0 4.111111111111111 
1395.0 4.052631578947368 
1459.0 4.05 
1324.0 4.0588235294117645 
1377.0 4.055555555555555 
1315.0 4.0625 

1024.0 4.111111111111111 
1475.0 4.045454545454546 
1283.0 4.083333333333333 
1309.0 4.0625 
1384.0 4.0588235294117645 
1294.0 4.066666666666666 
1456.0 4.052631578947368 
1394.0 4.055555555555555 
1471.0 4.0476190476190474 

1293.0 4.0588235294117645 
1065.0 4.111111111111111 
1145.0 4.066666666666666 
1291.0 4.0625 
1069.0 4.1 
1144.0 4.090909090909091 

928.0 4.1 

1017.0 4.111111111111111 

1041.0 4.125 
1341.0 4.0476190476190474 
1266.0 4.066666666666666 
1090.0 4.071428571428571 
1047.0 4.1 
1088.0 4.076923076923077 
1320.0 4.0588235294117645 
1333.0 4.055555555555555 
1337.0 4.052631578947368 

