0.09401709401709402 0.772881980386864 
0.23931623931623933 0.6766630753247804 
0.29914529914529914 0.03312807628732017 
0.1111111111111111 0.7697210962724272 
0.13675213675213677 0.7050518889929017 
0.2222222222222222 0.6798231863233766 
0.15384615384615385 0.7018924222575063 
0.4444444444444444 0.007886948541784728 
0.3418803418803419 0.026817744148608994 
0.41025641025641024 0.007887567034457236 
0.37606837606837606 0.017352518314871283 
0.358974358974359 0.020508322345433126 
0.08547008547008547 0.8107337319443589 
0.1282051282051282 0.7429036405503967 
0.24786324786324787 0.16719968772277538 
0.28205128205128205 0.15773226077368183 
0.4017094017094017 0.011043193961177564 
0.3333333333333333 0.029972890370532853 
0.19658119658119658 0.6955712798843136 
0.1794871794871795 0.7018836602779791 
0.5726495726495726 5.722628138195428E-7 
0.5384615384615384 1.1669673066031722E-6 
0.5213675213675214 0.0031567418270417457 
