856.0 99.01960784313725 
813.0 584.0714285714286 
826.0 533.047619047619 
828.0 200.03225806451613 
840.0 113.02380952380952 
838.0 184.03333333333333 
818.0 541.0588235294117 
822.0 535.0526315789474 
817.0 578.0588235294117 
832.0 200.03125 
844.0 113.02325581395348 
816.0 582.0625 
835.0 198.03030303030303 
853.0 99.02 
837.0 194.02857142857144 
846.0 107.02222222222223 
820.0 539.0526315789474 
848.0 105.02127659574468 
850.0 102.02127659574468 
851.0 101.02083333333333 
845.0 111.02272727272727 
