830.0 684.0666666666667 
904.0 101.01960784313725 
845.0 342.03333333333336 
841.0 650.0526315789474 
871.0 304.025 
880.0 202.03225806451613 
887.0 194.02777777777777 
888.0 116.02439024390245 
835.0 684.0625 
849.0 312.03225806451616 
836.0 654.0625 
840.0 654.0588235294117 
853.0 308.02941176470586 
857.0 308.0285714285714 
859.0 304.02702702702703 
900.0 101.02 
863.0 304.0263157894737 
867.0 304.02564102564105 
882.0 200.03030303030303 
885.0 196.02941176470588 
890.0 114.02325581395348 
892.0 110.02272727272727 
894.0 108.02173913043478 
896.0 104.02127659574468 
898.0 102.0204081632653 
