810.0 584.0666666666667 
827.0 523.0588235294117 
834.0 115.02380952380952 
812.0 582.0625 
815.0 541.0588235294117 
825.0 525.0625 
817.0 539.0555555555555 
851.0 99.01960784313725 
839.0 111.02272727272727 
847.0 99.02 
843.0 105.02127659574468 
841.0 107.02222222222223 
809.0 608.0666666666667 
814.0 565.0588235294117 
828.0 200.03225806451613 
832.0 194.02941176470588 
846.0 101.02083333333333 
838.0 113.02325581395348 
822.0 535.047619047619 
820.0 539.05 
866.0 94.01923076923077 
862.0 94.01960784313725 
860.0 96.0204081632653 
