1007.0 4.0625 
1651.0 4.018518518518518 
1440.0 4.019230769230769 
1607.0 4.018867924528302 
1037.0 4.055555555555555 
1038.0 4.045454545454546 
1223.0 4.0212765957446805 
1047.0 4.0285714285714285 
1046.0 4.037037037037037 
1338.0 4.019607843137255 
1148.0 4.021739130434782 
1020.0 4.0588235294117645 
1039.0 4.041666666666667 
1283.0 4.020833333333333 
1061.0 4.026315789473684 
1331.0 4.020408163265306 
1088.0 4.0256410256410255 
1132.0 4.023255813953488 
1111.0 4.024390243902439 
1121.0 4.023809523809524 
