985.0 4.111111111111111 
1796.0 4.020833333333333 
993.0 4.066666666666666 
1311.0 4.026315789473684 
1588.0 4.0256410256410255 
1611.0 4.025 
1720.0 4.023809523809524 
1040.0 4.035714285714286 
1160.0 4.03030303030303 
1255.0 4.029411764705882 
1092.0 4.032258064516129 
1787.0 4.0227272727272725 
1009.0 4.0588235294117645 
1025.0 4.041666666666667 
1732.0 4.023255813953488 
1010.0 4.052631578947368 
1011.0 4.0476190476190474 
1133.0 4.03125 
1001.0 4.0625 
1016.0 4.045454545454546 
1268.0 4.0285714285714285 
1298.0 4.027027027027027 
1789.0 4.021739130434782 
