932.0 4.111111111111111 
1787.0 4.023809523809524 
999.0 4.083333333333333 
1491.0 4.025 
1649.0 4.024390243902439 
1286.0 4.032258064516129 
1423.0 4.03125 
1004.0 4.071428571428571 
1216.0 4.037037037037037 
1055.0 4.0476190476190474 
1245.0 4.033333333333333 
1094.0 4.045454545454546 
1053.0 4.052631578947368 
1164.0 4.038461538461538 
1029.0 4.055555555555555 
1010.0 4.0588235294117645 
1129.0 4.041666666666667 
1008.0 4.066666666666666 
1134.0 4.04 
1009.0 4.0625 
1427.0 4.03030303030303 
1453.0 4.0285714285714285 
1470.0 4.0256410256410255 
1454.0 4.027777777777778 
1467.0 4.026315789473684 
