1663.0 4.021739130434782 
899.0 6.090909090909091 
981.0 6.052631578947368 
1009.0 4.0625 
1424.0 4.023809523809524 
1532.0 4.0227272727272725 
1600.0 4.022222222222222 
1170.0 4.0344827586206895 
1233.0 4.033333333333333 
1250.0 4.03030303030303 
1311.0 4.029411764705882 
1109.0 4.041666666666667 
1157.0 4.04 
1386.0 4.024390243902439 
901.0 6.076923076923077 
1045.0 4.052631578947368 
1052.0 4.045454545454546 
1014.0 4.055555555555555 
1083.0 4.043478260869565 
957.0 6.066666666666666 
930.0 6.071428571428571 
1332.0 4.027777777777778 
1351.0 4.027027027027027 
1367.0 4.026315789473684 
1328.0 4.0285714285714285 
968.0 6.055555555555555 
1245.0 4.03125 
1167.0 4.038461538461538 
