845.0 4.066666666666666 
1485.0 4.020408163265306 
1244.0 4.0212765957446805 
1453.0 4.020833333333333 
1044.0 4.0344827586206895 
949.0 4.035714285714286 
1136.0 4.023809523809524 
1228.0 4.0227272727272725 
928.0 4.043478260869565 
908.0 4.0476190476190474 
932.0 4.038461538461538 
872.0 4.0625 
1120.0 4.027027027027027 
873.0 4.0588235294117645 
897.0 4.052631578947368 
895.0 4.055555555555555 
1081.0 4.027777777777778 
1134.0 4.024390243902439 
1049.0 4.032258064516129 
947.0 4.037037037037037 
1055.0 4.03125 
1073.0 4.03030303030303 
1079.0 4.029411764705882 
1230.0 4.022222222222222 
1243.0 4.021739130434782 
