907.0 5.090909090909091 
1684.0 4.020408163265306 
912.0 5.076923076923077 
921.0 4.083333333333333 
1021.0 4.05 
924.0 4.076923076923077 
1590.0 4.020833333333333 
1421.0 4.022222222222222 
1500.0 4.021739130434782 
1108.0 4.03030303030303 
1180.0 4.029411764705882 
1239.0 4.0285714285714285 
1532.0 4.0212765957446805 
1329.0 4.0256410256410255 
1276.0 4.026315789473684 
1374.0 4.0227272727272725 
1058.0 4.037037037037037 
1088.0 4.0344827586206895 
1247.0 4.027777777777778 
1027.0 4.04 
1352.0 4.023255813953488 
1044.0 4.038461538461538 
1264.0 4.027027027027027 
1096.0 4.03125 
908.0 5.083333333333333 
1094.0 4.033333333333333 
