996.0 4.1 
1575.0 4.020408163265306 
1041.0 4.076923076923077 
1231.0 4.027027027027027 
1044.0 4.066666666666666 
1503.0 4.0212765957446805 
1338.0 4.025 
1407.0 4.024390243902439 
1126.0 4.043478260869565 
1222.0 4.0344827586206895 
1155.0 4.037037037037037 
1210.0 4.035714285714286 
1290.0 4.0256410256410255 
1068.0 4.055555555555555 
1080.0 4.05 
1423.0 4.023255813953488 
1467.0 4.0227272727272725 
1095.0 4.045454545454546 
1054.0 4.0588235294117645 
1151.0 4.038461538461538 
1053.0 4.0625 
1092.0 4.0476190476190474 
1483.0 4.021739130434782 
1468.0 4.022222222222222 
1420.0 4.023809523809524 
