1765.0 4.019607843137255 
989.0 4.111111111111111 
1122.0 4.066666666666666 
1013.0 4.090909090909091 
1452.0 4.0256410256410255 
1572.0 4.023809523809524 
1006.0 4.1 
1361.0 4.026315789473684 
1616.0 4.022222222222222 
1702.0 4.0212765957446805 
1252.0 4.03125 
1167.0 4.037037037037037 
1327.0 4.03030303030303 
1147.0 4.0476190476190474 
1134.0 4.055555555555555 
1133.0 4.0625 
1161.0 4.043478260869565 
1195.0 4.035714285714286 
1210.0 4.0344827586206895 
1716.0 4.020833333333333 
1746.0 4.020408163265306 
1234.0 4.033333333333333 
1586.0 4.023255813953488 
1153.0 4.045454545454546 
1608.0 4.0227272727272725 
1240.0 4.032258064516129 
1343.0 4.027777777777778 
1331.0 4.029411764705882 
1349.0 4.027027027027027 
1753.0 4.02 
