0.3963022508038585 0.2456202476859365 
0.25482315112540194 0.2474077009444554 
0.3360128617363344 0.24573358258457445 
0.26607717041800644 0.2468550015816239 
0.2877813504823151 0.2466896641653923 
0.32315112540192925 0.2461052156242944 
0.3062700964630225 0.24638318505237755 
0.31430868167202575 0.24624089117847783 
0.6720257234726688 0.0016596133100986715 
0.4397106109324759 0.004451978562010912 
0.6310289389067524 0.0023776500891618006 
0.5602893890675241 0.0025835576949225507 
0.4477491961414791 0.004127864738128177 
0.48633440514469456 0.0038261035917546565 
0.6647909967845659 0.0018249507263303016 
0.5160771704180064 0.003544459855139385 
0.5321543408360129 0.0032809866821767258 
0.5458199356913184 0.003033980582524219 
0.5530546623794212 0.0028019445495173056 
0.09244372990353698 0.2567421790722761 
0.25241157556270094 0.24885615444704826 
0.1760450160771704 0.2491579155934218 
0.15916398713826366 0.25106032282055923 
0.14308681672025725 0.2520749400083657 
0.16237942122186494 0.24983107507379346 
0.11414790996784566 0.25572122052704577 
0.11495176848874598 0.25482037475184244 
0.1342443729903537 0.2533031608146579 
0.13263665594855306 0.2540196229516617 
0.17443729903536978 0.24948202941730452 
