1566.0 3.0256410256410255 
876.0 5.076923076923077 
1264.0 4.037037037037037 
1277.0 3.037037037037037 
997.0 4.090909090909091 
991.0 5.05 
1515.0 3.0285714285714285 
1427.0 3.0294117647058822 
1205.0 4.038461538461538 
1060.0 4.0588235294117645 
1113.0 4.05 
928.0 5.0588235294117645 
978.0 5.055555555555555 
1123.0 4.0476190476190474 
1171.0 4.043478260869565 
1287.0 3.0357142857142856 
1335.0 3.0344827586206895 
1557.0 3.026315789473684 
1372.0 3.033333333333333 
1009.0 4.071428571428571 
890.0 5.066666666666666 
916.0 5.0625 
1180.0 4.04 
1033.0 4.066666666666666 
1392.0 3.032258064516129 
1409.0 3.03125 
1046.0 4.0625 
980.0 5.052631578947368 
881.0 5.071428571428571 
1418.0 3.0303030303030303 
1175.0 4.041666666666667 
