1223.0 4.0212765957446805 
1047.0 4.0285714285714285 
1148.0 4.021739130434782 
1061.0 4.026315789473684 
1088.0 4.0256410256410255 
1132.0 4.023255813953488 
1111.0 4.024390243902439 
1121.0 4.023809523809524 
1566.0 3.0256410256410255 
1277.0 3.037037037037037 
1515.0 3.0285714285714285 
1427.0 3.0294117647058822 
1287.0 3.0357142857142856 
1335.0 3.0344827586206895 
1557.0 3.026315789473684 
1372.0 3.033333333333333 
1392.0 3.032258064516129 
1409.0 3.03125 
1418.0 3.0303030303030303 
845.0 4.066666666666666 
1044.0 4.0344827586206895 
949.0 4.035714285714286 
928.0 4.043478260869565 
908.0 4.0476190476190474 
932.0 4.038461538461538 
872.0 4.0625 
873.0 4.0588235294117645 
897.0 4.052631578947368 
895.0 4.055555555555555 
947.0 4.037037037037037 
