0.21382636655948553 0.26490984743411916 
0.6792604501607717 0.24540745563135094 
0.25 0.259255307798997 
0.40273311897106107 0.24702927615548978 
0.25241157556270094 0.2567421790722761 
0.6213826366559485 0.2456202476859365 
0.4887459807073955 0.24653259361997232 
0.5442122186495176 0.24638318505237755 
0.3183279742765273 0.25106032282055923 
0.3954983922829582 0.24885615444704826 
0.34163987138263663 0.24948202941730452 
0.3858520900321543 0.2491579155934218 
0.45016077170418006 0.2466896641653923 
0.2717041800643087 0.2540196229516617 
0.28135048231511256 0.2526583448913545 
0.5570739549839229 0.2461052156242944 
0.592443729903537 0.24597570714075562 
0.2934083601286174 0.2515445719329215 
0.2604501607717042 0.25482037475184244 
0.3384244372990354 0.24983107507379346 
0.2596463022508039 0.25572122052704577 
0.2909967845659164 0.2520749400083657 
0.6053054662379421 0.24573358258457445 
0.5932475884244373 0.24585195458981862 
0.5546623794212219 0.24624089117847783 

0.16237942122186494 0.26763240355473356 
0.8496784565916399 0.24624089117847783 
0.2162379421221865 0.26082601325319765 
0.6117363344051447 0.24653259361997232 
0.7387459807073955 0.24638318505237755 
0.44694533762057875 0.24831103753747033 
0.5570739549839229 0.24806403143781783 
0.2202572347266881 0.2579089888382537 
0.39067524115755625 0.24948202941730452 
0.2612540192926045 0.2520749400083657 
0.4139871382636656 0.248574510710433 
0.29260450160771706 0.2515445719329215 
0.2596463022508039 0.2533031608146579 
0.34887459807073956 0.24983107507379346 
0.24035369774919615 0.2540196229516617 
0.22508038585209003 0.25482037475184244 
0.3207395498392283 0.2506164278008939 
0.22347266881028938 0.2567421790722761 
0.3247588424437299 0.25020804438280164 
0.22427652733118972 0.25572122052704577 
0.5602893890675241 0.2478319954048109 
0.5811897106109325 0.2474077009444554 
0.594855305466238 0.2466896641653923 
0.5819935691318328 0.24721323265012582 
0.592443729903537 0.2468550015816239 

0.1422829581993569 0.5077123523725465 
0.7668810289389068 0.24540745563135094 
0.14630225080385853 0.5042853586542907 
0.1535369774919614 0.26082601325319765 
0.23392282958199356 0.2526583448913545 
0.15594855305466238 0.259255307798997 
0.6913183279742765 0.24551163507474177 
0.5554662379421221 0.24585195458981862 
0.6189710610932476 0.24573358258457445 
0.30385852090032156 0.2478319954048109 
0.3617363344051447 0.24761360855021616 
0.4091639871382637 0.2474077009444554 
0.6446945337620579 0.2456202476859365 
0.4815112540192926 0.2466896641653923 
0.43890675241157556 0.2468550015816239 
0.5176848874598071 0.24597570714075562 
0.26366559485530544 0.24948202941730452 
0.2877813504823151 0.24885615444704826 
0.41559485530546625 0.24721323265012582 
0.2387459807073955 0.25020804438280164 
0.5 0.2461052156242944 
0.25241157556270094 0.24983107507379346 
0.4292604501607717 0.24702927615548978 
0.2942122186495177 0.24806403143781783 
0.14308681672025725 0.5058560641084913 
0.29260450160771706 0.248574510710433 

0.22266881028938906 0.25572122052704577 
0.7403536977491961 0.2449444358829471 
0.5707395498392283 0.2451189587111917 
0.704983922829582 0.2450300508552936 
0.24678456591639872 0.2540196229516617 
0.24758842443729903 0.2515445719329215 
0.3963022508038585 0.2456202476859365 
0.25482315112540194 0.2474077009444554 
0.2540192926045016 0.24948202941730452 
0.4887459807073955 0.24521135314967407 
0.3360128617363344 0.24573358258457445 
0.23311897106109325 0.25482037475184244 
0.24839228295819935 0.2506164278008939 
0.4445337620578778 0.24551163507474177 
0.26607717041800644 0.2468550015816239 
0.48311897106109325 0.24540745563135094 
0.2877813504823151 0.2466896641653923 
0.32315112540192925 0.2461052156242944 
0.3062700964630225 0.24638318505237755 
0.31430868167202575 0.24624089117847783 

0.204983922829582 0.26763240355473356 
0.8569131832797428 0.24551163507474177 
0.21141479099678456 0.2567421790722761 
0.4670418006430868 0.2468550015816239 
0.6897106109324759 0.2466896641653923 
0.7081993569131833 0.24653259361997232 
0.7958199356913184 0.24624089117847783 
0.2491961414790997 0.2491579155934218 
0.34565916398713825 0.2478319954048109 
0.4220257234726688 0.24761360855021616 
0.2909967845659164 0.24831103753747033 
0.8496784565916399 0.24597570714075562 
0.22427652733118972 0.25482037475184244 
0.23713826366559485 0.2506164278008939 
0.8054662379421221 0.2461052156242944 
0.22508038585209003 0.2533031608146579 
0.22588424437299034 0.2520749400083657 
0.32395498392282956 0.24806403143781783 
0.21784565916398713 0.25572122052704577 
0.22990353697749197 0.2515445719329215 
0.432475884244373 0.2474077009444554 
0.4565916398713826 0.24702927615548978 
0.8512861736334405 0.24573358258457445 

0.6720257234726688 0.0016596133100986715 
0.11736334405144695 0.5042853586542907 
0.4292604501607717 0.24948202941730452 
0.4397106109324759 0.004451978562010912 
0.21463022508038584 0.2626823015172529 
0.20980707395498394 0.49768839574664814 
0.6310289389067524 0.0023776500891618006 
0.5602893890675241 0.0025835576949225507 
0.38183279742765275 0.24983107507379346 
0.2652733118971061 0.25482037475184244 
0.30787781350482313 0.2526583448913545 
0.15916398713826366 0.49985042560713605 
0.19935691318327975 0.4990496738069553 
0.3159163987138264 0.2520749400083657 
0.3545016077170418 0.25106032282055923 
0.4477491961414791 0.004127864738128177 
0.48633440514469456 0.0038261035917546565 
0.6647909967845659 0.0018249507263303016 
0.5160771704180064 0.003544459855139385 
0.22427652733118972 0.2579089888382537 
0.12861736334405144 0.5017722299275696 
0.1495176848874598 0.5007512713823393 
0.3617363344051447 0.25020804438280164 
0.24356913183279744 0.2567421790722761 
0.5321543408360129 0.0032809866821767258 
0.5458199356913184 0.003033980582524219 
0.2540192926045016 0.25572122052704577 
0.20096463022508038 0.49833321166995154 
0.12138263665594855 0.5029390396935473 
0.5530546623794212 0.0028019445495173056 
0.35771704180064307 0.2506164278008939 

0.75 0.24573358258457445 
0.13585209003215434 0.7527424032278401 
0.20176848874598072 0.7433632625252451 
0.22427652733118972 0.25572122052704577 
0.5578778135048231 0.24624089117847783 
0.6446945337620579 0.24597570714075562 
0.6993569131832797 0.24585195458981862 
0.3536977491961415 0.24885615444704826 
0.40434083601286175 0.248574510710433 
0.4180064308681672 0.2478319954048109 
0.4670418006430868 0.24761360855021616 
0.3046623794212219 0.2506164278008939 
0.3432475884244373 0.25020804438280164 
0.5273311897106109 0.24638318505237755 
0.13745980707395497 0.7493154095095843 
0.2532154340836013 0.2533031608146579 
0.25884244372990356 0.2515445719329215 
0.2282958199356913 0.2540196229516617 
0.2837620578778135 0.25106032282055923 
0.182475884244373 0.7468022807828633 
0.1607717041800643 0.7479690905488409 
0.48392282958199356 0.24721323265012582 
0.4991961414790997 0.24702927615548978 
0.5120578778135049 0.2468550015816239 
0.4807073954983923 0.2474077009444554 
0.19131832797427653 0.7440797246622489 
0.4139871382636656 0.24806403143781783 
0.3512861736334405 0.24983107507379346 

0.09244372990353698 0.2567421790722761 
0.6069131832797428 0.24540745563135094 
0.41318327974276525 0.2456202476859365 
0.5811897106109325 0.24551163507474177 
0.25241157556270094 0.24885615444704826 
0.1760450160771704 0.2491579155934218 
0.32636655948553056 0.24624089117847783 
0.4003215434083601 0.24597570714075562 
0.15916398713826366 0.25106032282055923 
0.14308681672025725 0.2520749400083657 
0.16237942122186494 0.24983107507379346 
0.11414790996784566 0.25572122052704577 
0.3135048231511254 0.24702927615548978 
0.11495176848874598 0.25482037475184244 
0.1342443729903537 0.2533031608146579 
0.13263665594855306 0.2540196229516617 
0.2821543408360129 0.24721323265012582 
0.3247588424437299 0.24638318505237755 
0.25643086816720256 0.24831103753747033 
0.17443729903536978 0.24948202941730452 
0.2612540192926045 0.24806403143781783 
0.2757234726688103 0.2478319954048109 
0.2805466237942122 0.24761360855021616 
0.40192926045016075 0.24585195458981862 
0.41237942122186494 0.24573358258457445 

0.1680064308681672 0.26490984743411916 
0.7009646302250804 0.24806403143781783 
0.18006430868167203 0.25572122052704577 
0.5514469453376206 0.24831103753747033 
0.4413183279742765 0.248574510710433 
0.30064308681672025 0.24948202941730452 
0.3553054662379421 0.2491579155934218 
0.19292604501607716 0.25482037475184244 
0.40273311897106107 0.24885615444704826 
0.22186495176848875 0.2533031608146579 
0.26768488745980706 0.24983107507379346 
0.2266881028938907 0.2515445719329215 
0.23553054662379422 0.25106032282055923 
0.2612540192926045 0.2506164278008939 
0.22266881028938906 0.2526583448913545 
0.26366559485530544 0.25020804438280164 

0.8319935691318328 0.24521135314967407 
0.20819935691318328 0.26763240355473356 
0.31511254019292606 0.2567421790722761 
0.227491961414791 0.2626823015172529 
0.5803858520900321 0.2466896641653923 
0.6768488745980707 0.24624089117847783 
0.22186495176848875 0.26490984743411916 
0.5072347266881029 0.2468550015816239 
0.7122186495176849 0.24585195458981862 
0.7813504823151125 0.2456202476859365 
0.41961414790996787 0.24806403143781783 
0.3512861736334405 0.24948202941730452 
0.47990353697749194 0.2478319954048109 
0.33520900321543406 0.2520749400083657 
0.3247588424437299 0.2540196229516617 
0.32395498392282956 0.25572122052704577 
0.34646302250803857 0.25106032282055923 
0.3737942122186495 0.2491579155934218 
0.3858520900321543 0.24885615444704826 
0.792604501607717 0.24551163507474177 
0.8167202572347267 0.24540745563135094 
0.40514469453376206 0.248574510710433 
0.6881028938906752 0.2461052156242944 
0.340032154340836 0.2515445719329215 
0.7057877813504824 0.24597570714075562 
0.409967845659164 0.24831103753747033 
0.4927652733118971 0.24721323265012582 
0.48311897106109325 0.24761360855021616 
0.49758842443729906 0.24702927615548978 
0.822347266881029 0.24530744336569568 

