996.0 4.1 
1575.0 4.020408163265306 
1041.0 4.076923076923077 
1231.0 4.027027027027027 
1044.0 4.066666666666666 
1503.0 4.0212765957446805 
1338.0 4.025 
1407.0 4.024390243902439 
1126.0 4.043478260869565 
1222.0 4.0344827586206895 
1155.0 4.037037037037037 
1210.0 4.035714285714286 
1290.0 4.0256410256410255 
1068.0 4.055555555555555 
1080.0 4.05 
1423.0 4.023255813953488 
1467.0 4.0227272727272725 
1095.0 4.045454545454546 
1054.0 4.0588235294117645 
1151.0 4.038461538461538 
1053.0 4.0625 
1092.0 4.0476190476190474 
1483.0 4.021739130434782 
1468.0 4.022222222222222 
1420.0 4.023809523809524 

932.0 4.111111111111111 
1787.0 4.023809523809524 
999.0 4.083333333333333 
1491.0 4.025 
1649.0 4.024390243902439 
1286.0 4.032258064516129 
1423.0 4.03125 
1004.0 4.071428571428571 
1216.0 4.037037037037037 
1055.0 4.0476190476190474 
1245.0 4.033333333333333 
1094.0 4.045454545454546 
1053.0 4.052631578947368 
1164.0 4.038461538461538 
1029.0 4.055555555555555 
1010.0 4.0588235294117645 
1129.0 4.041666666666667 
1008.0 4.066666666666666 
1134.0 4.04 
1009.0 4.0625 
1427.0 4.03030303030303 
1453.0 4.0285714285714285 
1470.0 4.0256410256410255 
1454.0 4.027777777777778 
1467.0 4.026315789473684 

907.0 5.090909090909091 
1684.0 4.020408163265306 
912.0 5.076923076923077 
921.0 4.083333333333333 
1021.0 4.05 
924.0 4.076923076923077 
1590.0 4.020833333333333 
1421.0 4.022222222222222 
1500.0 4.021739130434782 
1108.0 4.03030303030303 
1180.0 4.029411764705882 
1239.0 4.0285714285714285 
1532.0 4.0212765957446805 
1329.0 4.0256410256410255 
1276.0 4.026315789473684 
1374.0 4.0227272727272725 
1058.0 4.037037037037037 
1088.0 4.0344827586206895 
1247.0 4.027777777777778 
1027.0 4.04 
1352.0 4.023255813953488 
1044.0 4.038461538461538 
1264.0 4.027027027027027 
1096.0 4.03125 
908.0 5.083333333333333 
1094.0 4.033333333333333 

1007.0 4.0625 
1651.0 4.018518518518518 
1440.0 4.019230769230769 
1607.0 4.018867924528302 
1037.0 4.055555555555555 
1038.0 4.045454545454546 
1223.0 4.0212765957446805 
1047.0 4.0285714285714285 
1046.0 4.037037037037037 
1338.0 4.019607843137255 
1148.0 4.021739130434782 
1020.0 4.0588235294117645 
1039.0 4.041666666666667 
1283.0 4.020833333333333 
1061.0 4.026315789473684 
1331.0 4.020408163265306 
1088.0 4.0256410256410255 
1132.0 4.023255813953488 
1111.0 4.024390243902439 
1121.0 4.023809523809524 

985.0 4.111111111111111 
1796.0 4.020833333333333 
993.0 4.066666666666666 
1311.0 4.026315789473684 
1588.0 4.0256410256410255 
1611.0 4.025 
1720.0 4.023809523809524 
1040.0 4.035714285714286 
1160.0 4.03030303030303 
1255.0 4.029411764705882 
1092.0 4.032258064516129 
1787.0 4.0227272727272725 
1009.0 4.0588235294117645 
1025.0 4.041666666666667 
1732.0 4.023255813953488 
1010.0 4.052631578947368 
1011.0 4.0476190476190474 
1133.0 4.03125 
1001.0 4.0625 
1016.0 4.045454545454546 
1268.0 4.0285714285714285 
1298.0 4.027027027027027 
1789.0 4.021739130434782 

1566.0 3.0256410256410255 
876.0 5.076923076923077 
1264.0 4.037037037037037 
1277.0 3.037037037037037 
997.0 4.090909090909091 
991.0 5.05 
1515.0 3.0285714285714285 
1427.0 3.0294117647058822 
1205.0 4.038461538461538 
1060.0 4.0588235294117645 
1113.0 4.05 
928.0 5.0588235294117645 
978.0 5.055555555555555 
1123.0 4.0476190476190474 
1171.0 4.043478260869565 
1287.0 3.0357142857142856 
1335.0 3.0344827586206895 
1557.0 3.026315789473684 
1372.0 3.033333333333333 
1009.0 4.071428571428571 
890.0 5.066666666666666 
916.0 5.0625 
1180.0 4.04 
1033.0 4.066666666666666 
1392.0 3.032258064516129 
1409.0 3.03125 
1046.0 4.0625 
980.0 5.052631578947368 
881.0 5.071428571428571 
1418.0 3.0303030303030303 
1175.0 4.041666666666667 

1663.0 4.021739130434782 
899.0 6.090909090909091 
981.0 6.052631578947368 
1009.0 4.0625 
1424.0 4.023809523809524 
1532.0 4.0227272727272725 
1600.0 4.022222222222222 
1170.0 4.0344827586206895 
1233.0 4.033333333333333 
1250.0 4.03030303030303 
1311.0 4.029411764705882 
1109.0 4.041666666666667 
1157.0 4.04 
1386.0 4.024390243902439 
901.0 6.076923076923077 
1045.0 4.052631578947368 
1052.0 4.045454545454546 
1014.0 4.055555555555555 
1083.0 4.043478260869565 
957.0 6.066666666666666 
930.0 6.071428571428571 
1332.0 4.027777777777778 
1351.0 4.027027027027027 
1367.0 4.026315789473684 
1328.0 4.0285714285714285 
968.0 6.055555555555555 
1245.0 4.03125 
1167.0 4.038461538461538 

845.0 4.066666666666666 
1485.0 4.020408163265306 
1244.0 4.0212765957446805 
1453.0 4.020833333333333 
1044.0 4.0344827586206895 
949.0 4.035714285714286 
1136.0 4.023809523809524 
1228.0 4.0227272727272725 
928.0 4.043478260869565 
908.0 4.0476190476190474 
932.0 4.038461538461538 
872.0 4.0625 
1120.0 4.027027027027027 
873.0 4.0588235294117645 
897.0 4.052631578947368 
895.0 4.055555555555555 
1081.0 4.027777777777778 
1134.0 4.024390243902439 
1049.0 4.032258064516129 
947.0 4.037037037037037 
1055.0 4.03125 
1073.0 4.03030303030303 
1079.0 4.029411764705882 
1230.0 4.022222222222222 
1243.0 4.021739130434782 

939.0 4.1 
1602.0 4.03125 
954.0 4.0625 
1416.0 4.032258064516129 
1279.0 4.033333333333333 
1104.0 4.037037037037037 
1172.0 4.035714285714286 
970.0 4.0588235294117645 
1231.0 4.0344827586206895 
1006.0 4.052631578947368 
1063.0 4.038461538461538 
1012.0 4.045454545454546 
1023.0 4.043478260869565 
1055.0 4.041666666666667 
1007.0 4.05 
1058.0 4.04 

1765.0 4.019607843137255 
989.0 4.111111111111111 
1122.0 4.066666666666666 
1013.0 4.090909090909091 
1452.0 4.0256410256410255 
1572.0 4.023809523809524 
1006.0 4.1 
1361.0 4.026315789473684 
1616.0 4.022222222222222 
1702.0 4.0212765957446805 
1252.0 4.03125 
1167.0 4.037037037037037 
1327.0 4.03030303030303 
1147.0 4.0476190476190474 
1134.0 4.055555555555555 
1133.0 4.0625 
1161.0 4.043478260869565 
1195.0 4.035714285714286 
1210.0 4.0344827586206895 
1716.0 4.020833333333333 
1746.0 4.020408163265306 
1234.0 4.033333333333333 
1586.0 4.023255813953488 
1153.0 4.045454545454546 
1608.0 4.0227272727272725 
1240.0 4.032258064516129 
1343.0 4.027777777777778 
1331.0 4.029411764705882 
1349.0 4.027027027027027 
1753.0 4.02 

