1813.0 95.01470588235294 
1453.0 477.04 
1455.0 467.04 
1458.0 111.02380952380952 
1670.0 95.01587301587301 
1546.0 97.01666666666667 
1634.0 95.01851851851852 
1502.0 97.01785714285714 
1518.0 97.01724137931035 
1477.0 97.01818181818182 
1638.0 95.01818181818182 
1658.0 95.01785714285714 
1511.0 97.01754385964912 
1459.0 105.02222222222223 
1462.0 103.0204081632653 
1664.0 95.01639344262296 
1469.0 97.01886792452831 
1475.0 97.01851851851852 
1464.0 99.01923076923077 
1466.0 97.01923076923077 
1662.0 95.01754385964912 
