0.02240987333549854 0.9662537774413883 
0.14355310165638194 0.06267063867919281 
0.028255927249106853 0.10124329405842936 
0.09710945112049367 0.06267345079410315 
0.028580708022085094 0.08678294925105036 
0.029555050341019812 0.08195973831065127 
0.09516076648262423 0.06267470472075172 
0.03182851575186749 0.06749950689744764 
0.03020461188697629 0.07231922125311767 
0.03085417343293277 0.06750038114275068 
0.09451120493666774 0.0626774765586064 
0.023059434881455017 0.9566304390066972 
0.026632023384215654 0.9542170032514217 
0.03215329652484573 0.06268437786918334 
0.037349788892497564 0.06267901366868943 
0.03540110425462813 0.06267982492123328 
0.038324131211432286 0.06267823138945074 
0.034426761935693405 0.0626815410323837 
0.03247807729782397 0.06268244956181625 
