0.04930966469428008 0.026503567787971503 
0.05325443786982249 0.022935779816513818 
0.3136094674556213 0.0036697247706422454 
0.5167652859960552 0.0 
0.09072978303747535 0.010894495412844067 
0.36489151873767256 0.0031757233592095858 
0.47337278106508873 0.0018981335020562945 
0.49506903353057197 8.600917431192985E-4 
0.48520710059171596 0.0015290519877675785 
0.07100591715976332 0.015525758645024786 
0.10848126232741617 0.0077257363592468245 
0.08875739644970414 0.01223241590214077 
0.20315581854043394 0.00420489296636084 
0.14398422090729784 0.006116207951070314 
0.08678500986193294 0.013761467889908348 
0.1834319526627219 0.004786597526924705 
0.11242603550295859 0.006880733944954103 
0.45956607495069035 0.0027183146449202343 
