620.0 3.111111111111111 
790.0 3.0384615384615383 
622.0 3.1 
642.0 3.0833333333333335 
708.0 3.0434782608695654 
754.0 3.04 
739.0 3.0416666666666665 
647.0 3.076923076923077 
662.0 3.0714285714285716 
668.0 3.066666666666667 
673.0 3.0588235294117645 
703.0 3.0476190476190474 
685.0 3.0526315789473686 
695.0 3.05 
679.0 3.0555555555555554 

637.0 3.0833333333333335 
857.0 3.0285714285714285 
641.0 3.0625 
673.0 3.05 
737.0 3.0416666666666665 
780.0 3.0384615384615383 
835.0 3.0344827586206895 
653.0 3.0555555555555554 
769.0 3.04 
672.0 3.0526315789473686 
846.0 3.03125 
841.0 3.033333333333333 

631.0 3.076923076923077 
1012.0 3.033333333333333 
910.0 3.0344827586206895 
643.0 3.0625 
650.0 3.0526315789473686 
838.0 3.0357142857142856 
640.0 3.066666666666667 
755.0 3.04 
698.0 3.0416666666666665 
815.0 3.0384615384615383 
668.0 3.0476190476190474 
639.0 3.0714285714285716 
688.0 3.0434782608695654 
652.0 3.05 
828.0 3.037037037037037 

759.0 3.0434782608695654 
630.0 4.1 
700.0 4.05 
689.0 4.052631578947368 
670.0 4.066666666666666 
648.0 4.083333333333333 
652.0 4.076923076923077 
676.0 4.0588235294117645 

717.0 4.052631578947368 
650.0 4.111111111111111 
672.0 4.071428571428571 
681.0 4.0588235294117645 
702.0 4.055555555555555 

647.0 3.111111111111111 
760.0 3.0526315789473686 
677.0 3.066666666666667 
734.0 3.0625 
654.0 3.090909090909091 
663.0 3.076923076923077 
657.0 3.0833333333333335 

704.0 4.052631578947368 
635.0 4.083333333333333 
689.0 4.066666666666666 
649.0 4.076923076923077 
696.0 4.0588235294117645 
703.0 4.055555555555555 

1070.0 4.032258064516129 
663.0 4.111111111111111 
683.0 4.076923076923077 
976.0 4.033333333333333 
801.0 4.04 
885.0 4.037037037037037 
723.0 4.052631578947368 
908.0 4.035714285714286 
970.0 4.0344827586206895 
762.0 4.045454545454546 
720.0 4.0625 
710.0 4.071428571428571 
787.0 4.041666666666667 
715.0 4.066666666666666 

808.0 4.041666666666667 
644.0 4.111111111111111 
700.0 4.055555555555555 
803.0 4.043478260869565 
666.0 4.090909090909091 
667.0 4.076923076923077 
683.0 4.071428571428571 
689.0 4.066666666666666 
694.0 4.0588235294117645 

719.0 3.0434782608695654 
632.0 3.076923076923077 
656.0 3.0714285714285716 
671.0 3.0526315789473686 
697.0 3.05 
659.0 3.066666666666667 
662.0 3.0588235294117645 
703.0 3.0476190476190474 
715.0 3.0454545454545454 
665.0 3.0555555555555554 

