0.0425531914893617 0.02675159235668794 
0.05319148936170213 0.023184713375796234 

0.8226950354609929 0.3224573659338401 
0.09219858156028368 0.34777070063694254 
0.14361702127659576 0.3350318471337579 
0.574468085106383 0.32280254777070055 
0.5673758865248227 0.3244487996080352 
0.3829787234042553 0.32494267515923564 
0.15425531914893617 0.3309853877856874 
0.21453900709219859 0.32815286624203815 
0.1773049645390071 0.3289976533690914 
0.28900709219858156 0.32738853503184706 
0.3333333333333333 0.3266936884771281 
0.35638297872340424 0.3260592633619496 

0.09042553191489362 0.33885350318471325 
0.3829787234042553 0.32494267515923564 
0.36879432624113473 0.32738853503184706 
0.24468085106382978 0.32815286624203815 
0.17198581560283688 0.3289976533690914 
0.13297872340425532 0.33679568838804497 
0.1347517730496454 0.3350318471337579 
0.14361702127659576 0.3321656050955414 
0.1453900709219858 0.3309853877856874 
0.16312056737588654 0.329936305732484 

0.07446808510638298 0.023184713375796234 
0.5070921985815603 0.0021524269712277443 
0.1400709219858156 0.015776580107790383 
0.21808510638297873 0.0071337579617834134 
0.3280141843971631 0.006369426751592333 
0.1950354609929078 0.012484076433121116 
0.20567375886524822 0.007978545088836825 
0.3900709219858156 0.0029723991507431837 
0.4627659574468085 0.0025477707006369334 
0.18262411347517732 0.014012738853503275 
0.3546099290780142 0.003923566878980934 
0.38120567375886527 0.003429691327780487 
0.34574468085106386 0.005674580196873208 
0.35106382978723405 0.005040155081694914 
0.3528368794326241 0.004458598726114633 

0.07092198581560284 0.34777070063694254 
0.25 0.003923566878980934 
0.12056737588652482 0.33885350318471325 
0.14184397163120568 0.015776580107790383 
0.20567375886524822 0.005040155081694914 
0.18262411347517732 0.0071337579617834134 
0.1453900709219858 0.012484076433121116 
0.16312056737588654 0.00996627950543271 
0.16489361702127658 0.007978545088836825 

0.5691489361702128 0.3221337579617834 
0.0975177304964539 0.34420382165605085 
0.10106382978723404 0.3321656050955414 
0.17198581560283688 0.32494267515923564 
0.30141843971631205 0.3244487996080352 
0.4219858156028369 0.3239915074309979 
0.5035460992907801 0.32356687898089165 
0.1276595744680851 0.3266936884771281 
0.11347517730496454 0.329936305732484 
0.5301418439716312 0.3224573659338401 
0.1524822695035461 0.3254777070063695 
0.12056737588652482 0.32815286624203815 
0.5070921985815603 0.32280254777070055 

0.08687943262411348 0.017834394904458675 
0.37056737588652483 0.003923566878980934 
0.2624113475177305 0.005040155081694914 
0.15070921985815602 0.011146496815286655 
0.3546099290780142 0.004458598726114633 
0.25354609929078015 0.007978545088836825 
0.16489361702127658 0.00996627950543271 
0.225177304964539 0.008917197452229266 

0.03368794326241135 0.017834394904458675 
0.28191489361702127 0.004458598726114633 
0.10460992907801418 0.0071337579617834134 
0.23581560283687944 0.006369426751592333 
0.06914893617021277 0.015776580107790383 
0.2375886524822695 0.005674580196873208 
0.2712765957446808 0.005040155081694914 
0.07092198581560284 0.014012738853503275 
0.0797872340425532 0.012484076433121116 
0.08156028368794327 0.011146496815286655 
0.09042553191489362 0.00996627950543271 
0.09397163120567376 0.008917197452229266 
0.10106382978723404 0.007978545088836825 

0.11879432624113476 0.33679568838804497 
0.25 0.32738853503184706 
0.15780141843971632 0.3289976533690914 
0.2393617021276596 0.32815286624203815 
0.13652482269503546 0.3335031847133757 
0.14716312056737588 0.3309853877856874 

0.07624113475177305 0.023184713375796234 
0.8191489361702128 0.0014382576535853931 
0.11347517730496454 0.015776580107790383 
0.5868794326241135 0.0017834394904458534 
0.17375886524822695 0.014012738853503275 
0.4574468085106383 0.0021524269712277443 
0.26773049645390073 0.005040155081694914 
0.18617021276595744 0.011146496815286655 
0.35638297872340424 0.004458598726114633 
0.41134751773049644 0.003923566878980934 
0.24113475177304963 0.005674580196873208 
0.2393617021276596 0.0071337579617834134 
0.21808510638297873 0.007978545088836825 
0.20390070921985815 0.008917197452229266 
0.19680851063829788 0.00996627950543271 
0.43439716312056736 0.0025477707006369334 
0.4326241134751773 0.0029723991507431837 

