619.0 3.111111111111111 
625.0 3.1 

1059.0 4.032258064516129 
647.0 4.111111111111111 
676.0 4.071428571428571 
919.0 4.033333333333333 
915.0 4.038461538461538 
811.0 4.04 
682.0 4.0588235294117645 
716.0 4.05 
695.0 4.052631578947368 
758.0 4.0476190476190474 
783.0 4.045454545454546 
796.0 4.043478260869565 

646.0 4.083333333333333 
811.0 4.04 
803.0 4.0476190476190474 
733.0 4.05 
692.0 4.052631578947368 
670.0 4.076923076923077 
671.0 4.071428571428571 
676.0 4.0625 
677.0 4.0588235294117645 
687.0 4.055555555555555 

637.0 3.1 
881.0 3.0344827586206895 
674.0 3.076923076923077 
718.0 3.05 
780.0 3.0476190476190474 
705.0 3.066666666666667 
711.0 3.0526315789473686 
815.0 3.037037037037037 
856.0 3.0357142857142856 
698.0 3.0714285714285716 
795.0 3.04 
810.0 3.0384615384615383 
790.0 3.0454545454545454 
793.0 3.0434782608695654 
794.0 3.0416666666666665 

635.0 4.111111111111111 
736.0 3.04 
663.0 4.083333333333333 
675.0 3.076923076923077 
711.0 3.0434782608695654 
698.0 3.05 
677.0 3.066666666666667 
687.0 3.0588235294117645 
688.0 3.0526315789473686 

916.0 4.03125 
650.0 4.1 
652.0 4.0625 
692.0 4.04 
765.0 4.038461538461538 
833.0 4.037037037037037 
879.0 4.035714285714286 
667.0 4.045454545454546 
659.0 4.055555555555555 
894.0 4.032258064516129 
681.0 4.041666666666667 
663.0 4.05 
881.0 4.033333333333333 

644.0 3.0833333333333335 
804.0 3.04 
743.0 3.0434782608695654 
680.0 3.0625 
795.0 3.0416666666666665 
738.0 3.0526315789473686 
688.0 3.0588235294117645 
722.0 3.0555555555555554 

614.0 3.0833333333333335 
754.0 3.0416666666666665 
654.0 3.05 
728.0 3.0476190476190474 
634.0 3.076923076923077 
729.0 3.0454545454545454 
748.0 3.0434782608695654 
635.0 3.0714285714285716 
640.0 3.066666666666667 
641.0 3.0625 
646.0 3.0588235294117645 
648.0 3.0555555555555554 
652.0 3.0526315789473686 

662.0 4.076923076923077 
736.0 4.0476190476190474 
684.0 4.052631578947368 
730.0 4.05 
672.0 4.066666666666666 
678.0 4.0588235294117645 

638.0 3.1 
1057.0 3.032258064516129 
659.0 3.076923076923077 
926.0 3.033333333333333 
693.0 3.0714285714285716 
853.0 3.0344827586206895 
746.0 3.0434782608695654 
700.0 3.0625 
796.0 3.0416666666666665 
827.0 3.04 
731.0 3.0454545454545454 
730.0 3.05 
718.0 3.0526315789473686 
710.0 3.0555555555555554 
706.0 3.0588235294117645 
840.0 3.0357142857142856 
839.0 3.037037037037037 

