126.0 14.052631578947368 
187.0 14.035714285714286 
142.0 14.038461538461538 
140.0 14.047619047619047 

123.0 14.066666666666666 
205.0 14.033333333333333 
175.0 14.03448275862069 
152.0 14.045454545454545 
128.0 14.052631578947368 
135.0 14.047619047619047 

120.0 11.055555555555555 
168.0 11.027027027027026 
125.0 11.045454545454545 
147.0 11.037037037037036 
122.0 11.047619047619047 
149.0 11.035714285714286 
155.0 11.030303030303031 
161.0 11.027777777777779 
156.0 11.029411764705882 

121.0 14.0625 
147.0 14.03448275862069 
126.0 14.05 
134.0 14.045454545454545 
132.0 14.047619047619047 

123.0 14.071428571428571 
146.0 14.045454545454545 
128.0 14.052631578947368 
133.0 14.047619047619047 

131.0 11.058823529411764 
192.0 11.027027027027026 
136.0 11.045454545454545 
170.0 11.04 
179.0 11.029411764705882 
178.0 11.035714285714286 
171.0 11.037037037037036 

115.0 11.0625 
148.0 11.028571428571428 
130.0 11.035714285714286 
123.0 11.045454545454545 
118.0 11.058823529411764 
120.0 11.05 
137.0 11.03448275862069 
146.0 11.030303030303031 

145.0 14.043478260869565 
125.0 14.055555555555555 
130.0 14.047619047619047 
138.0 14.045454545454545 

123.0 14.0625 
186.0 14.035714285714286 
146.0 14.045454545454545 
180.0 14.037037037037036 
128.0 14.05 
127.0 14.058823529411764 
134.0 14.047619047619047 

123.0 14.0625 
156.0 14.038461538461538 
128.0 14.05 
134.0 14.045454545454545 
149.0 14.04 

