0.0797872340425532 0.5017401392111368 
0.40425531914893614 0.49894348690752416 
0.16489361702127658 0.49939764411922183 
0.15425531914893617 0.5009115014915478 

0.06382978723404255 0.5040603248259861 
0.5 0.4985498839907192 
0.3404255319148936 0.49873989919193545 
0.21808510638297873 0.5005536806580889 
0.09042553191489362 0.5017401392111368 
0.1276595744680851 0.5009115014915478 

0.047872340425531915 0.006283836040216436 
0.30319148936170215 0.0015676929830060068 
0.07446808510638298 0.004614005484074928 
0.19148936170212766 0.0032224800206236705 
0.05851063829787234 0.004971826317533864 
0.20212765957446807 0.003003811733510153 
0.23404255319148937 0.002109259649862958 
0.26595744680851063 0.001691802010827581 
0.2393617021276596 0.0019619216596150225 

0.05319148936170213 0.5033715197215777 
0.19148936170212766 0.49873989919193545 
0.0797872340425532 0.5013051044083527 
0.12234042553191489 0.5005536806580889 
0.11170212765957446 0.5009115014915478 

0.06382978723404255 0.5048475306595955 
0.18617021276595744 0.5005536806580889 
0.09042553191489362 0.5017401392111368 
0.11702127659574468 0.5009115014915478 

0.10638297872340426 0.006824075337791613 
0.4308510638297872 0.0015676929830060068 
0.13297872340425532 0.004614005484074928 
0.31382978723404253 0.003712296983758478 
0.3617021276595745 0.0019619216596150225 
0.35638297872340424 0.003003811733510153 
0.3191489361702128 0.0032224800206236705 

0.02127659574468085 0.0074318445475637235 
0.19680851063829788 0.0018230029830956914 
0.10106382978723404 0.003003811733510153 
0.06382978723404255 0.004614005484074928 
0.03723404255319149 0.006824075337791613 
0.047872340425531915 0.0053654292343387824 
0.13829787234042554 0.002800224017921473 
0.18617021276595744 0.002109259649862958 

0.18085106382978725 0.5002269746797133 
0.07446808510638298 0.5022235112142304 
0.10106382978723404 0.5009115014915478 
0.14361702127659576 0.5005536806580889 

0.06382978723404255 0.5033715197215777 
0.39893617021276595 0.49894348690752416 
0.18617021276595744 0.5005536806580889 
0.3670212765957447 0.49916215519463764 
0.09042553191489362 0.5013051044083527 
0.0851063829787234 0.5027637505118056 
0.12234042553191489 0.5009115014915478 

0.06382978723404255 0.5033715197215777 
0.2393617021276596 0.49939764411922183 
0.09042553191489362 0.5013051044083527 
0.12234042553191489 0.5005536806580889 
0.20212765957446807 0.49965197215777246 

