1439.0 464.03125 
2512.0 95.00531914893617 
1464.0 95.01851851851852 
2195.0 95.00591715976331 
2346.0 95.00588235294117 
2379.0 95.00540540540541 
2169.0 95.00680272108843 
2102.0 95.00694444444444 
1872.0 95.0111111111111 
1816.0 95.01136363636364 
1657.0 95.01351351351352 
1710.0 95.01315789473684 
1579.0 95.01470588235294 
1625.0 95.01449275362319 
1492.0 95.01666666666667 
1537.0 95.01612903225806 
2072.0 95.00704225352112 
1738.0 95.01282051282051 
1757.0 95.01190476190476 
1785.0 95.01162790697674 
1791.0 95.01149425287356 
1575.0 95.015625 
1649.0 95.01428571428572 
1551.0 95.01587301587301 
2050.0 95.0072463768116 
1903.0 95.00970873786407 
1963.0 95.00819672131148 
1924.0 95.00952380952381 
1984.0 95.00813008130082 
2002.0 95.0079365079365 
2022.0 95.00746268656717 
1482.0 95.01724137931035 
1886.0 95.01010101010101 
1999.0 95.00806451612904 
1936.0 95.00943396226415 
2357.0 95.00581395348837 
2368.0 95.00552486187846 
2185.0 95.0059880239521 
2175.0 95.00645161290322 
1748.0 95.01219512195122 
2041.0 95.00735294117646 
2031.0 95.00740740740741 
1881.0 95.01063829787235 
1954.0 95.00847457627118 
1945.0 95.009009009009 
1948.0 95.00854700854701 
1488.0 95.01694915254237 
1939.0 95.00925925925925 
