1440.0 465.0344827586207 
2887.0 96.00588235294117 
1457.0 109.0204081632653 
1445.0 464.02702702702703 
2181.0 96.00746268656717 
2460.0 96.00729927007299 
2874.0 96.0059880239521 
2703.0 96.00613496932516 
2523.0 96.00621118012423 
2679.0 96.00617283950618 
1937.0 96.00884955752213 
2044.0 96.00854700854701 
1791.0 96.00980392156863 
1872.0 96.00970873786407 
1565.0 96.01234567901234 
1637.0 96.01219512195122 
2168.0 96.00826446280992 
2105.0 96.00847457627118 
1669.0 96.01190476190476 
1716.0 96.01176470588236 
1736.0 96.0111111111111 
1776.0 96.01098901098901 
1667.0 96.01204819277109 
1893.0 96.00934579439253 
1922.0 96.00909090909092 
2485.0 96.0072463768116 
1461.0 107.02 
1462.0 103.01754385964912 
1497.0 96.01639344262296 
1515.0 96.01449275362319 
1554.0 96.01351351351352 
1479.0 96.01666666666667 
1536.0 96.01369863013699 
1530.0 96.01388888888889 
1465.0 101.01886792452831 
1728.0 96.01136363636364 
1467.0 98.01818181818182 
2510.0 96.00632911392405 
1469.0 96.01886792452831 
2171.0 96.00806451612904 
2501.0 96.00649350649351 
1777.0 96.01075268817205 
1785.0 96.01 
2493.0 96.00689655172414 
1472.0 96.01724137931035 
1478.0 96.01694915254237 
1722.0 96.01162790697674 
2495.0 96.0068493150685 
1442.0 465.0285714285714 
1443.0 464.02777777777777 
1558.0 96.01298701298701 
1562.0 96.0126582278481 
