1452.0 466.0357142857143 
2551.0 89.00699300699301 
1456.0 104.02083333333333 
1904.0 95.00719424460432 
2148.0 95.00714285714285 
2313.0 95.00657894736842 
2497.0 89.00751879699249 
2157.0 95.00709219858156 
1556.0 95.01408450704226 
1635.0 95.01282051282051 
1830.0 95.0078125 
1896.0 95.00746268656717 
1494.0 95.01492537313433 
2507.0 89.00714285714285 
1780.0 95.00869565217391 
1819.0 95.00862068965517 
1737.0 95.01010101010101 
1707.0 95.01020408163265 
1683.0 95.01030927835052 
1460.0 98.01960784313725 
1760.0 95.00990099009901 
1662.0 95.01052631578948 
1466.0 96.01886792452831 
1474.0 95.01851851851852 
1482.0 95.01694915254237 
1491.0 95.01587301587301 
1778.0 95.00925925925925 
1766.0 95.00961538461539 
1772.0 95.00934579439253 
1656.0 95.01063829787235 
1825.0 95.00840336134453 
1898.0 95.00740740740741 
1651.0 95.01086956521739 
1650.0 95.01176470588236 
1642.0 95.01204819277109 
1829.0 95.00826446280992 
1638.0 95.0126582278481 
1646.0 95.01190476190476 
1823.0 95.00847457627118 
