1446.0 465.02777777777777 
2556.0 95.00645161290322 
1454.0 109.02127659574468 
2084.0 95.00763358778626 
2391.0 95.00751879699249 
1779.0 95.00961538461539 
1869.0 95.00934579439253 
1996.0 95.008 
2476.0 95.00680272108843 
2396.0 95.00729927007299 
2463.0 95.00714285714285 
1729.0 95.0111111111111 
1670.0 95.01162790697674 
1920.0 95.00925925925925 
1546.0 95.01515151515152 
1501.0 95.01587301587301 
1609.0 95.01282051282051 
1654.0 95.01234567901234 
1602.0 95.01388888888889 
1567.0 95.01408450704226 
1928.0 95.009009009009 
1961.0 95.00869565217391 
1457.0 103.01754385964912 
1460.0 103.01612903225806 
1462.0 97.01923076923077 
1984.0 95.00847457627118 
1966.0 95.00854700854701 
1743.0 95.01063829787235 
1759.0 95.01052631578948 
1464.0 95.01851851851852 
1482.0 95.01694915254237 
1470.0 95.01818181818182 
1489.0 95.01612903225806 
1552.0 95.01449275362319 
1561.0 95.01428571428572 
2469.0 95.00709219858156 
1766.0 95.01010101010101 
1663.0 95.01204819277109 
1773.0 95.00970873786407 
1926.0 95.0091743119266 
1659.0 95.01219512195122 
1485.0 95.01639344262296 
1606.0 95.01333333333334 
1550.0 95.01470588235294 
2472.0 95.00704225352112 
1608.0 95.01298701298701 
