1435.0 465.03225806451616 
2526.0 95.00515463917526 
1452.0 464.030303030303 
1454.0 109.02127659574468 
2159.0 95.00657894736842 
2363.0 95.0059880239521 
2502.0 95.00564971751412 
2379.0 95.00574712643679 
1881.0 95.00892857142857 
1976.0 95.00869565217391 
1783.0 95.0091743119266 
1867.0 95.00909090909092 
1629.0 95.01136363636364 
1708.0 95.01063829787235 
2046.0 95.0078125 
2117.0 95.00757575757575 
1539.0 95.01449275362319 
1605.0 95.01408450704226 
1473.0 95.01515151515152 
1527.0 95.01492537313433 
2003.0 95.00840336134453 
1726.0 95.01041666666667 
1767.0 95.01 
2144.0 95.00689655172414 
2122.0 95.00735294117646 
1982.0 95.00862068965517 
1455.0 103.02 
1460.0 101.01754385964912 
1462.0 97.01666666666667 
2524.0 95.00523560209425 
2513.0 95.00534759358288 
1439.0 464.03225806451616 
1464.0 95.01612903225806 
1535.0 95.01470588235294 
1446.0 464.03125 
1456.0 103.01818181818182 
1467.0 95.01538461538462 
1628.0 95.01162790697674 
1773.0 95.00990099009901 
1613.0 95.01369863013699 
1623.0 95.01204819277109 
1618.0 95.0125 
1781.0 95.00943396226415 
1608.0 95.01388888888889 
1776.0 95.00980392156863 
1615.0 95.01282051282051 
