1451.0 470.03333333333336 
2543.0 95.00584795321637 
1465.0 109.02083333333333 
1458.0 469.02777777777777 
2120.0 95.00719424460432 
2331.0 95.00714285714285 
1989.0 95.00884955752213 
1818.0 95.009009009009 
2397.0 95.00625 
2524.0 95.0060975609756 
1809.0 95.00990099009901 
1719.0 95.01 
1547.0 95.0126582278481 
1617.0 95.0125 
2057.0 95.00740740740741 
1627.0 95.01149425287356 
1686.0 95.01123595505618 
1484.0 95.01587301587301 
1530.0 95.01449275362319 
2358.0 95.00657894736842 
2386.0 95.00649350649351 
1468.0 103.01960784313725 
1702.0 95.01075268817205 
1477.0 97.01923076923077 
2008.0 95.00833333333334 
2023.0 95.00826446280992 
1473.0 101.01785714285714 
2530.0 95.0060606060606 
1536.0 95.01428571428572 
1999.0 95.00869565217391 
2032.0 95.00806451612904 
2392.0 95.00628930817611 
2041.0 95.00769230769231 
2349.0 95.00680272108843 
1481.0 95.01754385964912 
1470.0 101.01886792452831 
2048.0 95.00757575757575 
2056.0 95.00751879699249 
1712.0 95.01030927835052 
1816.0 95.00909090909092 
1618.0 95.01176470588236 
1706.0 95.01041666666667 
1624.0 95.01162790697674 
2343.0 95.0068493150685 
2336.0 95.00704225352112 
2341.0 95.00694444444444 
1455.0 469.03225806451616 
2388.0 95.00636942675159 
1452.0 470.030303030303 
1457.0 469.02941176470586 
