1473.0 95.01515151515152 
1455.0 103.02 
1462.0 97.01666666666667 
1464.0 95.01612903225806 
1456.0 103.01818181818182 
1467.0 95.01538461538462 
1515.0 95.01298701298701 
1593.0 95.01219512195122 
1627.0 95.01098901098901 
1499.0 95.01428571428572 
1503.0 95.01388888888889 
1507.0 95.01351351351352 
1511.0 95.01315789473684 
1591.0 95.01234567901234 
1547.0 95.0126582278481 
1618.0 95.01176470588236 
1624.0 95.01162790697674 
1417.0 465.0344827586207 
2464.0 94.00602409638554 
1440.0 456.02777777777777 
1454.0 109.0204081632653 
1800.0 95.00862068965517 
2006.0 94.00699300699301 
2098.0 94.00689655172414 
2211.0 94.00675675675676 
2295.0 94.00671140939598 
2171.0 94.00680272108843 
1671.0 95.00961538461539 
1741.0 95.00925925925925 
2326.0 94.00666666666666 
2393.0 94.00662251655629 
1774.0 95.009009009009 
2418.0 94.00653594771242 
1457.0 101.01923076923077 
2441.0 94.00649350649351 
1419.0 459.02941176470586 
2414.0 94.00657894736842 
1643.0 95.01052631578948 
1662.0 95.01041666666667 
1982.0 94.0077519379845 
1965.0 94.0078125 
1463.0 95.01785714285714 
1461.0 97.01851851851852 
1433.0 458.02702702702703 
1424.0 458.0285714285714 
2461.0 94.00632911392405 
2450.0 94.00636942675159 
1942.0 94.00943396226415 
1992.0 94.00757575757575 
1436.0 457.02564102564105 
1998.0 94.0072463768116 
1959.0 94.00787401574803 
1946.0 94.00892857142857 
1951.0 94.00854700854701 
1952.0 94.00840336134453 
1638.0 95.01075268817205 
1957.0 94.0079365079365 
1669.0 95.00990099009901 
2002.0 94.00714285714285 
1665.0 95.01010101010101 
1636.0 95.01086956521739 
1459.0 101.01886792452831 
1663.0 95.01020408163265 
2551.0 89.00699300699301 
1904.0 95.00719424460432 
2497.0 89.00751879699249 
1830.0 95.0078125 
1896.0 95.00746268656717 
1494.0 95.01492537313433 
2507.0 89.00714285714285 
1780.0 95.00869565217391 
1460.0 98.01960784313725 
1825.0 95.00840336134453 
1898.0 95.00740740740741 
1829.0 95.00826446280992 
1823.0 95.00847457627118 
