1417.0 465.0344827586207 
2464.0 94.00602409638554 
1440.0 456.02777777777777 
1454.0 109.0204081632653 
1800.0 95.00862068965517 
1932.0 95.00847457627118 
2006.0 94.00699300699301 
2098.0 94.00689655172414 
2211.0 94.00675675675676 
2295.0 94.00671140939598 
2171.0 94.00680272108843 
1671.0 95.00961538461539 
1741.0 95.00925925925925 
2326.0 94.00666666666666 
2393.0 94.00662251655629 
1561.0 95.01428571428572 
1620.0 95.01388888888889 
1479.0 95.01612903225806 
1533.0 95.01587301587301 
1774.0 95.009009009009 
2418.0 94.00653594771242 
1457.0 101.01923076923077 
2441.0 94.00649350649351 
1559.0 95.01492537313433 
1537.0 95.015625 
1419.0 459.02941176470586 
2414.0 94.00657894736842 
1793.0 95.00884955752213 
1643.0 95.01052631578948 
1662.0 95.01041666666667 
1982.0 94.0077519379845 
1965.0 94.0078125 
1463.0 95.01785714285714 
1461.0 97.01851851851852 
1460.0 101.01851851851852 
1433.0 458.02702702702703 
1424.0 458.0285714285714 
1474.0 95.01666666666667 
2461.0 94.00632911392405 
2450.0 94.00636942675159 
1942.0 94.00943396226415 
1992.0 94.00757575757575 
1436.0 457.02564102564105 
1998.0 94.0072463768116 
1959.0 94.00787401574803 
1628.0 95.0111111111111 
1946.0 94.00892857142857 
1951.0 94.00854700854701 
1952.0 94.00840336134453 
1633.0 95.01098901098901 
1638.0 95.01075268817205 
1957.0 94.0079365079365 
1624.0 95.01369863013699 
1669.0 95.00990099009901 
2002.0 94.00714285714285 
1665.0 95.01010101010101 
1625.0 95.01298701298701 
1636.0 95.01086956521739 
1459.0 101.01886792452831 
1663.0 95.01020408163265 
