0.025761859880615773 0.956942409480749 
0.3685202639019793 0.020256374535450535 
0.03110273327049953 0.9544060620632147 
0.03173107131636821 0.055736763888760935 
0.25322023248507697 0.02025998002699871 
0.31731071316368203 0.02025848416438035 
0.3609802073515551 0.020257627775988645 
0.3223374175306315 0.020257874356784212 
0.16588124410933083 0.02026592786169551 
0.195727301288093 0.020265338250256 
0.13509267986176562 0.02026654992881058 
0.16148287778825007 0.020266338803001854 
0.08671065032987747 0.020272091981290402 
0.11153000314169023 0.02027025586056002 
0.2177191328934967 0.02026310264021453 
0.24002513352183474 0.020262503350809452 
0.058435438265786996 0.020280013023861586 
0.07917059377945335 0.02027897958910064 
0.03770028275212064 0.020281680611771314 
0.05466540999057493 0.020281108156220223 
0.20420986490732013 0.020264598345704453 
0.11718504555450833 0.020269694823670175 
0.13006597549481622 0.020268640074317272 
0.24850769714106188 0.020260784010171517 
0.24159597863650645 0.02026193931372234 
0.19761231542569901 0.020265148490252488 
0.03204524033930255 0.04054514163449463 
0.03361608545397424 0.03547612727069797 
0.03424442349984291 0.025348312957890615 
0.3678919258561106 0.020256579484857918 
0.3644360666038329 0.020256862979938325 
0.027018535972353125 0.9544110110337857 
0.034872761545711596 0.02028415509705671 
0.05717876217404964 0.02028055253759709 
0.029217719132893498 0.954408459220835 
0.032359409362236885 0.04054053909186379 
0.03581526861451461 0.02028227068133938 
0.08639648130694313 0.020272760955509984 
0.13195098963242224 0.020268389440807666 
0.08168394596292805 0.02027800278090192 
0.08482563619227144 0.02027382486631708 
0.08325479107759975 0.020274968570434676 
0.13446434181589695 0.020267207207271817 
0.08011310084825636 0.020278484401610997 
0.13289349670122527 0.020268143721680613 
0.08231228400879673 0.020275779916090742 

0.027332704995287466 0.9569480410679503 
0.48193528118127554 0.022789615115910863 
0.03267357838517122 0.05573456554013134 
0.028903550109959156 0.9543977691936096 
0.26013195098963243 0.022793615569997393 
0.3477851083883129 0.02279320189773783 
0.47785108388312914 0.022789882611343817 
0.42412818096135724 0.02279025458863297 
0.36757775683317623 0.022790447508531368 
0.41658812441093307 0.022790350453150386 
0.1834747093936538 0.022797126292978916 
0.21709079484762803 0.022796360420973185 
0.13760603204524033 0.022799542168644084 
0.16305372290292178 0.022799301220762184 
0.0666038328620798 0.022805976369489642 
0.08922400251335218 0.02280559524957895 
0.256047753691486 0.02279564518513311 
0.2362551052466227 0.02279617706602264 
0.09927741124725102 0.02280486023260827 
0.11404335532516494 0.022804505695010673 
0.12032673578385171 0.022802851186221784 
0.13289349670122527 0.022802542102162333 
0.09864907320138235 0.022805223313280547 
0.1696512723845429 0.022798382466221984 
0.1787621740496387 0.02279773724996532 
0.35563933396167136 0.022793068003818074 
0.033930254476908575 0.050670735422348505 
0.03424442349984291 0.04053892416462491 
0.04524033930254477 0.022816222872007227 
0.05089538171536286 0.022811411470825056 
0.06314797360980208 0.022808932623932226 
0.03958529688972667 0.02281691451092715 
0.057492931196983975 0.022809401227865386 
0.05560791705937795 0.022809882848574468 
0.035186930568645934 0.03547947900647682 
0.117813383600377 0.02280349042825387 
0.03581526861451461 0.02788354685704645 
0.3634935595350298 0.022790746045969097 
0.036443606660383286 0.02282248677165948 
0.256990260760289 0.022795139040415656 
0.3606660383286208 0.02279116218906412 
0.1332076657241596 0.022801943874950496 
0.1357210179076343 0.022800038521280742 
0.3581526861451461 0.022792182457134984 
0.0373861137291863 0.022818369337620818 
0.039271127866792335 0.022817629595234187 
0.11592836946277098 0.02280415940247345 
0.35878102419101476 0.02279206288233824 
0.027961043041156142 0.9569330771362441 
0.02827521206409048 0.9543996696428941 
0.06440464970153943 0.022807599841317108 
0.06566132579327678 0.0228067675551271 

0.7979893182532203 0.02025387358337663 
0.026704366949418787 0.9594624665368211 
0.0333019164310399 0.9391936998052316 
0.03581526861451461 0.043075547376184777 
0.35312598177819665 0.02025895200618692 
0.6691800188501413 0.020255983082082433 
0.7926484448633365 0.02025532323888536 
0.256047753691486 0.0202595530029692 
0.2086082312284009 0.020260784010171517 
0.24473766886584983 0.020260664435374772 
0.13226515865535657 0.020268389440807666 
0.10775997486647816 0.020268640074317272 
0.05089538171536286 0.02027620139435364 
0.07320138234370091 0.020275779916090742 
0.17279296261388627 0.02026442107690567 
0.19384228715048696 0.020264246738169643 
0.15048696198554823 0.02026654992881058 
0.17027961043041157 0.020266338803001854 
0.02827521206409048 0.9569374605101781 
0.036443606660383286 0.027886202170102722 
0.03110273327049953 0.9417341022100857 
0.07540056550424128 0.020274196802615482 
0.08513980521520578 0.02027382486631708 
0.03770028275212064 0.020289351516156046 
0.1423185673892554 0.020266984019258517 
0.14923028589381088 0.02026676496435653 
0.0860823122840088 0.020271143655198862 
0.09267986176562991 0.020270841290358096 
0.10147659440779139 0.020268895771130085 
0.03707194470625196 0.025353885218622946 
0.13634935595350298 0.020267902773798717 
0.04115614200439836 0.02028852963354339 
0.04147031102733271 0.02028482442504376 
0.04461200125667609 0.020281108156220223 
0.13760603204524033 0.020267666459529973 
0.14074772227458374 0.020267207207271817 
0.2529060634621426 0.020260202079494034 
0.031416902293433864 0.939201233729181 
0.24756519007225888 0.020260430133408194 
0.2503927112786679 0.020260315341169535 
0.04586867734841345 0.02027948892480426 
0.19855482249450204 0.02026294933362253 
0.20106817467797675 0.02026153758946608 
0.19604147031102734 0.020263577277423322 
0.20358152686145145 0.020261279270322542 
0.20609487904492618 0.020261028176889344 
0.09644989004084198 0.02027025586056002 
0.09833490417844801 0.020269694823670175 
0.09456487590323594 0.02027054542798703 
0.10021991831605404 0.020269156686245206 
0.19447062519635563 0.020264075257445693 
0.17153628652214892 0.020266131481261704 
0.0471253534401508 0.020278484401610997 
0.04838202953188816 0.02027753417696876 
0.04963870562362551 0.02027663396414976 
0.032359409362236885 0.9391998320689113 
0.07382972038956959 0.020275369108163632 
0.0747722274583726 0.020274577922526175 
0.08545397423814012 0.020273461785644802 

0.029217719132893498 0.9569310680898576 
0.37794533459000945 0.020259657692731244 
0.03173107131636821 0.055736763888760935 
0.22965755576500158 0.02026264974211452 
0.32610744580584355 0.020262359160877437 
0.13383600377002827 0.020267666459529973 
0.16211121583411875 0.020266984019258517 
0.20201068174677977 0.020263577277423322 
0.35281181275526236 0.02026054648744601 
0.32767829092051526 0.020261803450774364 
0.34872761545711595 0.020261407507325923 
0.11812755262331134 0.020271452739258317 
0.09959158027018536 0.020272760955509984 
0.17813383600377003 0.02026676496435653 
0.06063462142632736 0.020281680611771314 
0.046497015394282123 0.020283507017577196 
0.0804272698711907 0.020275779916090742 
0.09456487590323594 0.020274577922526175 
0.07822808671065033 0.020278484401610997 
0.06723217090794847 0.02027897958910064 
0.18064718818724473 0.020266131481261704 
0.1910147659440779 0.020265338250256 
0.03267357838517122 0.04053892416462491 
0.03361608545397424 0.04053534267276446 
0.03424442349984291 0.025354803723139255 
0.1982406534715677 0.020264778619059173 
0.1925856110587496 0.020264961974009715 
0.12252591894439209 0.02027025586056002 
0.1275526233113415 0.020269972389289355 
0.034872761545711596 0.02029020383886547 
0.04052780395852969 0.02028623114827072 
0.036757775683317624 0.020289351516156046 
0.04272698711907006 0.02028415509705671 
0.06251963556393339 0.020280013023861586 
0.06534715677034245 0.02027948892480426 
0.35061262959472195 0.020261279270322542 
0.12975180647188186 0.020268895771130085 
0.097392397109645 0.02027382486631708 
0.13195098963242224 0.020267902773798717 
0.18001885014137606 0.02026654992881058 
0.09613572101790764 0.020274196802615482 
0.04147031102733271 0.02028482442504376 
0.07948476280238768 0.02027707806914048 
0.06189129751806472 0.02028055253759709 
0.351555136663525 0.020261152839474113 
0.08011310084825636 0.02027620139435364 

0.03110273327049953 0.9847784600528422 
0.564875903235941 0.020256110930488857 
0.032359409362236885 0.9594624665368211 
0.03298774740810556 0.050672844921054304 
0.23342758404021363 0.02026264974211452 
0.30442978322337416 0.020262217123033926 
0.5208922400251336 0.020257709035568994 
0.45208922400251333 0.02025914733014113 
0.18253220232485076 0.020262798385593504 
0.3660069117185046 0.020260430133408194 
0.40904806786050896 0.020260315341169535 
0.5347156770342444 0.020256241388046416 
0.4194156456173421 0.020259763742100652 
0.3443292491360352 0.020261152839474113 
0.31950989632422244 0.02026193931372234 
0.3402450518378888 0.020261407507325923 
0.15865535658184102 0.02026442107690567 
0.0999057492931197 0.020272422623720764 
0.11624253848570532 0.020272091981290402 
0.17499214577442665 0.020263258361083555 
0.04429783223374175 0.02028551606396368 
0.060006283380458686 0.02028482442504376 
0.03173107131636821 0.9594644755832075 
0.034872761545711596 0.02029020383886547 
0.3176248821866164 0.020262077189454778 
0.14797360980207352 0.020267434646485383 
0.13792020106817468 0.020267666459529973 
0.03361608545397424 0.03548135203529437 
0.11749921457744267 0.02027054542798703 
0.12692428526547284 0.02027025586056002 
0.08513980521520578 0.02027897958910064 
0.07822808671065033 0.02027948892480426 
0.1291234684260132 0.020269694823670175 
0.13603518693056865 0.020267902773798717 
0.17562048382029533 0.02026310264021453 
0.06314797360980208 0.020283507017577196 
0.06943135406848884 0.02028287919058143 
0.09110901665095822 0.02027800278090192 
0.04052780395852969 0.02028697089065735 
0.525918944392083 0.02025708369010288 
0.07351555136663525 0.02028227068133938 
0.5300031416902293 0.020257009324696092 
0.1551994973295633 0.020265338250256 
0.15142946905435123 0.02026654992881058 
0.5309456487590324 0.020256307620344863 
0.07665724159597864 0.020280013023861586 
0.09770656613257933 0.02027382486631708 
0.34244423499842913 0.020261279270322542 
0.09299403078856425 0.02027753417696876 
0.09456487590323594 0.020274577922526175 
0.04241281809613572 0.02028623114827072 
0.06189129751806472 0.02028415509705671 
0.09644989004084198 0.020274196802615482 
0.1281809613572102 0.020269972389289355 
0.11687087653157399 0.020271452739258317 
0.11655670750863965 0.020271768769026987 

0.03078856424756519 0.9696021236493804 
0.37386113729186304 0.02025812958953747 
0.035186930568645934 0.05573564181498124 
0.03298774740810556 0.9670566618777114 
0.24096764059063777 0.02026153758946608 
0.3072573044297832 0.020261407507325923 
0.1998114985862394 0.02026572784601545 
0.1460885956644675 0.020266131481261704 
0.32799245994344955 0.02025914733014113 
0.3678919258561106 0.020258761446231534 
0.14326107445805844 0.020268389440807666 
0.11498586239396795 0.020268640074317272 
0.0609487904492617 0.020275369108163632 
0.08294062205466542 0.020274968570434676 
0.22117499214577444 0.020262077189454778 
0.0860823122840088 0.020272422623720764 
0.10461828463713478 0.020271768769026987 
0.04115614200439836 0.020283507017577196 
0.05560791705937795 0.020280013023861586 
0.3157398680490104 0.02025998002699871 
0.32453660069117185 0.020259763742100652 
0.03612943763744895 0.04054414892922131 
0.1096449890040842 0.02027054542798703 
0.038956958843858 0.025354803723139255 
0.20578071002199183 0.02026442107690567 
0.21049324536600691 0.020264246738169643 
0.03770028275212064 0.0354769203153242 
0.36977693999371664 0.020258667898617088 
0.057492931196983975 0.02027948892480426 
0.20295318881558277 0.020265338250256 
0.21332076657241597 0.020263740593452186 
0.3264216148287779 0.020259246834797098 
0.216148287778825 0.020262798385593504 
0.31291234684260133 0.02026054648744601 
0.04021363493559535 0.020287736588917162 
0.036757775683317624 0.03547947900647682 
0.21834747093936538 0.020262503350809452 
0.22086082312284008 0.020262359160877437 
0.11278667923342758 0.020269422981053442 
0.1454602576185988 0.020266338803001854 
0.08325479107759975 0.020273107248047206 
0.11090166509582156 0.020269694823670175 
0.08513980521520578 0.020272760955509984 
0.3110273327049953 0.020260664435374772 
0.3088281495444549 0.020261152839474113 
0.3103989946591266 0.02026090524572931 
0.03204524033930255 0.967068003268603 
0.32516493873704055 0.020259449646834647 
0.03110273327049953 0.9695944527449954 
0.03267357838517122 0.9670607981496836 

0.020106817467797675 0.9569480410679503 
0.34904178448005024 0.017727177031118885 
0.027332704995287466 0.9341484820671864 
0.03173107131636821 0.05573456554013134 
0.14043355325164938 0.020265148490252488 
0.18190386427898209 0.020264778619059173 
0.20515237197612315 0.017729629729925877 
0.2340559220860823 0.017729385563208046 
0.2695570216776626 0.017729031686444723 
0.29594721960414705 0.017728916894206068 
0.256990260760289 0.017729148040482545 
0.0999057492931197 0.020267666459529973 
0.1218975808985234 0.02026676496435653 
0.3056864593151115 0.017728803632530564 
0.3267357838517122 0.01772869187100974 
0.06534715677034245 0.02027948892480426 
0.08388312912346843 0.020278484401610997 
0.03958529688972667 0.02028415509705671 
0.05655042412818096 0.020283507017577196 
0.13226515865535657 0.020266131481261704 
0.33459000942507067 0.017728472730772816 
0.03267357838517122 0.03548039751099313 
0.3418158969525605 0.01772836529513718 
0.06471881872447377 0.020281108156220223 
0.05780710021991831 0.02028287919058143 
0.020735155513666354 0.9417468136800489 
0.3333333333333333 0.017728581580035242 
0.138234370091109 0.02026572784601545 
0.09110901665095822 0.020269972389289355 
0.09707822808671066 0.020269694823670175 
0.19761231542569901 0.017731550886659064 
0.19227144203581528 0.01773170419325106 
0.03455859252277725 0.02028852963354339 
0.033930254476908575 0.025353000732792404 
0.03361608545397424 0.03547859452064628 
0.025133521834747093 0.9392093785118288 
0.022306000628338044 0.9392132880074998 
0.038014451775054976 0.02028551606396368 
0.34809927741124724 0.01772794915204216 
0.34464341815896954 0.01772805119987118 
0.18504555450832547 0.01773580876030835 
0.20075400565504242 0.017731104903845985 
0.02607602890355011 0.9366744715431095 
0.20263901979264845 0.017730271109891137 
0.19038642789820923 0.017731859914120084 
0.08639648130694313 0.020271452739258317 
0.18630223060006285 0.01773452941473204 
0.18787307571473452 0.017733563527046248 
0.18818724473766887 0.017733199898740983 
0.08796732642161482 0.020271143655198862 
0.08953817153628653 0.02027054542798703 
0.18975808985234055 0.01773201810674894 
0.08513980521520578 0.02027800278090192 
0.09927741124725102 0.020268389440807666 
0.2038956958843858 0.017730009060362456 
0.09802073515551367 0.020268895771130085 
0.08545397423814012 0.02027620139435364 
0.08890983349041784 0.020270841290358096 
0.0333019164310399 0.03547947900647682 
0.097392397109645 0.020269156686245206 

0.027018535972353125 0.954408459220835 
0.3641218975808985 0.020256790975203803 
0.034872761545711596 0.02029020383886547 
0.26453031731071314 0.020258304778882914 
0.31196983977379833 0.020258216668947397 
0.3223374175306315 0.020257009324696092 
0.2563619227144204 0.02026054648744601 
0.23531259817781966 0.02026090524572931 
0.16305372290292178 0.020271452739258317 
0.1454602576185988 0.020272091981290402 
0.09550738297203895 0.02027753417696876 
0.11215834118755891 0.02027663396414976 
0.07100219918316054 0.02028055253759709 
0.08545397423814012 0.020280013023861586 
0.043669494187873074 0.02028551606396368 
0.05780710021991831 0.02028415509705671 
0.22588752748978952 0.020261152839474113 
0.12095507382972039 0.020275779916090742 
0.12692428526547284 0.020273461785644802 
0.1357210179076343 0.020272760955509984 
0.13760603204524033 0.020272422623720764 
0.06974552309142319 0.02028287919058143 
0.09299403078856425 0.02027948892480426 
0.06220546654099906 0.020283507017577196 
0.21897580898523406 0.020261669556854607 
0.17279296261388627 0.020267902773798717 
0.19164310398994658 0.020264075257445693 
0.17939051209550738 0.020267434646485383 
0.1982406534715677 0.020263906565026208 
0.2038956958843858 0.02026341655371241 
0.21017907634307256 0.020262217123033926 
0.04052780395852969 0.02028697089065735 
0.1674520892240025 0.020268895771130085 
0.20295318881558277 0.020263740593452186 
0.18316054037071944 0.020267207207271817 
0.31542569902607603 0.020258043522678806 
0.31888155827835374 0.020257311716626435 
0.2613886270813698 0.02025848416438035 
0.2582469368520264 0.020259657692731244 
0.12409676405906378 0.020274196802615482 
0.216148287778825 0.02026193931372234 
0.21300659754948162 0.020262077189454778 
0.16588124410933083 0.02027025586056002 
0.18881558278353755 0.020264778619059173 
0.1859880615771285 0.020266131481261704 
0.18693056864593152 0.020264961974009715 
0.04241281809613572 0.02028623114827072 
0.18410304743952247 0.02026676496435653 

0.03110273327049953 0.9594825570006859 
0.37637448947533775 0.005072637495108537 
0.032359409362236885 0.0430786495801639 
0.17310713163682062 0.02026153758946608 
0.24976437323279924 0.020261407507325923 
0.3016022620169651 0.02025998002699871 
0.35940936223688347 0.005073968479096629 
0.2525918944392083 0.020261279270322542 
0.06377631165567076 0.02027897958910064 
0.0885956644674835 0.020275779916090742 
0.14985862393967955 0.02026310264021453 
0.1705937794533459 0.020262217123033926 
0.04429783223374175 0.020281108156220223 
0.3625510524662268 0.005073016825545116 
0.13415017279296262 0.020265338250256 
0.14640276468740182 0.020265148490252488 
0.12064090480678605 0.020268895771130085 
0.1112158341187559 0.020269156686245206 
0.10367577756833177 0.020269422981053442 
0.03361608545397424 0.02788715669440397 
0.12786679233427584 0.020268389440807666 
0.09707822808671066 0.020269972389289355 
0.03550109959158027 0.02282248677165948 
0.038014451775054976 0.02029020383886547 
0.04052780395852969 0.02028623114827072 
0.043355325164938736 0.020283507017577196 
0.13352183474709395 0.02026676496435653 
0.12975180647188186 0.020267666459529973 
0.1316368206094879 0.020266984019258517 
0.09519321394910461 0.02027025586056002 
0.14828777882500785 0.020264598345704453 
0.17122211749921457 0.020262077189454778 
0.09362236883443292 0.020270841290358096 
0.09330819981149858 0.020273107248047206 
0.09079484762802388 0.02027382486631708 
0.1495444549167452 0.020264246738169643 
0.08953817153628653 0.020275369108163632 
0.09205152371976123 0.020273461785644802 
0.14765944077913917 0.020264778619059173 

0.03078856424756519 0.9822591158841977 
0.8077285579641847 0.020256175828157093 
0.032359409362236885 0.055736763888760935 
0.7150486961985548 0.020256241388046416 
0.6019478479421929 0.02025723487252326 
0.4948162111215834 0.02025738941455299 
0.700282752120641 0.020256790975203803 
0.6088595664467483 0.020257009324696092 
0.4278982092365693 0.020257547429437306 
0.4021363493559535 0.020257791223830285 
0.35218347470939365 0.020258043522678806 
0.09519321394910461 0.020274577922526175 
0.12441093308199812 0.020274196802615482 
0.17027961043041157 0.020267902773798717 
0.19227144203581528 0.020267666459529973 
0.24882186616399624 0.020262359160877437 
0.26861451460885954 0.020262217123033926 
0.3141690229343387 0.020260430133408194 
0.29531888155827835 0.02026054648744601 
0.33207665724159596 0.02025998002699871 
0.08545397423814012 0.020278484401610997 
0.06880301602262016 0.02027948892480426 
0.22557335846685517 0.020264778619059173 
0.24159597863650645 0.02026442107690567 
0.060006283380458686 0.02028415509705671 
0.34401508011310084 0.020259763742100652 
0.04524033930254477 0.02028482442504376 
0.14891611687087652 0.020272760955509984 
0.13509267986176562 0.020273107248047206 
0.03298774740810556 0.04054514163449463 
0.03424442349984291 0.025354803723139255 
0.27332704995287466 0.020261669556854607 
0.2865221489161169 0.020260784010171517 
0.21866163996229973 0.020266131481261704 
0.20672321709079486 0.02026676496435653 
0.333961671379202 0.020259871177736286 
0.1608545397423814 0.020268640074317272 
0.20106817467797675 0.020267434646485383 
0.156770342444235 0.020272091981290402 
0.1275526233113415 0.020273461785644802 
0.0373861137291863 0.02028623114827072 
0.08702481935281181 0.020275779916090742 
0.0942507068803016 0.020275369108163632 
0.04461200125667609 0.02028551606396368 
0.035186930568645934 0.025353000732792404 
0.036443606660383286 0.02029020383886547 
0.34872761545711595 0.02025812958953747 
0.24568017593465286 0.020263258361083555 
0.20358152686145145 0.020267207207271817 
0.06597549481621112 0.020280013023861586 
0.2704995287464656 0.020262077189454778 
0.12692428526547284 0.02027382486631708 
0.15865535658184102 0.020271768769026987 
0.06283380458686773 0.020281108156220223 
0.06471881872447377 0.02028055253759709 
0.061262959472196045 0.020281680611771314 

