656.0 4.125 
684.0 4.090909090909091 
659.0 4.1 

960.0 4.038461538461538 
685.0 6.111111111111111 
697.0 4.083333333333333 
734.0 4.052631578947368 
811.0 4.05 
890.0 4.04 
812.0 4.0476190476190474 
879.0 4.045454545454546 
718.0 4.055555555555555 
699.0 4.071428571428571 
712.0 4.0625 
888.0 4.043478260869565 

903.0 4.0344827586206895 
651.0 4.1 
812.0 4.038461538461538 
687.0 4.090909090909091 
761.0 4.04 
718.0 4.071428571428571 
696.0 4.076923076923077 
722.0 4.0625 
748.0 4.043478260869565 
689.0 4.083333333333333 
744.0 4.05 
735.0 4.052631578947368 
729.0 4.0588235294117645 
734.0 4.055555555555555 

696.0 4.090909090909091 
672.0 4.111111111111111 
678.0 4.1 

639.0 4.090909090909091 

694.0 4.090909090909091 
661.0 4.111111111111111 
673.0 4.1 

1035.0 4.035714285714286 
696.0 4.090909090909091 
882.0 4.038461538461538 
988.0 4.037037037037037 
767.0 4.05 
702.0 4.083333333333333 
739.0 4.066666666666666 
860.0 4.043478260869565 
741.0 4.0625 
752.0 4.055555555555555 
873.0 4.041666666666667 
754.0 4.052631578947368 

701.0 4.083333333333333 
683.0 4.1 
687.0 4.090909090909091 

690.0 4.083333333333333 
662.0 4.1 
686.0 4.090909090909091 

674.0 4.111111111111111 
880.0 4.038461538461538 
707.0 4.083333333333333 
722.0 4.052631578947368 
787.0 4.05 
719.0 4.0588235294117645 
826.0 4.045454545454546 
692.0 4.090909090909091 
829.0 4.043478260869565 
688.0 4.1 
864.0 4.041666666666667 
875.0 4.04 

