140.0 6.125 
144.0 6.111111111111111 

152.0 4.125 
156.0 4.111111111111111 

142.0 6.125 
156.0 4.111111111111111 
146.0 6.111111111111111 
152.0 4.125 

140.0 6.142857142857143 
162.0 4.111111111111111 
152.0 6.111111111111111 
154.0 4.142857142857143 
144.0 6.125 
158.0 4.125 

152.0 4.125 
156.0 4.111111111111111 

174.0 4.076923076923077 
142.0 6.125 
154.0 4.111111111111111 
146.0 6.1 
158.0 4.1 
166.0 4.090909090909091 
170.0 4.083333333333333 
144.0 6.111111111111111 

152.0 4.125 
156.0 4.111111111111111 

149.0 4.1 

152.0 4.125 
156.0 4.111111111111111 

140.0 6.125 
176.0 4.083333333333333 
148.0 6.1 
152.0 4.125 
156.0 4.111111111111111 
166.0 4.1 
170.0 4.090909090909091 
144.0 6.111111111111111 

