860.0 101.01960784313725 
787.0 1142.0833333333333 
817.0 692.0909090909091 
834.0 683.0769230769231 
835.0 291.03846153846155 
815.0 1064.0588235294117 
813.0 1064.0625 
798.0 1067.0588235294117 
842.0 154.02702702702703 
855.0 101.02 
845.0 115.02380952380952 
794.0 1073.0666666666666 
796.0 1067.0625 
849.0 113.02222222222223 
851.0 107.02127659574468 
853.0 107.02083333333333 
790.0 1117.0714285714287 
791.0 1098.076923076923 
844.0 132.02380952380952 
843.0 137.02702702702703 
847.0 113.02272727272727 
788.0 1134.076923076923 
792.0 1090.0714285714287 
793.0 1081.0714285714287 
789.0 1125.076923076923 
