815.0 770.0909090909091 
857.0 101.01960784313725 
833.0 292.04347826086956 
831.0 599.0909090909091 
839.0 154.02777777777777 
837.0 275.0416666666667 
817.0 692.1 
825.0 622.125 
843.0 137.02702702702703 
823.0 669.0833333333334 
845.0 115.02380952380952 
819.0 692.0909090909091 
827.0 622.1 
820.0 675.0909090909091 
828.0 605.1 
835.0 290.04 
830.0 605.0909090909091 
822.0 675.0769230769231 
847.0 113.02272727272727 
849.0 109.02222222222223 
851.0 107.02127659574468 
853.0 103.02083333333333 
855.0 101.02 
844.0 132.02439024390245 
