860.0 101.01960784313725 
787.0 1142.0833333333333 
798.0 1065.0588235294117 
817.0 692.0909090909091 
830.0 599.0909090909091 
833.0 292.04347826086956 
841.0 274.037037037037 
842.0 154.02702702702703 
822.0 669.0769230769231 
825.0 622.1111111111111 
844.0 132.02439024390245 
837.0 291.03846153846155 
846.0 132.02380952380952 
839.0 274.03846153846155 
819.0 686.0833333333334 
827.0 616.1 
820.0 675.0833333333334 
828.0 605.1 
794.0 1073.0666666666666 
796.0 1067.0666666666666 
790.0 1117.0714285714287 
791.0 1098.076923076923 
852.0 109.02173913043478 
854.0 107.02127659574468 
856.0 103.0204081632653 
848.0 115.02380952380952 
850.0 113.02272727272727 
858.0 101.02 
835.0 291.04 
792.0 1090.0714285714287 
788.0 1134.076923076923 
789.0 1125.076923076923 
793.0 1081.0714285714287 
849.0 115.02325581395348 
