0.9492753623188406 0.0013093490171072779 
0.2028985507246377 1.0 
0.2898550724637681 0.9378161994814959 
0.2971014492753623 0.38681078714554956 
0.9057971014492754 0.0032737555661505055 
0.5797101449275363 0.0039275855993422155 
0.41304347826086957 0.32594450830194066 
0.427536231884058 0.12435392527833945 
0.47101449275362317 0.11322679852074341 
0.4782608695652174 0.03469000215344256 
0.21739130434782608 0.9960692681371603 
0.2318840579710145 0.9417521751168313 
0.3333333333333333 0.37568064166995274 
0.35507246376811596 0.34101441128515775 
0.2608695652173913 0.9378189262431936 
0.3188405797101449 0.3828750975341685 
0.4927536231884058 0.020290483509588893 
0.3695652173913043 0.34100713992063025 
0.37681159420289856 0.3298819521935749 
0.4420289855072464 0.11388425106343707 
0.5072463768115942 0.01898089549780912 
0.5217391304347826 0.009164553385701461 
0.391304347826087 0.32987600289532515 
0.2463768115942029 0.9378220425422769 
0.5362318840579711 0.00785503136475122 
0.5507246376811594 0.005237023988572038 
0.9202898550724637 0.001964317176920683 
0.5652173913043478 0.0039278756803738995 
0.45652173913043476 0.1132277307469649 
0.9347826086956522 0.001964038935931111 

0.2826086956521739 0.4378557661285094 
0.5869565217391305 2.467657645022506E-7 
0.41304347826086957 0.1250106243390567 
0.39855072463768115 0.3259494660504821 
0.45652173913043476 0.03469000215344256 
0.4420289855072464 0.11388425106343707 
0.2971014492753623 0.3868167364437993 
0.35507246376811596 0.34102350049081714 
0.4855072463768116 0.023564323117973202 
0.34057971014492755 0.3717541048251097 
0.5 0.009164915746059973 
0.3115942028985507 0.38681078714554956 
0.3695652173913043 0.34100713992063025 
0.3188405797101449 0.3756855994184942 
0.37681159420289856 0.3298819521935749 
0.427536231884058 0.12369950247086561 
0.391304347826087 0.32987600289532515 
0.3333333333333333 0.3756764466519562 
0.5144927536231884 0.007855361881320645 
0.5289855072463768 0.005237340134855844 
0.5434782608695652 0.0039278756803738995 
0.5579710144927537 0.001309894369446839 
0.572463768115942 5.034021595897992E-7 
0.4927536231884058 0.020290483509588893 

0.9492753623188406 0.0013093490171072779 
0.14492753623188406 0.7467433312561638 
0.47101449275362317 0.02421923723386106 
0.41304347826086957 0.3697866413846916 
0.8405797101449275 0.011783805552525815 
0.2898550724637681 0.6649313275553953 
0.2971014492753623 0.3756855994184942 
0.42028985507246375 0.1132277307469649 
0.43478260869565216 0.11322679852074341 
0.3115942028985507 0.3717541048251097 
0.2753623188405797 0.6701709050331826 
0.2318840579710145 0.6911015278255543 
0.18840579710144928 0.731678858188016 
0.2028985507246377 0.7061599644262474 
0.15942028985507245 0.735613185780567 
0.21739130434782608 0.6950311809694808 
0.17391304347826086 0.7316824539177273 
0.8913043478260869 0.005891762942329689 
0.8623188405797102 0.009819338553533816 
0.9202898550724637 0.001964317176920683 
0.8478260869565217 0.011128963243252315 
0.8768115942028986 0.0072012849632799285 
0.9347826086956522 0.001964038935931111 
0.9057971014492754 0.0032737555661505055 
0.8985507246376812 0.003928178373624349 
0.8695652173913043 0.007856070131112284 

0.9492753623188406 0.0013093490171072779 
0.2826086956521739 0.9011743653237416 
0.2971014492753623 0.8959358665648676 
0.3115942028985507 0.37568064166995274 
0.8478260869565217 0.011128963243252315 
0.4855072463768116 0.02421874592544705 
0.38405797101449274 0.3259494660504821 
0.42028985507246375 0.1132277307469649 
0.43478260869565216 0.11322679852074341 
0.47101449275362317 0.02421923723386106 
0.3695652173913043 0.3298819521935749 
0.32608695652173914 0.37174990980711314 
0.8623188405797102 0.009819338553533816 
0.8768115942028986 0.0072012849632799285 
0.8913043478260869 0.005891762942329689 
0.9057971014492754 0.0032737555661505055 
0.9202898550724637 0.001964317176920683 
0.9347826086956522 0.001964038935931111 

0.5942028985507246 5.034021595897992E-7 
0.2028985507246377 0.9849482754281016 
0.2898550724637681 0.9031272460825525 
0.2971014492753623 0.38681078714554956 
0.391304347826087 0.32594450830194066 
0.41304347826086957 0.1250106243390567 
0.5 0.10798762889192795 
0.5072463768115942 0.023564323117973202 
0.2318840579710145 0.9810139478355506 
0.2463768115942029 0.9096854575506129 
0.2608695652173913 0.9057522086769753 
0.3333333333333333 0.37174990980711314 
0.35507246376811596 0.34101441128515775 
0.5217391304347826 0.009164915746059973 
0.427536231884058 0.12369950247086561 
0.4420289855072464 0.11388425106343707 
0.3115942028985507 0.382879292552165 
0.3188405797101449 0.37568064166995274 
0.3695652173913043 0.3370746537775374 
0.37681159420289856 0.3298819521935749 
0.21739130434782608 0.9810175435652619 
0.47101449275362317 0.11191628132774345 
0.4855072463768116 0.10929783788772456 
0.5362318840579711 0.007855361881320645 
0.5507246376811594 0.005237340134855844 
0.5652173913043478 0.0039278756803738995 
0.5797101449275363 0.001309894369446839 
0.45652173913043476 0.11257330793949107 

0.6086956521739131 2.467657645022506E-7 
0.07971014492753623 0.681296092760238 
0.15942028985507245 0.630889496810059 
0.2971014492753623 0.38681078714554956 
0.391304347826087 0.3259494660504821 
0.41304347826086957 0.1250106243390567 
0.47101449275362317 0.11322679852074341 
0.4782608695652174 0.034689510845028554 
0.3333333333333333 0.37174990980711314 
0.35507246376811596 0.34101441128515775 
0.4927536231884058 0.020290483509588893 
0.4420289855072464 0.12435291847402026 
0.5072463768115942 0.02029010347311532 
0.45652173913043476 0.1132277307469649 
0.3115942028985507 0.382879292552165 
0.3695652173913043 0.3370806030757872 
0.3188405797101449 0.37568064166995274 
0.37681159420289856 0.3298819521935749 
0.13043478260869565 0.6361300119977514 
0.14492753623188406 0.6322034751529084 
0.10144927536231885 0.6649277318256839 
0.10869565217391304 0.6524972942133922 
0.5507246376811594 0.005237023988572038 
0.5652173913043478 0.0039278756803738995 
0.5797101449275363 0.0013096161284572667 
0.5217391304347826 0.009164915746059973 
0.5362318840579711 0.007855361881320645 
0.5942028985507246 5.034021595897992E-7 
0.427536231884058 0.12435392527833945 
0.11594202898550725 0.6472583160238902 
0.08695652173913043 0.6760565152824506 
0.09420289855072464 0.670166710015186 
0.12318840579710146 0.6413685107566255 
0.5289855072463768 0.009164553385701461 

0.9492753623188406 0.0013093490171072779 
0.07971014492753623 0.681296092760238 
0.30434782608695654 0.6289221762340308 
0.4782608695652174 0.03469000215344256 
0.9057971014492754 0.0032737555661505055 
0.5797101449275363 0.0039275855993422155 
0.15217391304347827 0.6322007483912107 
0.2753623188405797 0.6302374799687891 
0.09420289855072464 0.670166710015186 
0.10869565217391304 0.6524972942133922 
0.4927536231884058 0.020290483509588893 
0.12318840579710146 0.6413685107566255 
0.5072463768115942 0.01898089549780912 
0.13768115942028986 0.6361331282968348 
0.5144927536231884 0.009165295782533542 
0.2898550724637681 0.6289240897510118 
0.9202898550724637 0.001964317176920683 
0.5507246376811594 0.005237023988572038 
0.9347826086956522 0.001964038935931111 
0.5362318840579711 0.007855361881320645 
0.5652173913043478 0.0039278756803738995 
0.5217391304347826 0.009164915746059973 
0.5289855072463768 0.007855707770753772 
0.5579710144927537 0.003928178373624349 

0.6086956521739131 2.467657645022506E-7 
0.07971014492753623 0.681296092760238 
0.2971014492753623 0.38681078714554956 
0.42028985507246375 0.3809118291117469 
0.427536231884058 0.12435291847402026 
0.2826086956521739 0.6302350740025852 
0.26811594202898553 0.6302374799687891 
0.15942028985507245 0.6321983424250066 
0.4782608695652174 0.034689510845028554 
0.572463768115942 5.034021595897992E-7 
0.5 0.009164915746059973 
0.13043478260869565 0.6361300119977514 
0.14492753623188406 0.6322007483912107 
0.5289855072463768 0.00785503136475122 
0.5434782608695652 0.0039278756803738995 
0.5579710144927537 0.0039275855993422155 
0.10144927536231885 0.6649277318256839 
0.10869565217391304 0.6524972942133922 
0.4927536231884058 0.02029010347311532 
0.4855072463768116 0.023564323117973202 
0.5144927536231884 0.007855361881320645 
0.08695652173913043 0.6760565152824506 
0.11594202898550725 0.6472583160238902 
0.12318840579710146 0.6413685107566255 
0.09420289855072464 0.670166710015186 

0.927536231884058 0.0013093490171072779 
0.10144927536231885 0.6813010505087794 
0.18840579710144928 0.6322007483912107 
0.41304347826086957 0.12500943879049242 
0.8985507246376812 0.0032734528729000557 
0.5797101449275363 0.0039275855993422155 
0.45652173913043476 0.11322679852074341 
0.4782608695652174 0.034689510845028554 
0.4927536231884058 0.02029010347311532 
0.5289855072463768 0.005237023988572038 
0.5652173913043478 0.0039278756803738995 
0.11594202898550725 0.6701709050331826 
0.13043478260869565 0.6525014892313888 
0.5217391304347826 0.009164553385701461 
0.14492753623188406 0.6413721064863369 
0.427536231884058 0.12435291847402026 
0.4420289855072464 0.11388425106343707 
0.15942028985507245 0.6361331282968348 
0.17391304347826086 0.6322034751529084 
0.9130434782608695 0.001964038935931111 

0.9492753623188406 0.0013093490171072779 
0.2608695652173913 0.9057553249760586 
0.2898550724637681 0.9031293847191781 
0.2971014492753623 0.37568064166995274 
0.8478260869565217 0.011128963243252315 
0.5 0.022908993279581163 
0.3695652173913043 0.3259494660504821 
0.42028985507246375 0.1132277307469649 
0.4492753623188406 0.11191628132774345 
0.47101449275362317 0.02421923723386106 
0.35507246376811596 0.3298819521935749 
0.3115942028985507 0.37174990980711314 
0.2753623188405797 0.9057522086769753 
0.8623188405797102 0.009819338553533816 
0.8768115942028986 0.0072012849632799285 
0.8913043478260869 0.005891762942329689 
0.9057971014492754 0.0032737555661505055 
0.43478260869565216 0.11191708726716151 
0.4855072463768116 0.02290943486042291 
0.9202898550724637 0.001964317176920683 
0.9347826086956522 0.001964038935931111 

