644.0 4.111111111111111 
978.0 4.0285714285714285 
672.0 4.090909090909091 
743.0 4.038461538461538 
648.0 4.1 
676.0 4.076923076923077 
802.0 4.037037037037037 
869.0 4.03125 
929.0 4.03030303030303 
974.0 4.029411764705882 
833.0 4.032258064516129 
700.0 4.0476190476190474 
686.0 4.071428571428571 
728.0 4.041666666666667 
689.0 4.0588235294117645 
687.0 4.066666666666666 
712.0 4.045454545454546 
718.0 4.043478260869565 
807.0 4.0344827586206895 
688.0 4.0625 
695.0 4.055555555555555 
820.0 4.033333333333333 
696.0 4.052631578947368 
698.0 4.05 
803.0 4.035714285714286 
