1024.0 3.0285714285714285 
682.0 3.0625 
706.0 3.0454545454545454 
694.0 3.05 
704.0 3.0476190476190474 
688.0 3.0555555555555554 
608.0 3.111111111111111 
869.0 3.0294117647058822 
610.0 3.1 
729.0 3.0416666666666665 
632.0 3.0833333333333335 
776.0 3.04 
822.0 3.0303030303030303 
660.0 3.076923076923077 
628.0 3.090909090909091 
801.0 3.0344827586206895 
814.0 3.032258064516129 
783.0 3.0384615384615383 
790.0 3.037037037037037 
797.0 3.0357142857142856 
725.0 3.0434782608695654 
818.0 3.03125 
