0.6469500924214417 0.32339752044315484 
0.07208872458410351 0.33873749568816824 
0.16820702402957485 0.32543241511851373 
0.38817005545286504 0.3250347920210298 
0.5397412199630314 0.32466367713004485 
0.08687615526802218 0.3354260089686098 
0.10166358595194085 0.33289369559482984 
0.1256931608133087 0.3308945008260561 
0.12939001848428835 0.3292761050608584 
0.10905730129390019 0.3318385650224215 
0.5822550831792976 0.3239910313901346 
0.6229205175600739 0.32368528332653895 
0.5471349353049908 0.32431650513525245 
0.1534195933456562 0.3273542600896862 
0.16081330868761554 0.32631942048982404 
0.14048059149722736 0.32857725234406865 
0.1478743068391867 0.32793916942873863 
0.1645101663585952 0.3258594917787744 

0.059149722735674676 0.34977578475336313 
0.3955637707948244 0.32466367713004485 
0.08872458410351201 0.3408071748878923 
0.19593345656192238 0.32857725234406865 
0.2698706099815157 0.32793916942873863 
0.06284658040665435 0.3461883408071748 
0.33826247689463956 0.3273542600896862 
0.18114602587800369 0.33289369559482984 
0.18484288354898337 0.3292761050608584 
0.11829944547134935 0.3369634849455477 
0.14602587800369685 0.3354260089686098 
0.10905730129390019 0.33873749568816824 
0.16266173752310537 0.33408071748878926 
0.35489833641404805 0.3258594917787744 
0.35304990757855825 0.3268161434977579 
0.37153419593345655 0.32543241511851373 
0.3807763401109057 0.3250347920210298 

0.053604436229205174 0.34977578475336313 
0.41035120147874304 0.32466367713004485 
0.08687615526802218 0.3408071748878923 
0.1922365988909427 0.32793916942873863 
0.13493530499075784 0.33289369559482984 
0.29944547134935307 0.3273542600896862 
0.05730129390018484 0.3461883408071748 
0.3678373382624769 0.32543241511851373 
0.33086876155268025 0.3268161434977579 
0.40850277264325324 0.3250347920210298 
0.13863216266173753 0.3308945008260561 
0.15526802218114602 0.3292761050608584 
0.17375231053604437 0.32857725234406865 
0.14602587800369685 0.3300448430493273 

0.09242144177449169 0.34977578475336313 
0.7097966728280961 0.323126201153107 
0.14417744916820702 0.3432531593966571 
0.2754158964879852 0.32631942048982404 
0.09981515711645102 0.3461883408071748 
0.15157116451016636 0.33873749568816824 
0.3844731977818854 0.3258594917787744 
0.5083179297597042 0.3239910313901346 
0.6192236598890942 0.32368528332653895 
0.7024029574861368 0.32339752044315484 
0.4417744916820702 0.32431650513525245 
0.19593345656192238 0.3292761050608584 
0.17005545286506468 0.3369634849455477 
0.2476894639556377 0.3273542600896862 
0.1756007393715342 0.33289369559482984 
0.17190388170055454 0.3354260089686098 
0.21811460258780038 0.32857725234406865 
0.22920517560073936 0.32793916942873863 
0.39371534195933455 0.3250347920210298 
0.17375231053604437 0.33408071748878926 
0.1866913123844732 0.3318385650224215 
0.4177449168207024 0.32466367713004485 
0.18853974121996303 0.3308945008260561 
0.1922365988909427 0.3300448430493273 
0.38632162661737524 0.32543241511851373 

1.0 0.322180062090376 
0.04805914972273567 0.3408071748878923 
0.5341959334565619 0.32286995515695066 
0.9260628465804066 0.32239792305876797 
0.07578558225508318 0.3318385650224215 
0.053604436229205174 0.33873749568816824 
0.11829944547134935 0.3300448430493273 
0.3733826247689464 0.32339752044315484 
0.22365988909426987 0.3292761050608584 
0.25693160813308685 0.3268161434977579 
0.22735674676524953 0.32793916942873863 
0.2957486136783734 0.32631942048982404 
0.24953789279112754 0.3273542600896862 
0.35304990757855825 0.3239910313901346 
0.3345656192236599 0.32466367713004485 
0.3142329020332717 0.32543241511851373 
0.3031423290203327 0.3258594917787744 
0.3512014787430684 0.32431650513525245 
0.32717190388170053 0.3250347920210298 

0.08133086876155268 0.3461883408071748 
0.7948243992606284 2.5624599615630913E-4 
0.16266173752310537 0.011210762331838597 
0.6192236598890942 0.0011210762331838884 
0.7726432532347505 5.275652862041659E-4 
0.20702402957486138 0.0057072971871178334 
0.3438077634011091 0.005069214271787967 
0.45286506469500926 0.0021648368640791536 
0.5693160813308688 0.001793721973094164 
0.3752310536044362 0.003449465332873392 
0.43807763401109057 0.002989536621823702 
0.6118299445471349 0.0014465499783017728 
0.18484288354898337 0.007174887892376656 
0.2033271719038817 0.006406149903907728 
0.3585951940850277 0.003946188340807218 
0.17375231053604437 0.00896860986547082 
0.3512014787430684 0.00448430493273541 
0.4454713493530499 0.0025624599615630913 

0.11829944547134935 0.3408071748878923 
0.8096118299445472 0.3226275602957218 
0.1256931608133087 0.3369634849455477 
0.24399260628465805 0.3250347920210298 
0.40850277264325324 0.32466367713004485 
0.4510166358595194 0.32431650513525245 
0.5711645101663586 0.3239910313901346 
0.13863216266173753 0.33408071748878926 
0.5951940850277264 0.32368528332653895 
0.6820702402957486 0.32339752044315484 
0.7375231053604436 0.323126201153107 
0.8022181146025879 0.32286995515695066 
0.19038817005545286 0.32857725234406865 
0.14972273567467653 0.33289369559482984 
0.17190388170055454 0.3300448430493273 
0.1589648798521257 0.3308945008260561 
0.15526802218114602 0.3318385650224215 
0.18853974121996303 0.3292761050608584 
0.22735674676524953 0.32543241511851373 
0.19593345656192238 0.32793916942873863 
0.2033271719038817 0.3273542600896862 
0.21256931608133087 0.3268161434977579 
0.2199630314232902 0.3258594917787744 
0.2144177449168207 0.32631942048982404 

0.031423290203327174 0.023318385650224274 

0.025878003696857672 0.026905829596412602 
0.5083179297597042 5.275652862041659E-4 
0.029574861367837338 0.023318385650224274 
0.24953789279112754 0.00448430493273541 
0.07024029574861368 0.017937219730941784 
0.3364140480591497 0.003946188340807218 
0.4214417744916821 8.153281695882825E-4 
0.12199630314232902 0.015867540531217746 
0.17190388170055454 0.014093529788597146 
0.06284658040665435 0.020383204239706486 
0.19038817005545286 0.010023740437879151 
0.17744916820702403 0.012556053811659291 
0.20702402957486138 0.008024545669105584 
0.3826247689463956 0.0021648368640791536 
0.4066543438077634 0.0014465499783017728 
0.22181146025878004 0.006406149903907728 
0.23475046210720887 0.0057072971871178334 
0.2144177449168207 0.007174887892376656 
0.34935304990757854 0.003449465332873392 
0.36229205175600737 0.002989536621823702 
0.3752310536044362 0.0025624599615630913 
0.24214417744916822 0.005069214271787967 
0.41404805914972276 0.0011210762331838884 

0.6802218114602587 0.32239792305876797 
0.06839186691312385 0.3542600896860987 
0.12384473197781885 0.33289369559482984 
0.07208872458410351 0.3461883408071748 
0.37153419593345655 0.32431650513525245 
0.48613678373382624 0.3239910313901346 
0.4879852125693161 0.32368528332653895 
0.6025878003696857 0.32339752044315484 
0.23844731977818853 0.32631942048982404 
0.31608133086876156 0.3258594917787744 
0.17744916820702403 0.3308945008260561 
0.2033271719038817 0.3273542600896862 
0.17929759704251386 0.3292761050608584 
0.6210720887245841 0.32286995515695066 
0.6580406654343808 0.3226275602957218 
0.23105360443622922 0.3268161434977579 
0.3234750462107209 0.32543241511851373 
0.34750462107208874 0.3250347920210298 
0.36414048059149723 0.32466367713004485 
0.6136783733826248 0.323126201153107 

