944.0 4.029411764705882 
633.0 4.076923076923077 
685.0 4.035714285714286 
804.0 4.0344827586206895 
886.0 4.033333333333333 
641.0 4.066666666666666 
649.0 4.0588235294117645 
662.0 4.052631578947368 
664.0 4.0476190476190474 
653.0 4.055555555555555 
909.0 4.03125 
931.0 4.03030303030303 
890.0 4.032258064516129 
677.0 4.041666666666667 
681.0 4.038461538461538 
670.0 4.045454545454546 
674.0 4.043478260869565 
683.0 4.037037037037037 

626.0 4.111111111111111 
808.0 4.033333333333333 
642.0 4.083333333333333 
700.0 4.045454545454546 
740.0 4.043478260869565 
628.0 4.1 
777.0 4.041666666666667 
692.0 4.0588235294117645 
694.0 4.0476190476190474 
658.0 4.071428571428571 
673.0 4.066666666666666 
653.0 4.076923076923077 
682.0 4.0625 
786.0 4.037037037037037 
785.0 4.04 
795.0 4.035714285714286 
800.0 4.0344827586206895 

623.0 4.111111111111111 
816.0 4.033333333333333 
641.0 4.083333333333333 
698.0 4.043478260869565 
667.0 4.0588235294117645 
756.0 4.041666666666667 
625.0 4.1 
793.0 4.035714285714286 
773.0 4.04 
815.0 4.0344827586206895 
669.0 4.052631578947368 
678.0 4.0476190476190474 
688.0 4.045454545454546 
673.0 4.05 

644.0 4.111111111111111 
978.0 4.0285714285714285 
672.0 4.090909090909091 
743.0 4.038461538461538 
648.0 4.1 
676.0 4.076923076923077 
802.0 4.037037037037037 
869.0 4.03125 
929.0 4.03030303030303 
974.0 4.029411764705882 
833.0 4.032258064516129 
700.0 4.0476190476190474 
686.0 4.071428571428571 
728.0 4.041666666666667 
689.0 4.0588235294117645 
687.0 4.066666666666666 
712.0 4.045454545454546 
718.0 4.043478260869565 
807.0 4.0344827586206895 
688.0 4.0625 
695.0 4.055555555555555 
820.0 4.033333333333333 
696.0 4.052631578947368 
698.0 4.05 
803.0 4.035714285714286 

1135.0 4.0256410256410255 
620.0 4.083333333333333 
883.0 4.027777777777778 
1095.0 4.026315789473684 
635.0 4.055555555555555 
623.0 4.076923076923077 
658.0 4.05 
796.0 4.029411764705882 
715.0 4.0476190476190474 
733.0 4.04 
717.0 4.043478260869565 
754.0 4.038461538461538 
729.0 4.041666666666667 
785.0 4.03125 
775.0 4.033333333333333 
764.0 4.035714285714286 
758.0 4.037037037037037 
784.0 4.032258064516129 
771.0 4.0344827586206895 

638.0 4.1 
1024.0 3.0285714285714285 
682.0 3.0625 
929.0 3.03125 
1012.0 3.0294117647058822 
706.0 3.0454545454545454 
780.0 3.0434782608695654 
839.0 3.0344827586206895 
902.0 3.033333333333333 
797.0 3.0384615384615383 
831.0 3.037037037037037 
925.0 3.032258064516129 
694.0 3.05 
704.0 3.0476190476190474 
788.0 3.04 
688.0 3.0555555555555554 
784.0 3.0416666666666665 
835.0 3.0357142857142856 

658.0 4.083333333333333 
1032.0 4.027027027027027 
662.0 4.071428571428571 
726.0 4.0344827586206895 
815.0 4.033333333333333 
838.0 4.032258064516129 
903.0 4.03125 
669.0 4.0625 
916.0 4.03030303030303 
963.0 4.029411764705882 
993.0 4.0285714285714285 
1028.0 4.027777777777778 
697.0 4.045454545454546 
675.0 4.0588235294117645 
687.0 4.05 
680.0 4.052631578947368 
678.0 4.055555555555555 
696.0 4.0476190476190474 
717.0 4.035714285714286 
700.0 4.043478260869565 
704.0 4.041666666666667 
709.0 4.04 
713.0 4.037037037037037 
710.0 4.038461538461538 

611.0 3.1 

608.0 3.111111111111111 
869.0 3.0294117647058822 
610.0 3.1 
729.0 3.0416666666666665 
632.0 3.0833333333333335 
776.0 3.04 
822.0 3.0303030303030303 
660.0 3.076923076923077 
687.0 3.0714285714285716 
628.0 3.090909090909091 
697.0 3.0588235294117645 
690.0 3.066666666666667 
706.0 3.0526315789473686 
801.0 3.0344827586206895 
814.0 3.032258064516129 
714.0 3.0476190476190474 
721.0 3.0454545454545454 
710.0 3.05 
783.0 3.0384615384615383 
790.0 3.037037037037037 
797.0 3.0357142857142856 
725.0 3.0434782608695654 
818.0 3.03125 

962.0 4.026315789473684 
631.0 4.125 
661.0 4.0588235294117645 
633.0 4.1 
795.0 4.032258064516129 
857.0 4.03125 
858.0 4.03030303030303 
920.0 4.029411764705882 
723.0 4.038461538461538 
765.0 4.037037037037037 
690.0 4.052631578947368 
704.0 4.041666666666667 
691.0 4.0476190476190474 
930.0 4.027777777777778 
950.0 4.027027027027027 
719.0 4.04 
769.0 4.035714285714286 
782.0 4.0344827586206895 
791.0 4.033333333333333 
926.0 4.0285714285714285 

