640.0 4.111111111111111 
1081.0 4.0285714285714285 
896.0 4.03030303030303 
1077.0 4.029411764705882 
739.0 4.071428571428571 
742.0 4.055555555555555 
688.0 4.076923076923077 
654.0 4.090909090909091 
647.0 4.1 
685.0 4.083333333333333 
854.0 4.032258064516129 
892.0 4.03125 
795.0 4.043478260869565 
805.0 4.04 
777.0 4.045454545454546 
747.0 4.052631578947368 
841.0 4.033333333333333 
764.0 4.0476190476190474 
758.0 4.05 
820.0 4.038461538461538 
833.0 4.035714285714286 
824.0 4.037037037037037 
