0.06481481481481481 0.03087885985748222 
0.45555555555555555 0.002923442353371084 
0.29259259259259257 0.010688836104513098 
0.1962962962962963 0.015348072355198335 
0.2962962962962963 0.007500937617202236 
0.3537037037037037 0.005881687591901347 
0.1037037037037037 0.022802850356294598 
0.07222222222222222 0.026392187912377987 
0.2222222222222222 0.012034837688044439 
0.42777777777777776 0.0051824659900669605 
0.15 0.019866119628589946 
0.1537037037037037 0.01741884402216952 
0.20925925925925926 0.013573125212080176 
0.4351851851851852 0.004544046266652993 
0.44814814814814813 0.0034204275534442255 
0.04814814814814815 0.34943256795988376 
0.05555555555555555 0.3458432304038004 
