0.06481481481481481 0.03087885985748222 
0.45555555555555555 0.002923442353371084 
0.29259259259259257 0.010688836104513098 
0.1962962962962963 0.015348072355198335 
0.2962962962962963 0.007500937617202236 
0.3537037037037037 0.005881687591901347 
0.1037037037037037 0.022802850356294598 
0.07222222222222222 0.026392187912377987 
0.2222222222222222 0.012034837688044439 
0.42777777777777776 0.0051824659900669605 
0.15 0.019866119628589946 
0.1537037037037037 0.01741884402216952 
0.20925925925925926 0.013573125212080176 
0.4351851851851852 0.004544046266652993 
0.44814814814814813 0.0034204275534442255 

0.2722222222222222 0.330541317664708 
0.09814814814814815 0.34943256795988376 
0.1925925925925926 0.33661350525958594 
0.13148148148148148 0.3404592240696753 
0.22407407407407406 0.33254156769596194 
0.12407407407407407 0.3429064996760959 
0.26666666666666666 0.33148588017946684 

0.05185185185185185 0.34943256795988376 
0.26851851851851855 0.330541317664708 
0.11851851851851852 0.3458432304038004 
0.2111111111111111 0.33148588017946684 
0.19074074074074074 0.3350752177355502 
0.14629629629629629 0.33661350525958594 
0.13703703703703704 0.3383884524027041 
0.12222222222222222 0.3429064996760959 
0.19444444444444445 0.33254156769596194 

0.09259259259259259 0.34943256795988376 
0.9092592592592592 0.3227689175432643 
0.5666666666666667 0.3233282948247319 
0.9018518518518519 0.3230403800475059 
0.2759259259259259 0.33661350525958594 
0.2814814814814815 0.33148588017946684 
0.1814814814814815 0.3383884524027041 
0.11851851851851852 0.3429064996760959 
0.10555555555555556 0.3458432304038004 
0.17592592592592593 0.3404592240696753 
0.4888888888888889 0.3239598498199372 
0.5592592592592592 0.32363420427553447 
0.37962962962962965 0.3275844263141589 
0.39814814814814814 0.32646080760095014 
0.34629629629629627 0.328222846037573 
0.29074074074074074 0.330541317664708 
0.4648148148148148 0.32430720506730004 
0.32222222222222224 0.3289220676394073 
0.3111111111111111 0.32969121140142515 
0.42592592592592593 0.325963822400877 
0.45 0.3250763488293179 
0.43333333333333335 0.325503650919328 

0.06481481481481481 0.34943256795988376 
0.362962962962963 0.325503650919328 
0.11666666666666667 0.3383884524027041 
0.25925925925925924 0.32646080760095014 
0.16111111111111112 0.33661350525958594 
0.18888888888888888 0.33254156769596194 
0.2351851851851852 0.32699920823436274 
0.22592592592592592 0.3289220676394073 
0.1962962962962963 0.33148588017946684 
0.2111111111111111 0.330541317664708 
0.21851851851851853 0.32969121140142515 

0.912962962962963 0.3233282948247319 
0.0962962962962963 0.9955133280548957 
0.12407407407407407 0.3458432304038004 
0.11296296296296296 0.9919239904988122 
0.6240740740740741 0.32363420427553447 
0.14629629629629629 0.3404592240696753 
0.3537037037037037 0.3383884524027041 
0.5092592592592593 0.3239598498199372 
0.45555555555555555 0.32699920823436274 
0.4203703703703704 0.3289220676394073 
0.3851851851851852 0.33148588017946684 
0.4166666666666667 0.32969121140142515 
0.3574074074074074 0.3350752177355502 
0.46296296296296297 0.325503650919328 
0.48518518518518516 0.32467851584896384 
0.4888888888888889 0.32430720506730004 
0.46111111111111114 0.325963822400877 

0.12222222222222222 0.3458432304038004 
0.44814814814814813 0.325503650919328 
0.17037037037037037 0.33661350525958594 
0.3388888888888889 0.325963822400877 
0.24444444444444444 0.333729216152019 
0.13333333333333333 0.3404592240696753 
0.2537037037037037 0.32969121140142515 
0.3037037037037037 0.32699920823436274 
0.2962962962962963 0.3289220676394073 
0.12962962962962962 0.3429064996760959 
0.24814814814814815 0.33148588017946684 
0.30185185185185187 0.328222846037573 

0.12407407407407407 0.35391923990498814 
0.30925925925925923 0.3289220676394073 
0.12962962962962962 0.3458432304038004 
0.15925925925925927 0.3404592240696753 
0.21851851851851853 0.33661350525958594 
0.2 0.3383884524027041 
0.26296296296296295 0.333729216152019 
0.13148148148148148 0.3429064996760959 
0.28888888888888886 0.33254156769596194 
0.2962962962962963 0.32969121140142515 
0.29259259259259257 0.330541317664708 

0.25925925925925924 0.32969121140142515 
0.10185185185185185 0.3429064996760959 
0.12037037037037036 0.3404592240696753 
0.19074074074074074 0.330541317664708 
0.1388888888888889 0.3350752177355502 
0.14444444444444443 0.33254156769596194 
0.1685185185185185 0.33148588017946684 

0.04814814814814815 0.34943256795988376 
0.42407407407407405 0.325503650919328 
0.12777777777777777 0.333729216152019 
0.05555555555555555 0.3458432304038004 
0.20555555555555555 0.3289220676394073 
0.3296296296296296 0.328222846037573 
0.37962962962962965 0.3275844263141589 
0.15185185185185185 0.33148588017946684 
0.19444444444444445 0.330541317664708 
0.38333333333333336 0.32646080760095014 
0.4166666666666667 0.325963822400877 
0.1388888888888889 0.33254156769596194 
0.2 0.32969121140142515 

