930.0 4.090909090909091 
1875.0 4.0227272727272725 
1279.0 4.029411764705882 
1540.0 4.0285714285714285 
1630.0 4.023809523809524 
1871.0 4.023255813953488 
942.0 4.0625 
935.0 4.076923076923077 
1092.0 4.04 
1112.0 4.0344827586206895 
1211.0 4.033333333333333 
931.0 4.083333333333333 
1044.0 4.041666666666667 
1105.0 4.035714285714286 
1266.0 4.032258064516129 
994.0 4.05 
1032.0 4.045454545454546 
1600.0 4.0256410256410255 
964.0 4.052631578947368 
955.0 4.0588235294117645 
959.0 4.055555555555555 
1573.0 4.027777777777778 
1586.0 4.027027027027027 
1621.0 4.024390243902439 
