1340.0 4.023809523809524 
1514.0 4.023255813953488 
1216.0 4.027027027027027 
1072.0 4.037037037037037 
1117.0 4.032258064516129 
1210.0 4.027777777777778 
1319.0 4.025 
1069.0 4.038461538461538 
1334.0 4.024390243902439 
1044.0 4.041666666666667 
847.0 5.076923076923077 
857.0 4.071428571428571 
850.0 5.071428571428571 
1277.0 4.026315789473684 
1152.0 4.0285714285714285 
1101.0 4.033333333333333 
1064.0 4.04 
1093.0 4.0344827586206895 
1087.0 4.035714285714286 
1605.0 4.020833333333333 
1585.0 4.0212765957446805 
1569.0 4.021739130434782 
1562.0 4.0227272727272725 
909.0 4.043478260869565 
863.0 4.052631578947368 
908.0 4.0476190476190474 
