0.4903536977491961 0.24624089117847783 
0.6302250803858521 0.2461052156242944 
0.39067524115755625 0.24702927615548978 
0.27491961414790994 0.24948202941730452 
0.31109324758842444 0.24831103753747033 
0.3858520900321543 0.24721323265012582 
0.4734726688102894 0.24653259361997232 
0.272508038585209 0.24983107507379346 
0.4855305466237942 0.24638318505237755 
0.25241157556270094 0.2506164278008939 
0.09405144694533762 0.5042853586542907 
0.10209003215434084 0.2579089888382537 
0.09646302250803858 0.5029390396935473 
0.4397106109324759 0.2468550015816239 
0.3392282958199357 0.2474077009444554 
0.2982315112540193 0.248574510710433 
0.2684887459807074 0.25020804438280164 
0.29180064308681675 0.24885615444704826 
0.2869774919614148 0.2491579155934218 
0.7033762057877814 0.24551163507474177 
0.6872990353697749 0.2456202476859365 
0.6744372990353698 0.24573358258457445 
0.6688102893890675 0.24597570714075562 
0.14389067524115756 0.25106032282055923 
0.10691318327974277 0.2533031608146579 
0.14308681672025725 0.2520749400083657 
