945.0 4.1 
1639.0 4.022222222222222 
1488.0 4.029411764705882 
1323.0 4.03030303030303 
984.0 4.090909090909091 
987.0 4.076923076923077 
1008.0 4.052631578947368 
993.0 4.066666666666666 
1002.0 4.0625 
1498.0 4.023809523809524 
1028.0 4.0476190476190474 
1233.0 4.032258064516129 
1301.0 4.03125 
1574.0 4.0227272727272725 
1084.0 4.043478260869565 
1105.0 4.038461538461538 
1117.0 4.037037037037037 
1187.0 4.033333333333333 
1161.0 4.035714285714286 
1063.0 4.045454545454546 
1533.0 4.023255813953488 
1173.0 4.0344827586206895 
