1025.0 4.0476190476190474 
1578.0 4.0227272727272725 
1340.0 4.023809523809524 
1514.0 4.023255813953488 
1052.0 4.043478260869565 
1291.0 4.026315789473684 
1216.0 4.027027027027027 
1161.0 4.03125 
1072.0 4.037037037037037 
1117.0 4.032258064516129 
1033.0 4.045454545454546 
1109.0 4.0344827586206895 
1170.0 4.0285714285714285 
1210.0 4.027777777777778 
1064.0 4.041666666666667 
1165.0 4.029411764705882 
1319.0 4.025 
1065.0 4.04 
1069.0 4.038461538461538 
1113.0 4.033333333333333 
1334.0 4.024390243902439 
