1605.0 4.020833333333333 
981.0 4.111111111111111 
1082.0 4.076923076923077 
1359.0 4.025 
1535.0 4.024390243902439 
1086.0 4.045454545454546 
1085.0 4.066666666666666 
1221.0 4.03125 
1300.0 4.029411764705882 
1104.0 4.041666666666667 
1166.0 4.04 
1328.0 4.026315789473684 
1199.0 4.035714285714286 
1179.0 4.037037037037037 
1306.0 4.027777777777778 
1100.0 4.043478260869565 
1208.0 4.033333333333333 
1585.0 4.0212765957446805 
1569.0 4.021739130434782 
1568.0 4.0227272727272725 
1553.0 4.023255813953488 
1172.0 4.038461538461538 
1547.0 4.023809523809524 
1216.0 4.032258064516129 
1304.0 4.0285714285714285 
