0.07037037037037037 0.34943256795988376 
0.07592592592592592 0.022802850356294598 
0.07222222222222222 0.3458432304038004 

0.13333333333333333 0.34943256795988376 
0.5185185185185185 0.32699920823436274 
0.20925925925925926 0.3383884524027041 
0.29074074074074074 0.33661350525958594 
0.32222222222222224 0.33148588017946684 
0.4111111111111111 0.32969121140142515 
0.48333333333333334 0.3275844263141589 
0.14629629629629629 0.3429064996760959 
0.17592592592592593 0.3404592240696753 
0.14074074074074075 0.3458432304038004 
0.3037037037037037 0.3350752177355502 
0.30925925925925923 0.33254156769596194 
0.4185185185185185 0.3289220676394073 
0.45925925925925926 0.328222846037573 

0.15555555555555556 0.35391923990498814 
0.46111111111111114 0.32646080760095014 
0.16296296296296298 0.3404592240696753 
0.1574074074074074 0.34943256795988376 
0.2111111111111111 0.3383884524027041 
0.26851851851851855 0.33661350525958594 
0.36666666666666664 0.3275844263141589 
0.42407407407407405 0.32699920823436274 
0.3277777777777778 0.330541317664708 
0.2962962962962963 0.33148588017946684 
0.2814814814814815 0.3350752177355502 
0.2833333333333333 0.33254156769596194 
0.34444444444444444 0.3289220676394073 

0.812962962962963 0.325963822400877 
0.10185185185185185 0.35391923990498814 
0.11666666666666667 0.34943256795988376 
0.6648148148148149 0.3275844263141589 
0.8055555555555556 0.32646080760095014 
0.5314814814814814 0.328222846037573 
0.29814814814814816 0.33254156769596194 
0.16666666666666666 0.3458432304038004 
0.4111111111111111 0.33148588017946684 
0.2462962962962963 0.3383884524027041 
0.29444444444444445 0.333729216152019 
0.21296296296296297 0.3429064996760959 
0.42777777777777776 0.32969121140142515 
0.5111111111111111 0.3289220676394073 
0.23333333333333334 0.3404592240696753 
0.42592592592592593 0.330541317664708 

0.6314814814814815 0.325963822400877 
0.11481481481481481 0.3429064996760959 
0.5074074074074074 0.333729216152019 
0.55 0.32699920823436274 
0.5351851851851852 0.330541317664708 
0.5722222222222222 0.32646080760095014 
0.5296296296296297 0.33148588017946684 

0.3685185185185185 0.3289220676394073 
0.12962962962962962 0.34943256795988376 
0.17037037037037037 0.3404592240696753 
0.2759259259259259 0.32969121140142515 
0.20925925925925926 0.3383884524027041 
0.2222222222222222 0.33254156769596194 
0.2111111111111111 0.333729216152019 
0.26481481481481484 0.33148588017946684 
0.26851851851851855 0.330541317664708 

0.12777777777777777 0.35391923990498814 
0.29259259259259257 0.3289220676394073 
0.19814814814814816 0.3429064996760959 
0.1388888888888889 0.3458432304038004 
0.22407407407407406 0.3383884524027041 
0.25555555555555554 0.33254156769596194 
0.13148148148148148 0.34943256795988376 
0.23148148148148148 0.33661350525958594 
0.25925925925925924 0.330541317664708 
0.2777777777777778 0.32969121140142515 

0.15925925925925927 0.34943256795988376 
0.8740740740740741 0.32430720506730004 
0.1925925925925926 0.3404592240696753 
0.2796296296296296 0.330541317664708 
0.5055555555555555 0.32969121140142515 
0.2518518518518518 0.33661350525958594 
0.7333333333333333 0.325503650919328 
0.8537037037037037 0.3250763488293179 
0.6166666666666667 0.325963822400877 
0.2611111111111111 0.33254156769596194 
0.1962962962962963 0.3383884524027041 
0.5462962962962963 0.3289220676394073 
0.587037037037037 0.32646080760095014 
0.5685185185185185 0.3275844263141589 
0.26851851851851855 0.33148588017946684 
0.8666666666666667 0.32467851584896384 

0.1259259259259259 0.3429064996760959 
0.23148148148148148 0.32969121140142515 
0.17962962962962964 0.33661350525958594 
0.14074074074074075 0.3383884524027041 
0.1962962962962963 0.33148588017946684 
0.2037037037037037 0.330541317664708 
0.13148148148148148 0.3404592240696753 

0.13148148148148148 0.3458432304038004 
0.48518518518518516 0.32646080760095014 
0.22592592592592592 0.3383884524027041 
0.1814814814814815 0.3429064996760959 
0.3074074074074074 0.3289220676394073 
0.4666666666666667 0.3275844263141589 
0.3888888888888889 0.328222846037573 
0.2796296296296296 0.33661350525958594 
0.3037037037037037 0.33148588017946684 
0.29444444444444445 0.33254156769596194 
0.28703703703703703 0.3350752177355502 

