1082.0 4.111111111111111 
1718.0 4.03030303030303 
1174.0 4.055555555555555 
1339.0 4.043478260869565 
1369.0 4.041666666666667 
1494.0 4.04 
1089.0 4.090909090909091 
1639.0 4.03125 
1085.0 4.1 
1142.0 4.0625 
1554.0 4.038461538461538 
1117.0 4.083333333333333 
1122.0 4.071428571428571 
1120.0 4.076923076923077 
1163.0 4.0588235294117645 
1591.0 4.035714285714286 
1609.0 4.033333333333333 
1595.0 4.0344827586206895 

1094.0 4.111111111111111 
1519.0 4.038461538461538 
1366.0 4.045454545454546 
1216.0 4.0476190476190474 
1100.0 4.1 
1426.0 4.04 
1150.0 4.090909090909091 
1183.0 4.055555555555555 
1381.0 4.041666666666667 
1171.0 4.071428571428571 
1175.0 4.0625 
1154.0 4.083333333333333 
1160.0 4.076923076923077 

1430.0 4.04 
1066.0 4.111111111111111 
1175.0 4.045454545454546 
1333.0 4.041666666666667 
1102.0 4.090909090909091 
1105.0 4.076923076923077 
1083.0 4.1 
1145.0 4.052631578947368 
1116.0 4.066666666666666 
1113.0 4.071428571428571 
1126.0 4.0625 
1129.0 4.0588235294117645 
1139.0 4.055555555555555 

968.0 4.111111111111111 

1013.0 4.090909090909091 

1061.0 4.1 
1057.0 6.142857142857143 
1058.0 4.111111111111111 

1019.0 4.111111111111111 

1049.0 4.1 

1077.0 4.111111111111111 
1725.0 4.03030303030303 
1324.0 4.032258064516129 
1491.0 4.03125 
1078.0 4.1 
1188.0 4.076923076923077 
1145.0 4.090909090909091 
1190.0 4.0625 
1153.0 4.083333333333333 
1273.0 4.0344827586206895 
1225.0 4.038461538461538 
1219.0 4.04 
1199.0 4.052631578947368 
1194.0 4.0588235294117645 
1217.0 4.043478260869565 
1196.0 4.055555555555555 
1209.0 4.05 
1213.0 4.0476190476190474 
1215.0 4.045454545454546 

1047.0 5.125 
1073.0 4.111111111111111 
1058.0 4.125 
1056.0 5.111111111111111 

