0.2829581993569132 0.26763240355473356 
0.7942122186495176 0.2478319954048109 
0.35691318327974275 0.2540196229516617 
0.4895498392282958 0.25106032282055923 
0.5136655948553055 0.2506164278008939 
0.6141479099678456 0.25020804438280164 
0.28858520900321544 0.2626823015172529 
0.7307073954983923 0.24806403143781783 
0.2853697749196141 0.26490984743411916 
0.3311897106109325 0.25572122052704577 
0.662379421221865 0.24983107507379346 
0.31109324758842444 0.26082601325319765 
0.31511254019292606 0.2579089888382537 
0.3135048231511254 0.259255307798997 
0.34807073954983925 0.25482037475184244 
0.6921221864951769 0.2491579155934218 
0.7065916398713826 0.248574510710433 
0.6953376205787781 0.24885615444704826 

0.29260450160771706 0.26763240355473356 
0.6342443729903537 0.24983107507379346 
0.5112540192926045 0.2515445719329215 
0.39067524115755625 0.2520749400083657 
0.297427652733119 0.26490984743411916 
0.5594855305466238 0.25020804438280164 
0.33762057877813506 0.2626823015172529 
0.3641479099678457 0.2540196229516617 
0.5233118971061094 0.2506164278008939 
0.3545016077170418 0.2579089888382537 
0.35771704180064307 0.25572122052704577 
0.3408360128617363 0.26082601325319765 
0.34565916398713825 0.259255307798997 

0.5627009646302251 0.25020804438280164 
0.27009646302250806 0.26763240355473356 
0.35771704180064307 0.2515445719329215 
0.4847266881028939 0.2506164278008939 
0.2990353697749196 0.2626823015172529 
0.30144694533762056 0.259255307798997 
0.2837620578778135 0.26490984743411916 
0.33360128617363344 0.2533031608146579 
0.3102893890675241 0.2567421790722761 
0.30787781350482313 0.2579089888382537 
0.3183279742765273 0.25572122052704577 
0.3207395498392283 0.25482037475184244 
0.3287781350482315 0.2540196229516617 

0.19131832797427653 0.26763240355473356 

0.227491961414791 0.2626823015172529 

0.26607717041800644 0.26490984743411916 
0.2628617363344051 0.7654712370385048 
0.26366559485530544 0.26763240355473356 

0.23231511254019294 0.26763240355473356 

0.25643086816720256 0.26490984743411916 

0.27893890675241156 0.26763240355473356 
0.7998392282958199 0.2478319954048109 
0.477491961414791 0.24831103753747033 
0.6117363344051447 0.24806403143781783 
0.2797427652733119 0.26490984743411916 
0.36816720257234725 0.259255307798997 
0.33360128617363344 0.2626823015172529 
0.36977491961414793 0.25572122052704577 
0.340032154340836 0.26082601325319765 
0.4364951768488746 0.24885615444704826 
0.3979099678456592 0.24983107507379346 
0.39308681672025725 0.25020804438280164 
0.3770096463022508 0.2533031608146579 
0.3729903536977492 0.25482037475184244 
0.39147909967845657 0.25106032282055923 
0.3745980707395498 0.2540196229516617 
0.385048231511254 0.2526583448913545 
0.3882636655948553 0.2520749400083657 
0.38987138263665594 0.2515445719329215 

0.25482315112540194 0.5160656495607953 
0.2757234726688103 0.26763240355473356 
0.26366559485530544 0.2710355987055016 
0.2620578778135048 0.5126624544100271 

