0.2391304347826087 0.10344827586206899 

0.2608695652173913 0.10344827586206899 

0.2608695652173913 0.10344827586206899 
0.30434782608695654 0.062068965517241545 

0.5 0.10344827586206899 

0.2826086956521739 0.10344827586206899 
0.32608695652173914 0.062068965517241545 

0.8478260869565217 0.10344827586206899 

0.2826086956521739 0.10344827586206899 
0.32608695652173914 0.062068965517241545 

0.13043478260869565 0.10344827586206899 
0.17391304347826086 0.062068965517241545 

0.21739130434782608 0.10344827586206899 

0.5 0.10344827586206899 

