1459.0 469.03846153846155
1481.0 97.02127659574468
1453.0 470.03846153846155
1458.0 470.0357142857143
1472.0 97.02173913043478
1471.0 103.02325581395348
1467.0 108.02173913043478
1464.0 110.02272727272727
1545.0 95.01666666666667
1440.0 470.04
1460.0 116.02439024390245
1488.0 95.01851851851852
1482.0 95.01960784313725
1463.0 111.02439024390245
1519.0 95.02
1537.0 95.01851851851852
1531.0 95.01960784313725
1533.0 95.01886792452831
1461.0 114.02380952380952
1482.0 95.0204081632653
1472.0 97.02127659574468
1466.0 97.02173913043478
1462.0 103.02325581395348
1465.0 103.02127659574468
1447.0 466.0357142857143
1453.0 465.0344827586207
1458.0 461.0344827586207
1471.0 99.02083333333333
1462.0 103.02173913043478
1492.0 95.01851851851852
1445.0 465.0357142857143
1446.0 465.03333333333336
1660.0 95.01369863013699
1648.0 95.01449275362319
1643.0 95.01470588235294
1440.0 467.0357142857143
1455.0 458.02564102564105
1552.0 95.01538461538462
1632.0 95.01492537313433
1487.0 95.01886792452831
1474.0 95.01960784313725
1525.0 95.01785714285714
1444.0 467.0344827586207
1472.0 97.0204081632653
1547.0 95.01587301587301
1541.0 95.01612903225806
1448.0 461.03225806451616
1530.0 95.01724137931035
1535.0 95.01666666666667
1450.0 459.0285714285714
1529.0 95.01754385964912
1539.0 95.01639344262296
1453.0 459.0263157894737
2138.0 95.01030927835052
1706.0 95.01219512195122
1888.0 95.01204819277109
1966.0 95.01136363636364
2054.0 95.01123595505618
1496.0 95.01818181818182
1935.0 95.01176470588236
2091.0 95.01063829787235
1663.0 95.01351351351352
2067.0 95.01098901098901
2081.0 95.01086956521739
1655.0 95.01388888888889
1480.0 95.01923076923077
1461.0 114.02380952380952
1464.0 103.02127659574468
1455.0 459.02702702702703
1461.0 109.02380952380952
1468.0 97.01960784313725
1458.0 116.02439024390245
1462.0 105.0204081632653
1459.0 110.02272727272727
1464.0 103.02
1471.0 97.01923076923077
1472.0 95.01923076923077
1476.0 95.01851851851852
1444.0 465.02941176470586
1463.0 103.02173913043478
1449.0 463.0357142857143
1466.0 101.02173913043478
1453.0 463.03225806451616
1454.0 462.0344827586207
1897.0 95.00892857142857
1798.0 95.00961538461539
1645.0 95.01234567901234
1555.0 95.0126582278481
1640.0 95.0125
1490.0 95.01492537313433
1539.0 95.01428571428572
1766.0 95.01052631578948
1783.0 95.01041666666667
1481.0 95.01666666666667
1792.0 95.00990099009901
1544.0 95.01315789473684
1551.0 95.01282051282051
1445.0 464.03125
1543.0 95.01369863013699
1448.0 464.02777777777777
1487.0 95.01587301587301
1484.0 95.01639344262296
1433.0 467.037037037037
2109.0 89.0091743119266
1435.0 465.037037037037
1700.0 95.01149425287356
1920.0 89.01298701298701
1946.0 89.01234567901234
2006.0 89.01204819277109
2014.0 89.01162790697674
2061.0 89.01052631578948
2072.0 89.00980392156863
1924.0 89.01282051282051
2065.0 89.01041666666667
1695.0 95.01190476190476
1489.0 95.01515151515152
1476.0 95.01754385964912
2908.0 87.00574712643679
2285.0 88.00961538461539
2404.0 87.00892857142857
2520.0 87.00735294117646
2879.0 87.0060606060606
2785.0 87.00621118012423
2256.0 89.01010101010101
1475.0 95.01785714285714
2473.0 87.00757575757575
2509.0 87.00746268656717
1541.0 95.01470588235294
1562.0 95.01449275362319
2764.0 87.00625
1464.0 101.01923076923077
1467.0 97.02
2450.0 87.008
2279.0 88.00990099009901
2269.0 88.01052631578948
2753.0 87.00641025641026
1469.0 95.01923076923077
2723.0 87.00689655172414
2738.0 87.00653594771242
2429.0 87.00826446280992
2893.0 87.00588235294117
2444.0 87.00813008130082
1535.0 95.01492537313433
2427.0 87.00862068965517
1775.0 95.01041666666667
2461.0 87.0079365079365
2416.0 87.00869565217391
2754.0 87.00628930817611
2414.0 87.00877192982456
2263.0 88.01075268817205
1453.0 114.01851851851852
1454.0 108.01960784313725
1460.0 102.01923076923077
1456.0 106.01886792452831
1458.0 103.02173913043478
1459.0 103.01960784313725
1723.0 95.0111111111111
1466.0 97.02173913043478
1468.0 95.02083333333333
1435.0 464.02222222222224
1732.0 95.01063829787235
1568.0 95.0125
1659.0 95.01176470588236
1617.0 95.01234567901234
1480.0 95.01612903225806
1622.0 95.01219512195122
1431.0 465.03846153846155
2183.0 94.00892857142857
2051.0 94.0091743119266
1779.0 94.01351351351352
1905.0 94.01
1998.0 94.00990099009901
2189.0 94.00869565217391
2245.0 94.00854700854701
1878.0 94.01136363636364
1829.0 94.01162790697674
2008.0 94.00934579439253
1809.0 94.01234567901234
1822.0 94.01176470588236
1799.0 94.0126582278481
2003.0 94.00980392156863
1807.0 94.0125
1891.0 94.01030927835052
1432.0 464.0357142857143
1882.0 94.01063829787235
1889.0 94.01052631578948
1898.0 94.01020408163265
1786.0 94.01333333333334
1787.0 94.01315789473684
1791.0 94.01298701298701
1795.0 94.01282051282051
2587.0 87.00704225352112
1748.0 95.01052631578948
2568.0 87.00714285714285
1724.0 95.01098901098901
1707.0 95.01136363636364
1716.0 95.01123595505618
1700.0 95.01162790697674
1441.0 459.0243902439024
1452.0 458.0192307692308
1448.0 458.0208333333333
1442.0 458.02222222222224
1445.0 458.02127659574467
1465.0 99.02173913043478
1448.0 463.03125
1433.0 464.03225806451616
1425.0 470.0285714285714
1834.0 93.01052631578948
1713.0 93.01388888888889
1747.0 93.01369863013699
1805.0 93.01063829787235
1797.0 93.01190476190476
1774.0 93.01234567901234
1764.0 93.01298701298701
1754.0 93.01351351351352
1428.0 470.02702702702703
1430.0 469.025
1455.0 109.02173913043478
1467.0 100.01754385964912
1457.0 109.02127659574468
1551.0 95.01408450704226
1529.0 95.01470588235294
1547.0 95.01449275362319
1472.0 96.02
1637.0 95.01098901098901
1470.0 98.01960784313725
1654.0 95.01030927835052
1554.0 95.01190476190476
1609.0 95.01176470588236
1486.0 95.01666666666667
1614.0 95.01123595505618
1638.0 95.01086956521739
1646.0 95.01075268817205
2337.0 87.00806451612904
2219.0 87.00840336134453
1508.0 95.01492537313433
1479.0 95.01694915254237
1471.0 97.01886792452831
1473.0 95.01785714285714
2206.0 87.00862068965517
2197.0 87.00884955752213
1505.0 95.015625
1499.0 95.01639344262296
2612.0 87.00666666666666
1945.0 89.01075268817205
1980.0 87.01010101010101
2153.0 87.00970873786407
2439.0 87.00719424460432
2565.0 87.00704225352112
1973.0 89.00934579439253
2057.0 87.01
2427.0 87.0077519379845
2372.0 87.0078125
2331.0 87.00813008130082
2363.0 87.00787401574803
1708.0 95.01010101010101
2593.0 87.0068493150685
2578.0 87.00689655172414
2577.0 87.00699300699301
1960.0 89.01
2435.0 87.00757575757575
1967.0 89.00970873786407
1952.0 89.01041666666667
1707.0 95.01020408163265
1953.0 89.01020408163265
1959.0 89.01010101010101
1458.0 103.02222222222223
1460.0 101.02127659574468
1453.0 109.02
1739.0 95.0079365079365
1616.0 95.01020408163265
1512.0 95.01333333333334
1460.0 97.01754385964912
1455.0 103.01886792452831
1458.0 103.01694915254237
1471.0 95.01639344262296
1611.0 95.01041666666667
1477.0 95.01587301587301
1716.0 95.00892857142857
1722.0 95.00862068965517
1728.0 95.00854700854701
1733.0 95.00840336134453
1612.0 95.01030927835052
1463.0 97.01639344262296
1457.0 103.01818181818182
1536.0 95.01298701298701
1478.0 95.01538461538462
1532.0 95.01315789473684
1481.0 95.01492537313433
3882.0 69.00403225806451
3832.0 73.00446428571429
3854.0 72.00429184549357
3837.0 72.00436681222708
3863.0 69.00420168067227
3878.0 69.00404858299595
3858.0 70.00448430493273
3862.0 70.0042194092827
3834.0 73.00429184549357
3860.0 70.00444444444445
1426.0 463.0263157894737
1662.0 95.00925925925925
1558.0 95.01063829787235
1485.0 95.01428571428572
1482.0 95.01449275362319
1437.0 463.025
1657.0 95.00943396226415
1649.0 95.00970873786407
1643.0 95.00980392156863
1638.0 95.01
1554.0 95.01204819277109
2389.0 87.00833333333334
1452.0 109.0204081632653
2228.0 87.00862068965517
2348.0 87.00854700854701
1892.0 87.01204819277109
2007.0 87.01190476190476
2084.0 87.01086956521739
2178.0 87.01075268817205
2017.0 87.01123595505618
2076.0 87.0111111111111
1808.0 87.01449275362319
1865.0 87.01428571428572
2204.0 87.00892857142857
2195.0 87.00970873786407
1793.0 89.01724137931035
2181.0 87.01020408163265
1466.0 95.0204081632653
1798.0 89.01612903225806
1801.0 87.01639344262296
2010.0 87.01162790697674
1872.0 87.01351351351352
1873.0 87.01333333333334
1880.0 87.01282051282051
1806.0 87.01587301587301
1885.0 87.0126582278481
1888.0 87.01234567901234
2180.0 87.01063829787235
2996.0 87.00408163265305
2932.0 87.00452488687783
2780.0 87.00456621004567
2137.0 87.00657894736842
2258.0 87.00649350649351
2531.0 87.00549450549451
2420.0 87.00552486187846
1695.0 95.00892857142857
2778.0 87.00460829493088
2695.0 87.0047619047619
2591.0 87.005
2661.0 87.0049504950495
2313.0 87.0060606060606
2383.0 87.00602409638554
1968.0 89.01190476190476
2078.0 87.008
2039.0 87.00854700854701
2945.0 87.00425531914894
2586.0 87.00515463917526
2556.0 87.00518134715026
2975.0 87.0042372881356
2004.0 87.00877192982456
2033.0 87.00862068965517
2270.0 87.00617283950618
2295.0 87.0060975609756
2117.0 87.00719424460432
2093.0 87.00735294117646
2680.0 87.00490196078431
1976.0 87.01162790697674
2538.0 87.005291005291
2554.0 87.00526315789473
1975.0 89.01162790697674
2396.0 87.0059880239521
2944.0 87.00444444444445
2984.0 87.0042194092827
2400.0 87.00568181818181
2410.0 87.00558659217877
2261.0 87.00636942675159
2085.0 87.00751879699249
2125.0 87.0068493150685
2000.0 87.00961538461539
1993.0 87.00970873786407
1974.0 89.01176470588236
2132.0 87.00680272108843
2685.0 87.0048309178744
2692.0 87.00478468899522
1978.0 87.01075268817205
1991.0 87.01010101010101
1983.0 87.01052631578948
1986.0 87.01020408163265
1693.0 95.009009009009
2682.0 87.00485436893204
1427.0 465.02272727272725
1432.0 464.02127659574467
1428.0 464.0232558139535
1429.0 464.0217391304348
1426.0 470.03125
3201.0 85.00450450450451
1844.0 95.00751879699249
1559.0 95.01136363636364
3111.0 85.00467289719626
3186.0 85.00462962962963
1457.0 102.01694915254237
1459.0 98.01694915254237
3104.0 85.00510204081633
1461.0 96.01639344262296
1684.0 95.00909090909092
1680.0 95.00943396226415
1555.0 95.01162790697674
1499.0 95.01219512195122
1576.0 95.01123595505618
1490.0 95.01234567901234
1485.0 95.01315789473684
1482.0 95.01333333333334
1452.0 462.0192307692308
1453.0 109.01923076923077
1904.0 95.00680272108843
1535.0 95.01190476190476
1479.0 95.01369863013699
1715.0 95.00869565217391
1623.0 95.00990099009901
1754.0 95.00840336134453
1662.0 95.00970873786407
1822.0 95.00769230769231
1455.0 103.01818181818182
1761.0 95.00819672131148
1787.0 95.00813008130082
1886.0 95.00709219858156
1872.0 95.0072463768116
1818.0 95.0078125
1804.0 95.00787401574803
1464.0 95.01666666666667
1434.0 463.025
1467.0 95.01470588235294
1795.0 95.0079365079365
1476.0 95.01388888888889
1437.0 463.02222222222224
1616.0 95.01052631578948
1439.0 462.0208333333333
1445.0 462.0204081632653
1622.0 95.01020408163265
1438.0 462.0217391304348
1448.0 462.02
3968.0 85.004
1879.0 95.00719424460432
1581.0 95.01063829787235
3881.0 85.0042372881356
3920.0 85.00416666666666
3937.0 85.00414937759336
3867.0 85.00444444444445
3955.0 85.00403225806451
3880.0 85.00438596491227
3871.0 85.00440528634361
3945.0 85.00413223140495
3947.0 85.00409836065573
1464.0 105.02222222222223
1472.0 95.02173913043478
1468.0 97.02222222222223
1471.0 97.02173913043478
1459.0 114.025
1460.0 114.02325581395348
1461.0 108.02272727272727
1463.0 106.02222222222223
1465.0 102.02127659574468
1467.0 100.02083333333333
1443.0 465.0344827586207
1462.0 108.02127659574468
1520.0 95.01785714285714
1596.0 95.01724137931035
1484.0 95.01923076923077
1466.0 102.02083333333333
1481.0 95.01960784313725
1809.0 95.01612903225806
1610.0 95.01639344262296
1532.0 95.01754385964912
1491.0 95.01886792452831
1473.0 95.02083333333333
1474.0 95.02
1440.0 470.0357142857143
1813.0 95.01470588235294
1458.0 111.02380952380952
1670.0 95.01587301587301
1459.0 105.02222222222223
1462.0 103.0204081632653
1664.0 95.01639344262296
1469.0 97.01886792452831
1464.0 99.01923076923077
1466.0 97.01923076923077
1662.0 95.01754385964912
1442.0 466.0416666666667
1453.0 465.04
1470.0 95.0204081632653
1486.0 95.01818181818182
1480.0 95.01851851851852
1489.0 95.01785714285714
1477.0 95.01923076923077
1471.0 95.01960784313725
1371.0 471.0344827586207
1458.0 109.01724137931035
1425.0 468.02941176470586
1376.0 468.03125
1461.0 103.01639344262296
1373.0 469.0357142857143
1374.0 469.03225806451616
1375.0 468.03225806451616
1469.0 95.01886792452831
1472.0 95.01851851851852
1680.0 95.01219512195122
1487.0 95.01612903225806
1468.0 97.01818181818182
1476.0 95.01724137931035
1921.0 93.01030927835052
1436.0 463.02777777777777
1448.0 462.02702702702703
1780.0 93.01470588235294
1886.0 93.01408450704226
1912.0 93.01123595505618
1466.0 97.01851851851852
1442.0 463.0263157894737
1547.0 95.01538461538462
1445.0 463.025
1491.0 95.015625
1488.0 95.01587301587301
1758.0 95.01030927835052
1637.0 95.01234567901234
1563.0 95.01315789473684
1633.0 95.0126582278481
1478.0 95.01666666666667
1460.0 103.01694915254237
1725.0 95.01162790697674
1738.0 95.01123595505618
1464.0 101.01960784313725
1722.0 95.01190476190476
1559.0 95.01351351351352
1553.0 95.01428571428572
1753.0 95.01063829787235
1743.0 95.0111111111111
1748.0 95.01086956521739
1549.0 95.01449275362319
1723.0 95.01176470588236
1465.0 97.01785714285714
1461.0 103.01851851851852
1460.0 105.01923076923077
1456.0 110.02173913043478
1446.0 464.02702702702703
2235.0 95.00689655172414
2029.0 95.00735294117646
1805.0 95.00961538461539
1865.0 95.0091743119266
1919.0 95.00840336134453
1971.0 95.00833333333334
1882.0 95.00892857142857
1441.0 464.0285714285714
1988.0 95.008
2013.0 95.00769230769231
1999.0 95.0079365079365
2002.0 95.0077519379845
1470.0 95.01724137931035
2022.0 95.00746268656717
1871.0 95.00909090909092
1878.0 95.009009009009
1476.0 95.01694915254237
1477.0 95.01639344262296
1438.0 464.030303030303
1464.0 101.01886792452831
1468.0 95.01923076923077
1430.0 465.037037037037
1458.0 109.02439024390245
1452.0 463.0238095238095
1917.0 95.00869565217391
1733.0 95.00980392156863
1677.0 95.01052631578948
1719.0 95.01041666666667
1834.0 95.00934579439253
1673.0 95.01136363636364
1652.0 95.01176470588236
1634.0 95.01190476190476
1625.0 95.01204819277109
1436.0 464.03333333333336
1726.0 95.01010101010101
1434.0 465.0344827586207
1449.0 463.02564102564105
1435.0 464.0357142857143
1459.0 108.01818181818182
1463.0 102.01923076923077
1676.0 95.01123595505618
1579.0 95.01219512195122
1486.0 95.01449275362319
1532.0 95.01428571428572
1545.0 95.01351351351352
1572.0 95.01333333333334
1480.0 95.01470588235294
1542.0 95.01369863013699
1536.0 95.01388888888889
1576.0 95.01315789473684
1534.0 95.01408450704226
1444.0 467.03846153846155
1455.0 462.03333333333336
1452.0 462.0344827586207
1446.0 465.03846153846155
1448.0 465.0357142857143
1450.0 463.0357142857143
1449.0 464.0344827586207
1616.0 95.01515151515152
1516.0 95.01851851851852
1486.0 95.01886792452831
1593.0 95.01694915254237
1577.0 95.01724137931035
2079.0 95.01315789473684
1939.0 95.01351351351352
1870.0 95.01369863013699
1855.0 95.01492537313433
1862.0 95.01428571428572
1864.0 95.01408450704226
1460.0 114.02439024390245
1545.0 95.01754385964912
1479.0 95.0204081632653
1610.0 95.01612903225806
1461.0 103.02272727272727
1599.0 95.01639344262296
1537.0 95.01818181818182
1467.0 103.02173913043478
1473.0 95.02083333333333
1469.0 99.02173913043478
1471.0 97.02083333333333
1436.0 470.04
1437.0 469.03846153846155
2011.0 95.01123595505618
1620.0 95.015625
1843.0 95.01219512195122
1925.0 95.01190476190476
1542.0 95.01666666666667
1615.0 95.01639344262296
1982.0 95.01176470588236
1726.0 95.01449275362319
1534.0 95.01724137931035
1491.0 95.01754385964912
1812.0 95.01315789473684
1987.0 95.01149425287356
1796.0 95.01388888888889
1477.0 95.01785714285714
1472.0 97.01923076923077
1801.0 95.01351351351352
1807.0 95.01333333333334
1474.0 95.01851851851852
1986.0 95.01162790697674
1618.0 95.01612903225806
1467.0 103.02325581395348
1471.0 97.02127659574468
1442.0 468.037037037037
1454.0 463.037037037037
1758.0 95.01428571428572
1470.0 103.0204081632653
1459.0 109.02380952380952
1717.0 95.01470588235294
1710.0 95.01515151515152
1713.0 95.01492537313433
1436.0 467.037037037037
1467.0 99.02173913043478
1441.0 466.0357142857143
1444.0 461.0344827586207
1463.0 105.02222222222223
1502.0 95.01666666666667
1479.0 95.01923076923077
1500.0 95.01694915254237
1492.0 95.01886792452831
1460.0 109.02272727272727
1717.0 95.01063829787235
1616.0 95.01176470588236
1701.0 95.01162790697674
1543.0 95.015625
1567.0 95.01492537313433
1587.0 95.01369863013699
1604.0 95.01219512195122
1706.0 95.01149425287356
1576.0 95.01428571428572
1455.0 458.03333333333336
1970.0 93.01176470588236
1872.0 93.01234567901234
1968.0 93.01219512195122
1818.0 93.01315789473684
1811.0 93.01333333333334
1864.0 93.01282051282051
1767.0 93.01351351351352
1745.0 93.01515151515152
1453.0 459.0344827586207
1758.0 93.01369863013699
2557.0 89.01
2385.0 89.01052631578948
2189.0 89.0125
2307.0 89.01234567901234
2178.0 89.01298701298701
2108.0 89.01538461538462
2322.0 89.01149425287356
1475.0 99.02127659574468
2363.0 89.01136363636364
2096.0 89.015625
1432.0 470.03225806451616
1459.0 114.02380952380952
1435.0 465.0285714285714
1443.0 464.02222222222224
2831.0 91.0059880239521
2666.0 91.00649350649351
2775.0 91.00636942675159
2814.0 91.00621118012423
2654.0 91.00704225352112
1433.0 470.02777777777777
1450.0 463.0243902439024
1805.0 95.00943396226415
1801.0 95.00952380952381
1440.0 464.0243902439024
1705.0 95.00980392156863
1618.0 95.01098901098901
1680.0 95.01086956521739
1686.0 95.01030927835052
1612.0 95.01176470588236
1595.0 95.01190476190476
1589.0 95.0125
1838.0 95.00934579439253
2617.0 94.00704225352112
2098.0 94.00934579439253
2404.0 94.00833333333334
2568.0 94.008
2249.0 94.0091743119266
2399.0 94.00892857142857
2282.0 94.009009009009
1950.0 94.01020408163265
2040.0 94.00990099009901
1942.0 94.01030927835052
1899.0 94.01041666666667
2054.0 94.00970873786407
2083.0 94.00943396226415
1876.0 94.01052631578948
1841.0 94.01162790697674
2598.0 94.00746268656717
2586.0 94.00751879699249
1860.0 94.01086956521739
1845.0 94.01123595505618
1454.0 109.02083333333333
1559.0 95.01298701298701
1491.0 95.01369863013699
1556.0 95.01333333333334
1456.0 107.02
1459.0 103.02
1461.0 101.01923076923077
1467.0 95.01785714285714
1464.0 97.01960784313725
1465.0 97.01851851851852
1479.0 95.01515151515152
1482.0 95.01449275362319
1438.0 464.0263157894737
1473.0 95.01587301587301
1462.0 116.02439024390245
1464.0 110.02272727272727
1456.0 470.04
1471.0 102.02083333333333
1460.0 466.0357142857143
1461.0 464.0357142857143
1465.0 106.02272727272727
1578.0 95.01886792452831
1487.0 95.01960784313725
1543.0 95.01923076923077
1467.0 104.02173913043478
1472.0 100.02173913043478
1474.0 98.02083333333333
1483.0 95.02
1481.0 97.02
1457.0 470.0357142857143
1475.0 97.02083333333333
1473.0 99.02173913043478
1476.0 100.02083333333333
1470.0 102.02083333333333
1456.0 472.04
1469.0 103.02222222222223
1486.0 95.02083333333333
1461.0 471.03846153846155
1464.0 117.025
1466.0 111.02325581395348
1517.0 95.02
1483.0 97.02083333333333
1467.0 106.02272727272727
1471.0 100.02173913043478
1478.0 99.02127659574468
