--- 0.0 0.0 ---
1.0040102921899032
0.581250084362524
0.819069625525453
0.32831739573663143
0.362908740241718
0.3349754924611793
0.3517067700728274
0.3938738220434952
0.44458158678025633
0.3399496908769376
0.41076861159522515
0.43612858633132484
0.4957892319550437
0.8192896950377085
0.36106179922138654
0.7658634601188176
0.8199459987242944
0.7639227947045034
0.4616058548079877
0.4277025808297874
0.41930514550253734
0.761576338832234
0.4786974551417324
0.44451442936225805
0.3853425935149279
0.41062322395152456
0.41904399863836783
0.40223248692406544
0.4360372664445999
0.4274930875341227
0.39369691220862324
0.8114503171803065
0.5470653937851021
0.3596939005823643
0.7623220949679327
0.7714837092690331
0.7576569010630319
0.7546755293180576
0.7579065731893374
0.3427005187847315
0.35997469605830934
0.35625437344849925
0.5128811489481171
0.3431917753560199
0.4616058442400732
0.4274232111974219
0.35997469605830934
0.3766271561692408
0.4104050125051352
0.777600990402697
0.7149317137865769
0.36354882937052013
0.7765242824159506
0.7166190741292974
0.323160009585884
0.351995526226482
0.7126188297683848
0.7167738932516805
0.32831739573663143
0.31162834550038415
0.7785793277336227
0.7152218402092118
0.384822455969444
0.7251911540276554
0.7183634531373236
0.3517068411115954
0.36838719986876045
0.20504984940495294
0.4700854700888608
0.03116853963374028
0.12937403343933934
0.08255624701061447
0.10459439000349846
0.09776687908626955
0.12090978244949756
0.08957860744331744
0.41033222621456267
0.39331745388432027
0.3176565429716099
0.35102690489831995
0.3847738704822787
0.302371970923717
0.34319162628442307
0.29898393529607237
0.31572715375372795
0.31162834550038415
0.5726495726507617
0.5555555555584247
0.777600990402697
0.7166190741292974
0.7785728043370064
0.4786428884051582
0.4017218100560451
0.31029633303825765
0.6866842796834843
0.36773806455178193
0.6955574672470426
0.7447137325830193
0.7181866368023805
0.2871875639559214
0.31435391714614225
0.384822455969444
0.7785867830450314
0.7776993281848539
0.7181916966094318
0.7266383933318848
0.7185552250702543
0.2989848243906561
0.3176566253729137
0.3344103803896215
0.4274232111974219
0.4616058442400732
0.4104050125051352
0.7059770418719563
0.6955574672470426
0.5213675213688274
0.49572649572971106
0.4786428928280977
0.815226544969367
0.35112272541449346
0.7538797756008957
0.3680086203230189
0.47008547008691853
0.7775935256398323
0.7765185348474574
0.7166133693077128
0.7167693774282833
0.4444556549493925
0.41887767612840454
0.40186114609999135
0.27131586916904865
0.3216303857003987
0.3006431175960868
0.37646843936585866
0.29379455004075133
0.3261663393971483
0.3429304244003166
0.359559620252949
0.47863247863282077
0.46154925244706246
0.7727224237117144
0.7228164166987334
0.7142801750944062
0.1877773666714704
0.16513604497267093
0.2203353967150629
0.2825844795218441
0.2484698679349023
0.2056034292004984
0.19885293821521144
0.21356628759439897
0.21535144675157947
0.23167865224224615
0.2233170830943439
0.47863247863282077
0.3506545839271405
0.44444444444597647
0.39317506586270545
0.41881531079532425
0.5299145299145299
0.3676432529688216
0.763268169494127
0.7642840323044214
0.7639227947045034
0.4104050125051352
0.4786974551417324
0.7487427245517689
0.3133019116255563
0.7833150117746305
0.7460596924498224
0.3648202131476748
0.44451442936225805
0.3262863760141455
0.33818245976027095
0.351995526226482
0.5556115278551094
0.40208401275553524
0.7633315909385173
0.7785867830450314
0.3431917753560199
0.3766271561692408
0.35997469605830934
0.7555726846217333
0.3431917753560199
0.7553910122191805
0.35997469605830934
0.31892704665922106
0.3306460835809572
0.3443371916609727
0.35702777704012306
0.43596879284609613
0.7785867830450314
0.7487427245517689
0.3133019116255563
0.7776993281848539
0.7460596924498224
0.5128302208538235
0.47864288416002004
0.46158161721625546
0.3349754924611793
0.4530601068739208
0.4189489547760581
0.3517067700728274
0.3682823317493616
0.38516168578693444
0.40196021272649124
0.4274232111974219
0.4104050125051352
0.7152163288227971
0.7181866368023805
0.7162717161677533
0.512881140148996
0.4445144183880109
0.31162834550038415
0.46160583407939826
0.777600990402697
0.7126125606541164
0.34259306551532565
0.7166133693077128
0.3367216288697211
0.3935451092663332
0.7776993281848539
0.7185552250702543
0.2989831000913017
0.34927064283376874
0.3231587517513035
0.3261664159986004
0.3764685024946622
0.3595596618587979
0.7149268355702418
0.3176566253729137
0.7166133693077128
0.7776993281848539
0.7126125606541164
0.7167693774282833
0.6068888420653605
0.3514520156845786
0.31892704665922106
0.3443371916609727
0.47869744534383835
0.7183594343649331
0.3306454513387085
0.3936968725201425
0.4701516278210447
0.7775935256398323
0.31330106316040873
0.43596879284609613
0.4104050125051352
0.2989848243906561
0.323160009585884
0.35955970531537057
0.40196021272649124
0.41916272404843175
0.8152340138479084
0.7538905685398487
0.3133019116255563
0.3602235651770291
0.37809248031256903
0.4274930875341227
0.33818245976027095
0.39369691220862324
0.3648202131476748
0.40223248692406544
0.3855491998228767
0.581250084362524
0.48724332390066555
0.45306011764117
0.7785867830450314
0.3596939005823643
0.7181973888939678
0.715228086452634
0.7276549500140791
0.7183634531373236
0.33370232238376923
0.8152340138479084
0.7511940352013204
0.8101438933634219
0.3426982469435614
0.7538905685398487
0.39354514009075015
0.38516168578693444
0.4615384615419151
0.4444556597125416
0.2989848243906561
0.3674292998797544
0.3367216288697211
0.4274232111974219
0.31162834550038415
0.323160009585884
0.4104050125051352
0.3766271561692408
0.7275451808019218
0.29898393529607237
0.7266383933318848
0.538519287471873
0.4359687816567374
0.3431917753560199
0.31162834550038415
0.3306460835809572
0.41894897174298557
0.35997469605830934
0.3766271561692408
0.3517068411115954
0.38516172462720305
0.3259116249833588
0.7005860815856406
0.35423501746869035
0.777600990402697
0.7820899060893431
0.7166133693077128
0.39331745388432027
0.723507040440721
0.7785793277336227
0.717736149227874
0.30097405110611947
0.7776993281848539
0.7181916966094318
0.7152218402092118
0.7185552250702543
0.4445144183880109
0.3429305462705819
0.41033222621456267
0.3764685024946622
0.35955970531537057
0.815226544969367
0.753884854630418
0.2989848243906561
0.323160009585884
0.4018611645264938
0.3346781816436128
0.7228164166987334
0.7244696820195283
0.5726495726498585
0.538461538462803
0.5213770778964832
0.4446711519661822
0.8101438933634219
0.35028627203790114
0.7511940352013204
0.7488347703325793
0.48724332390066555
0.3487105080975942
0.3871940477675456
0.4191627529889789
0.45306011764117
0.3596939005823643
0.3726457365571532
0.38516168578693444
0.3684985033700902
0.766357394026686
0.44458158678025633
0.3772608483082139
0.41076861159522515
0.35170691553526556
0.3851617651951767
0.4274930875341227
0.5299239323086851
0.4191004804395486
0.4530354228490213
0.5043129945982326
0.7789663867247059
0.7487427245517689
0.32056251059613017
0.7722354924697651
0.33370232238376923
0.3687690024932788
0.7460596924498224
