813.0 726.0769230769231
867.0 99.01923076923077
815.0 606.0625
829.0 224.03225806451613
835.0 216.02777777777777
838.0 115.02380952380952
840.0 113.02272727272727
845.0 109.02222222222223
851.0 101.02
831.0 222.03030303030303
847.0 107.02127659574468
850.0 103.02083333333333
857.0 99.01960784313725
819.0 602.0588235294117
837.0 194.02941176470588
826.0 557.047619047619
821.0 600.0526315789474
824.0 559.0526315789474
853.0 99.02
849.0 105.02127659574468
848.0 107.02083333333333
823.0 559.0526315789474
855.0 99.01960784313725
851.0 99.02
844.0 109.02222222222223
847.0 105.02127659574468
848.0 103.02083333333333
846.0 107.02127659574468
850.0 101.02
849.0 101.02083333333333
845.0 107.02222222222223
814.0 602.0588235294117
863.0 99.01923076923077
837.0 192.02777777777777
819.0 565.0625
827.0 559.05
829.0 546.0666666666667
830.0 542.0625
832.0 540.0555555555555
834.0 200.03225806451613
841.0 111.02272727272727
836.0 198.03030303030303
859.0 99.01923076923077
839.0 113.02380952380952
853.0 99.01960784313725
849.0 99.02
841.0 111.02272727272727
843.0 107.02222222222223
847.0 101.02083333333333
809.0 584.0714285714286
826.0 523.0588235294117
838.0 186.02564102564102
811.0 582.0625
814.0 541.0625
832.0 194.02941176470588
836.0 192.02777777777777
824.0 525.0666666666667
816.0 539.0555555555555
829.0 224.03225806451613
830.0 198.03030303030303
810.0 584.0666666666667
825.0 525.0625
844.0 102.02222222222223
823.0 535.05
820.0 535.0526315789474
840.0 113.02325581395348
842.0 110.02380952380952
799.0 224.03125
854.0 94.02
800.0 113.02380952380952
814.0 105.02083333333333
808.0 113.02325581395348
811.0 107.02222222222223
810.0 111.02222222222223
813.0 105.02127659574468
809.0 111.02272727272727
847.0 99.02
845.0 101.02083333333333
836.0 113.02325581395348
840.0 107.02173913043478
844.0 101.0204081632653
825.0 224.03225806451613
839.0 113.02272727272727
828.0 200.03125
831.0 194.02857142857144
830.0 198.03030303030303
866.0 94.01960784313725
864.0 94.02
809.0 584.0714285714286
814.0 541.0625
810.0 584.0625
855.0 96.0204081632653
846.0 96.02083333333333
832.0 176.03225806451613
818.0 517.0625
842.0 102.02222222222223
822.0 517.0588235294117
813.0 560.0714285714286
815.0 541.0555555555555
829.0 176.03125
833.0 170.02857142857144
844.0 102.02222222222223
810.0 584.0714285714286
812.0 582.0625
815.0 541.0588235294117
821.0 539.0526315789474
817.0 539.0555555555555
828.0 200.03225806451613
836.0 113.02380952380952
838.0 111.02272727272727
849.0 99.02
853.0 99.01960784313725
847.0 101.02083333333333
826.0 517.0555555555555
822.0 517.0588235294117
860.0 94.01960784313725
857.0 94.02
855.0 96.02083333333333
809.0 608.0666666666667
840.0 108.02325581395348
814.0 565.0555555555555
842.0 106.02222222222223
854.0 94.01960784313725
809.0 584.0666666666667
811.0 582.0588235294117
814.0 541.0588235294117
816.0 539.0526315789474
851.0 96.0204081632653
848.0 99.01960784313725
846.0 101.0204081632653
824.0 200.03125
832.0 192.02702702702703
834.0 113.02325581395348
843.0 105.0204081632653
828.0 194.02857142857144
837.0 113.02272727272727
839.0 111.02173913043478
841.0 107.02127659574468
855.0 94.01923076923077
853.0 96.02
813.0 578.0555555555555
822.0 535.047619047619
818.0 535.05
809.0 200.03125
818.0 113.02325581395348
817.0 194.02857142857144
832.0 105.0204081632653
828.0 105.02083333333333
813.0 200.03030303030303
822.0 113.02272727272727
815.0 198.02941176470588
824.0 111.02222222222223
826.0 107.02173913043478
825.0 108.02272727272727
855.0 94.01923076923077
840.0 102.02173913043478
851.0 94.01960784313725
845.0 96.0204081632653
848.0 96.02
861.0 94.01886792452831
842.0 100.02083333333333
821.0 563.0555555555555
820.0 565.0625
824.0 559.0526315789474
847.0 101.02083333333333
855.0 99.01960784313725
829.0 540.0555555555555
830.0 200.03225806451613
816.0 582.0625
827.0 542.0625
838.0 188.02702702702703
851.0 99.02
832.0 198.03030303030303
834.0 194.02941176470588
836.0 192.02777777777777
864.0 99.01923076923077
846.0 105.02127659574468
825.0 557.047619047619
810.0 584.0714285714286
839.0 113.02380952380952
843.0 107.02222222222223
841.0 111.02272727272727
817.0 563.0555555555555
839.0 113.02380952380952
815.0 565.0625
841.0 111.02272727272727
831.0 198.03030303030303
833.0 194.02941176470588
835.0 192.02777777777777
837.0 188.02702702702703
850.0 99.02
810.0 584.0714285714286
829.0 540.0555555555555
830.0 200.03225806451613
812.0 582.0625
827.0 542.0625
859.0 96.01960784313725
855.0 96.02
853.0 98.02083333333333
838.0 115.02380952380952
852.0 99.01960784313725
848.0 101.02
840.0 113.02272727272727
842.0 109.02222222222223
844.0 107.02127659574468
846.0 103.02083333333333
849.0 99.02
847.0 101.02083333333333
825.0 525.0588235294117
815.0 541.0555555555555
819.0 535.05
859.0 99.01886792452831
851.0 99.01960784313725
830.0 198.03030303030303
853.0 99.01923076923077
809.0 584.0714285714286
824.0 525.0625
839.0 108.02325581395348
814.0 541.0588235294117
834.0 192.02777777777777
845.0 105.02083333333333
812.0 582.0625
817.0 539.0555555555555
828.0 200.03030303030303
836.0 188.02702702702703
832.0 194.02777777777777
837.0 113.02325581395348
843.0 105.02127659574468
841.0 107.02173913043478
826.0 523.0555555555555
836.0 113.02380952380952
814.0 541.0588235294117
812.0 582.0625
824.0 525.0625
816.0 539.0526315789474
870.0 99.01886792452831
840.0 111.02272727272727
831.0 198.03030303030303
835.0 192.02777777777777
855.0 99.01923076923077
820.0 535.05
833.0 194.02857142857144
845.0 107.02173913043478
854.0 99.01960784313725
809.0 584.0666666666667
830.0 200.03125
850.0 99.02
847.0 101.02083333333333
828.0 200.03225806451613
832.0 194.02941176470588
841.0 107.02222222222223
846.0 103.02083333333333
848.0 105.02083333333333
809.0 608.0714285714286
814.0 565.0625
830.0 200.03225806451613
841.0 113.02380952380952
840.0 184.03333333333333
849.0 101.02083333333333
834.0 194.02941176470588
845.0 107.02222222222223
838.0 188.02702702702703
846.0 107.02127659574468
844.0 111.02272727272727
867.0 99.01923076923077
856.0 99.01960784313725
852.0 99.02
810.0 584.0714285714286
837.0 192.02777777777777
815.0 541.0625
825.0 525.0666666666667
824.0 535.05
820.0 535.0526315789474
833.0 198.03030303030303
809.0 608.0714285714286
818.0 559.0526315789474
813.0 602.0588235294117
839.0 109.02222222222223
814.0 565.0625
845.0 105.02127659574468
844.0 107.02127659574468
853.0 94.02
851.0 96.02083333333333
828.0 200.03225806451613
838.0 192.02702702702703
834.0 192.02777777777777
849.0 99.02
830.0 198.03030303030303
832.0 194.02941176470588
847.0 101.02083333333333
843.0 107.02222222222223
820.0 541.0625
828.0 200.03125
821.0 539.0526315789474
862.0 99.01923076923077
850.0 99.01960784313725
839.0 113.02380952380952
830.0 198.03030303030303
833.0 194.02941176470588
848.0 101.0204081632653
841.0 111.02272727272727
843.0 107.02222222222223
840.0 113.02325581395348
844.0 107.02173913043478
834.0 176.03125
824.0 517.0625
838.0 170.02941176470588
809.0 584.0714285714286
813.0 584.0666666666667
814.0 541.0588235294117
845.0 101.02083333333333
818.0 541.0555555555555
810.0 584.0666666666667
827.0 523.0588235294117
834.0 115.02380952380952
812.0 582.0625
815.0 541.0588235294117
825.0 525.0625
817.0 539.0555555555555
851.0 99.01960784313725
839.0 111.02272727272727
847.0 99.02
843.0 105.02127659574468
841.0 107.02222222222223
809.0 608.0666666666667
814.0 565.0588235294117
828.0 200.03225806451613
832.0 194.02941176470588
846.0 101.02083333333333
838.0 113.02325581395348
822.0 535.047619047619
820.0 539.05
866.0 94.01923076923077
862.0 94.01960784313725
860.0 96.0204081632653
851.0 103.02083333333333
813.0 602.0588235294117
833.0 218.02941176470588
818.0 559.0526315789474
828.0 542.0555555555555
856.0 99.01960784313725
832.0 224.03225806451613
841.0 186.02564102564102
848.0 105.02127659574468
852.0 99.02
837.0 192.02777777777777
839.0 188.02702702702703
844.0 107.02127659574468
842.0 111.02272727272727
825.0 559.0526315789474
851.0 101.02
843.0 113.02272727272727
847.0 107.02127659574468
840.0 113.02380952380952
844.0 107.02222222222223
849.0 101.02083333333333
861.0 96.0204081632653
848.0 104.02222222222223
852.0 98.02083333333333
858.0 98.0204081632653
813.0 582.0625
829.0 540.0555555555555
831.0 200.03225806451613
823.0 566.0666666666667
833.0 198.03030303030303
838.0 194.02941176470588
827.0 542.0625
