834.0 274.03846153846155
843.0 136.02631578947367
841.0 138.02777777777777
860.0 101.01960784313725
776.0 1158.0833333333333
846.0 130.02325581395348
778.0 1156.0714285714287
850.0 113.02272727272727
852.0 109.02222222222223
854.0 107.02127659574468
856.0 103.02083333333333
858.0 101.02
815.0 753.0833333333334
840.0 266.03225806451616
817.0 708.0769230769231
845.0 132.02564102564102
787.0 1142.090909090909
790.0 1128.076923076923
791.0 1098.0833333333333
788.0 1134.0833333333333
838.0 268.0344827586207
848.0 115.02380952380952
793.0 1081.076923076923
797.0 1067.0666666666666
795.0 1075.0714285714287
858.0 101.02
797.0 1075.0666666666666
846.0 130.02325581395348
854.0 107.02127659574468
856.0 103.02083333333333
831.0 685.0769230769231
860.0 101.01960784313725
793.0 1081.076923076923
825.0 1059.0454545454545
850.0 113.02272727272727
822.0 1059.047619047619
815.0 1073.0666666666666
819.0 1065.0555555555557
817.0 1071.0588235294117
843.0 132.02439024390245
847.0 115.02380952380952
851.0 109.02222222222223
787.0 1142.090909090909
789.0 1134.0833333333333
791.0 1098.0833333333333
853.0 108.02173913043478
834.0 683.0833333333334
835.0 291.04
821.0 1063.0555555555557
837.0 291.03846153846155
839.0 274.03846153846155
841.0 138.02777777777777
827.0 752.0833333333334
829.0 693.0714285714286
787.0 1142.090909090909
789.0 1125.0833333333333
791.0 1098.0833333333333
793.0 1081.076923076923
798.0 1063.0625
844.0 132.02439024390245
832.0 275.0416666666667
834.0 274.03846153846155
817.0 674.0833333333334
842.0 132.02564102564102
831.0 554.0833333333334
819.0 668.0769230769231
827.0 598.0909090909091
821.0 630.0769230769231
829.0 560.0909090909091
823.0 624.0714285714286
825.0 604.1
840.0 138.02702702702703
836.0 274.037037037037
857.0 101.01960784313725
804.0 1061.047619047619
845.0 115.02380952380952
795.0 1073.0666666666666
796.0 1067.0625
853.0 107.02083333333333
855.0 101.02
847.0 113.02272727272727
849.0 109.02222222222223
800.0 1063.0526315789473
802.0 1061.05
851.0 107.02127659574468
839.0 154.02777777777777
843.0 130.02325581395348
853.0 107.02083333333333
845.0 115.02380952380952
847.0 113.02272727272727
849.0 109.02222222222223
851.0 107.02127659574468
776.0 1158.076923076923
839.0 154.02777777777777
790.0 1088.0833333333333
782.0 1135.0625
796.0 1065.0666666666666
792.0 1071.076923076923
778.0 1141.0714285714287
794.0 1065.0714285714287
780.0 1135.0666666666666
858.0 101.02
802.0 1059.0526315789473
798.0 1061.0625
800.0 1059.0555555555557
859.0 101.01960784313725
856.0 103.0204081632653
840.0 136.02631578947367
836.0 272.0357142857143
817.0 675.0909090909091
825.0 605.1111111111111
819.0 669.0833333333334
815.0 753.0833333333334
831.0 597.0769230769231
834.0 273.03846153846155
823.0 667.0666666666667
827.0 599.1
838.0 268.0344827586207
829.0 597.0833333333334
821.0 667.0714285714286
840.0 266.03125
834.0 273.03846153846155
836.0 269.037037037037
838.0 267.0344827586207
860.0 101.01960784313725
778.0 1141.076923076923
796.0 1065.0666666666666
790.0 1088.090909090909
782.0 1135.0666666666666
845.0 115.02380952380952
792.0 1071.0833333333333
794.0 1065.076923076923
780.0 1135.0714285714287
847.0 115.02325581395348
856.0 103.02083333333333
858.0 101.02
842.0 132.025
832.0 275.04
841.0 138.02702702702703
854.0 107.02083333333333
849.0 109.02173913043478
817.0 674.0909090909091
831.0 570.0769230769231
823.0 640.0666666666667
825.0 604.1
819.0 668.0833333333334
827.0 598.0909090909091
821.0 646.0833333333334
829.0 576.0909090909091
904.0 103.02
902.0 104.0204081632653
815.0 1064.0555555555557
804.0 1065.0526315789473
800.0 1065.0555555555557
796.0 1073.0588235294117
798.0 1067.0555555555557
824.0 662.0769230769231
831.0 554.0833333333334
840.0 136.02631578947367
825.0 604.1
827.0 598.0909090909091
829.0 560.0909090909091
898.0 106.02173913043478
834.0 273.037037037037
842.0 136.02564102564102
823.0 667.0625
844.0 130.02439024390245
821.0 667.0714285714286
819.0 669.0769230769231
832.0 275.04
836.0 269.0357142857143
900.0 104.02083333333333
817.0 675.0833333333334
838.0 267.03333333333336
793.0 1092.0714285714287
853.0 107.02083333333333
795.0 1075.0666666666666
845.0 115.02380952380952
847.0 113.02272727272727
849.0 109.02222222222223
851.0 107.02127659574468
776.0 1158.076923076923
857.0 101.01960784313725
796.0 1065.0666666666666
790.0 1088.0833333333333
782.0 1135.0625
824.0 669.0714285714286
792.0 1071.076923076923
778.0 1141.0714285714287
794.0 1065.0714285714287
780.0 1135.0666666666666
802.0 1059.05
845.0 115.02325581395348
789.0 1125.0833333333333
784.0 1129.0588235294117
798.0 1061.0588235294117
800.0 1059.0526315789473
786.0 1129.0526315789473
788.0 1127.047619047619
817.0 675.0833333333334
832.0 275.0416666666667
819.0 669.0769230769231
825.0 605.1
836.0 269.037037037037
841.0 132.02439024390245
851.0 107.02083333333333
847.0 113.02222222222223
849.0 109.02173913043478
853.0 103.0204081632653
855.0 101.02
829.0 597.0714285714286
838.0 138.02777777777777
827.0 599.0833333333334
840.0 136.02564102564102
834.0 273.03846153846155
843.0 130.02325581395348
861.0 101.01923076923077
787.0 1142.0833333333333
789.0 1125.076923076923
847.0 113.02272727272727
849.0 109.02222222222223
851.0 107.02127659574468
857.0 101.01960784313725
853.0 103.02083333333333
855.0 101.02
832.0 275.04
836.0 271.0357142857143
840.0 136.02631578947367
834.0 273.037037037037
838.0 138.02702702702703
810.0 769.0909090909091
831.0 566.0769230769231
823.0 636.0714285714286
825.0 604.1
827.0 598.0909090909091
829.0 572.0833333333334
819.0 668.0769230769231
821.0 642.0769230769231
817.0 674.0833333333334
811.0 761.0769230769231
812.0 724.0769230769231
815.0 699.0666666666667
813.0 716.0714285714286
814.0 707.0714285714286
808.0 1061.0434782608695
804.0 1061.0454545454545
798.0 1065.0555555555557
800.0 1063.0526315789473
802.0 1061.047619047619
845.0 115.02325581395348
841.0 132.02380952380952
790.0 1088.0833333333333
796.0 1065.0666666666666
792.0 1071.076923076923
794.0 1065.0714285714287
795.0 1073.0714285714287
789.0 1125.0833333333333
791.0 1098.0833333333333
844.0 132.02439024390245
793.0 1081.076923076923
848.0 115.02380952380952
778.0 1156.0714285714287
849.0 109.02222222222223
853.0 103.02083333333333
782.0 1135.0625
815.0 1058.0588235294117
796.0 1067.0666666666666
784.0 1129.0588235294117
841.0 138.02777777777777
819.0 669.0833333333334
827.0 599.1
834.0 274.03846153846155
840.0 268.03333333333336
821.0 667.0714285714286
836.0 274.037037037037
838.0 268.0344827586207
858.0 101.01960784313725
814.0 1064.0625
855.0 101.02
846.0 130.02325581395348
851.0 107.02127659574468
817.0 692.1
860.0 101.01960784313725
817.0 662.0833333333334
819.0 660.0714285714286
825.0 596.0909090909091
837.0 536.0434782608696
831.0 566.0833333333334
833.0 544.047619047619
827.0 590.0833333333334
829.0 568.1
835.0 538.047619047619
789.0 1125.0833333333333
844.0 132.02439024390245
793.0 1081.076923076923
841.0 138.02777777777777
843.0 136.02631578947367
776.0 1158.0833333333333
802.0 1059.0526315789473
790.0 1088.090909090909
784.0 1129.0588235294117
780.0 1152.0666666666666
782.0 1135.0625
796.0 1067.0666666666666
778.0 1152.076923076923
798.0 1061.0625
800.0 1059.0555555555557
811.0 1038.076923076923
813.0 1030.0714285714287
815.0 1024.0666666666666
864.0 101.01923076923077
794.0 1073.0714285714287
845.0 115.02380952380952
855.0 101.02
849.0 109.02222222222223
795.0 1073.0666666666666
853.0 107.02083333333333
851.0 107.02127659574468
815.0 770.0909090909091
857.0 101.01960784313725
839.0 154.02777777777777
845.0 115.02380952380952
847.0 113.02272727272727
851.0 107.02127659574468
853.0 103.02083333333333
855.0 101.02
841.0 138.02777777777777
834.0 274.03846153846155
830.0 599.0833333333334
787.0 1142.0833333333333
798.0 1065.0588235294117
794.0 1073.0666666666666
790.0 1117.0714285714287
791.0 1098.076923076923
792.0 1090.0714285714287
788.0 1134.076923076923
789.0 1125.076923076923
793.0 1081.0714285714287
813.0 1064.0625
796.0 1067.0625
844.0 132.02380952380952
833.0 292.0416666666667
849.0 109.02173913043478
817.0 675.0833333333334
827.0 599.0909090909091
838.0 272.0344827586207
825.0 605.1
819.0 669.0769230769231
836.0 272.0357142857143
843.0 136.02631578947367
776.0 1158.076923076923
790.0 1088.0833333333333
849.0 109.02222222222223
792.0 1071.076923076923
778.0 1141.0714285714287
845.0 115.02380952380952
786.0 1129.0555555555557
794.0 1065.0714285714287
780.0 1135.0666666666666
782.0 1135.0625
784.0 1129.0588235294117
844.0 132.02439024390245
796.0 1065.0666666666666
798.0 1061.0625
800.0 1061.0588235294117
808.0 1061.0434782608695
804.0 1061.047619047619
789.0 1125.076923076923
843.0 132.025
802.0 1061.05
853.0 107.02127659574468
856.0 103.0204081632653
857.0 102.0204081632653
858.0 101.01960784313725
852.0 109.02173913043478
854.0 107.02083333333333
834.0 274.03846153846155
836.0 274.037037037037
832.0 590.0833333333334
824.0 660.0714285714286
830.0 592.0909090909091
822.0 662.0833333333334
842.0 136.02564102564102
817.0 674.0909090909091
838.0 138.02777777777777
821.0 668.0769230769231
825.0 604.1111111111111
829.0 598.0909090909091
827.0 598.1
819.0 668.0833333333334
840.0 136.02631578947367
833.0 292.04347826086956
847.0 113.02272727272727
817.0 692.1
835.0 291.04
842.0 154.02777777777777
825.0 622.125
858.0 101.02
828.0 605.1111111111111
820.0 675.0909090909091
812.0 721.0714285714286
836.0 274.037037037037
845.0 130.02272727272728
843.0 138.02702702702703
816.0 717.0588235294117
818.0 691.0666666666667
795.0 1073.0666666666666
805.0 1065.0555555555557
799.0 1065.0588235294117
848.0 115.02380952380952
797.0 1067.0625
856.0 103.02083333333333
819.0 676.0909090909091
831.0 599.0909090909091
823.0 669.0769230769231
827.0 606.1111111111111
829.0 600.1
821.0 670.0833333333334
840.0 272.0344827586207
838.0 273.0357142857143
859.0 101.01960784313725
844.0 132.02439024390245
855.0 107.02083333333333
851.0 109.02222222222223
849.0 113.02272727272727
853.0 107.02127659574468
834.0 598.0909090909091
793.0 1098.076923076923
860.0 101.01960784313725
845.0 115.02380952380952
852.0 109.02222222222223
847.0 115.02325581395348
797.0 1067.0666666666666
789.0 1125.0833333333333
791.0 1098.0833333333333
793.0 1081.076923076923
854.0 107.02127659574468
856.0 103.02083333333333
858.0 101.02
828.0 605.1111111111111
844.0 132.02439024390245
850.0 113.02272727272727
830.0 599.1
822.0 669.0833333333334
841.0 138.02777777777777
798.0 1067.0625
853.0 108.02173913043478
817.0 692.0909090909091
825.0 622.1111111111111
835.0 291.03846153846155
839.0 274.037037037037
820.0 675.0833333333334
779.0 1158.0833333333333
795.0 1071.0833333333333
785.0 1135.0666666666666
781.0 1141.076923076923
783.0 1135.0714285714287
853.0 103.02083333333333
845.0 115.02380952380952
849.0 109.02222222222223
844.0 132.02439024390245
817.0 675.0909090909091
776.0 1158.0833333333333
800.0 1061.0588235294117
789.0 1125.0833333333333
780.0 1135.0714285714287
798.0 1061.0625
778.0 1141.076923076923
786.0 1129.0555555555557
782.0 1135.0625
784.0 1129.0588235294117
833.0 292.0416666666667
858.0 101.01960784313725
790.0 1088.076923076923
794.0 1065.0666666666666
848.0 115.02325581395348
792.0 1071.0714285714287
852.0 109.02173913043478
856.0 103.0204081632653
842.0 136.02564102564102
840.0 138.02702702702703
836.0 272.0357142857143
834.0 274.037037037037
827.0 599.0909090909091
838.0 268.03333333333336
819.0 669.0769230769231
825.0 605.1
820.0 668.0909090909091
832.0 592.0909090909091
828.0 598.1111111111111
824.0 662.0769230769231
830.0 592.1
822.0 662.0833333333334
776.0 1158.076923076923
800.0 1061.0588235294117
789.0 1125.0833333333333
790.0 1088.0833333333333
780.0 1135.0666666666666
796.0 1065.0666666666666
798.0 1061.0625
852.0 109.02222222222223
792.0 1071.076923076923
778.0 1141.0714285714287
786.0 1129.0555555555557
794.0 1065.0714285714287
782.0 1135.0625
784.0 1129.0588235294117
860.0 101.01960784313725
854.0 107.02127659574468
856.0 103.02083333333333
858.0 101.02
817.0 675.0833333333334
827.0 599.0833333333334
834.0 274.03846153846155
836.0 272.0357142857143
838.0 138.02777777777777
821.0 669.0714285714286
825.0 605.0909090909091
843.0 136.02631578947367
840.0 138.02702702702703
819.0 669.0769230769231
832.0 275.0416666666667
849.0 113.02222222222223
846.0 130.02325581395348
847.0 115.02325581395348
844.0 132.02439024390245
833.0 665.0769230769231
858.0 101.02
817.0 692.1
835.0 291.04
848.0 126.02272727272727
839.0 285.0357142857143
850.0 113.02272727272727
852.0 109.02222222222223
854.0 107.02127659574468
856.0 103.02083333333333
778.0 1156.0714285714287
842.0 154.02777777777777
813.0 1060.0625
794.0 1069.0714285714287
780.0 1150.0666666666666
792.0 1071.0833333333333
844.0 132.02439024390245
840.0 266.03225806451616
847.0 130.02439024390245
831.0 727.0769230769231
857.0 101.02
853.0 103.02083333333333
846.0 130.02325581395348
848.0 126.02272727272727
850.0 113.02272727272727
852.0 109.02222222222223
827.0 897.0769230769231
843.0 136.02631578947367
791.0 1098.0833333333333
793.0 1092.076923076923
780.0 1141.0714285714287
819.0 1056.05
802.0 1059.0526315789473
815.0 1058.0588235294117
794.0 1071.076923076923
786.0 1129.0555555555557
782.0 1139.0625
784.0 1133.0588235294117
800.0 1065.0555555555557
796.0 1067.0666666666666
798.0 1065.0588235294117
817.0 1056.0526315789473
829.0 772.0833333333334
833.0 666.0769230769231
839.0 660.0555555555555
840.0 266.03125
835.0 664.0625
