MSI    MAC     Extensibility       Elegance
970.0  112.7560606060606  3.0  0.756399185353895
1017.0  102.3972463029067  3.0  0.7608487096726063
1013.0  102.87217194570135  3.0  0.7608487096726063
992.0  102.74688057040997  3.0  0.7588241936610753
968.0  117.08992248062015  3.0  0.7568276213422889
977.0  102.88707482993198  3.0  0.7629123950731171
970.0  107.45460992907802  3.0  0.7671667966528011
968.0  111.19463601532567  3.0  0.7647455621548855
972.0  105.45374149659864  3.0  0.7647455621548855
