1474.0 114.02439024390245 
1704.0 100.01694915254237 
1487.0 100.01886792452831 
1616.0 100.01818181818182 
1484.0 100.02 
1480.0 106.02127659574468 
1476.0 112.02272727272727 
1478.0 108.02222222222223 
1635.0 100.01754385964912 
1687.0 100.01724137931035 
1621.0 100.01785714285714 

1474.0 114.02439024390245 
1488.0 100.0204081632653 
1480.0 106.02222222222223 
1483.0 102.02173913043478 
1476.0 112.02325581395348 
1478.0 108.02325581395348 
1485.0 100.02083333333333 

1461.0 105.02272727272727 
1515.0 95.01886792452831 
1492.0 95.01960784313725 
1490.0 100.02 
1479.0 103.02325581395348 
1511.0 95.01923076923077 
1481.0 101.02222222222223 
1484.0 100.02083333333333 
1488.0 100.0204081632653 

1467.0 106.02272727272727 
1551.0 95.01886792452831 
1471.0 100.02127659574468 
1505.0 95.02083333333333 
1539.0 95.0204081632653 
1481.0 99.02127659574468 
1483.0 97.02127659574468 
1491.0 97.02 
1488.0 97.02083333333333 
1547.0 95.01923076923077 
1542.0 95.02 
1544.0 95.01960784313725 

1499.0 100.01960784313725 
1475.0 116.025 
1484.0 100.02083333333333 
1478.0 110.02325581395348 
1480.0 106.02173913043478 
1482.0 104.02173913043478 
1489.0 100.0204081632653 
1495.0 100.02 
1476.0 114.02325581395348 
1477.0 111.02380952380952 

1474.0 116.02380952380952 
1519.0 95.01886792452831 
1512.0 95.01923076923077 
1488.0 95.01960784313725 
1481.0 101.02173913043478 
1479.0 110.02272727272727 
1485.0 95.0204081632653 
1478.0 114.02325581395348 
1476.0 114.02439024390245 

1503.0 95.02 
1459.0 109.02325581395348 
1475.0 95.0204081632653 
1466.0 99.02127659574468 
1464.0 103.02222222222223 
1468.0 97.0204081632653 

1482.0 95.02083333333333 
1464.0 115.02380952380952 
1475.0 114.02325581395348 
1477.0 105.02325581395348 
1481.0 99.02173913043478 
1476.0 111.025 

1559.0 100.01754385964912 
1468.0 114.02380952380952 
1518.0 100.01818181818182 
1550.0 100.01785714285714 
1471.0 112.02272727272727 
1472.0 108.02222222222223 
1490.0 100.01960784313725 
1511.0 100.01886792452831 
1485.0 100.02083333333333 
1475.0 106.02127659574468 
1481.0 104.02083333333333 
1478.0 106.02083333333333 
1483.0 102.02 
1489.0 100.0204081632653 

1483.0 99.02173913043478 
1474.0 116.02439024390245 
1479.0 105.02325581395348 
1477.0 114.02325581395348 
1481.0 104.02173913043478 
1478.0 110.02272727272727 

