679.0 4.125 
821.0 4.052631578947368 
680.0 4.111111111111111 
774.0 4.055555555555555 
746.0 4.071428571428571 
709.0 4.090909090909091 
718.0 4.076923076923077 
754.0 4.0588235294117645 
710.0 4.083333333333333 
750.0 4.0625 

673.0 4.111111111111111 
745.0 4.055555555555555 
696.0 4.083333333333333 
724.0 4.076923076923077 
695.0 4.090909090909091 
735.0 4.0625 
730.0 4.071428571428571 
742.0 4.0588235294117645 

644.0 4.111111111111111 

688.0 4.1 
745.0 4.052631578947368 
703.0 4.083333333333333 
726.0 4.0588235294117645 
714.0 4.071428571428571 
720.0 4.0625 
708.0 4.076923076923077 

670.0 4.111111111111111 
732.0 4.052631578947368 
677.0 4.083333333333333 
701.0 4.071428571428571 
682.0 4.076923076923077 
709.0 4.0588235294117645 
724.0 4.055555555555555 
707.0 4.0625 

780.0 4.055555555555555 
663.0 4.111111111111111 
717.0 4.1 
729.0 4.076923076923077 
752.0 4.0588235294117645 

688.0 4.1 
749.0 4.052631578947368 
712.0 4.076923076923077 
732.0 4.071428571428571 
736.0 4.066666666666666 
742.0 4.0588235294117645 
746.0 4.055555555555555 

775.0 4.052631578947368 
667.0 4.111111111111111 
675.0 4.083333333333333 
721.0 4.055555555555555 
707.0 4.076923076923077 
713.0 4.0625 
719.0 4.0588235294117645 

671.0 4.111111111111111 
707.0 4.1 

666.0 4.111111111111111 
752.0 4.052631578947368 
681.0 4.090909090909091 
685.0 4.083333333333333 
707.0 4.076923076923077 
719.0 4.0625 
732.0 4.0588235294117645 
750.0 4.055555555555555 
713.0 4.071428571428571 

