0.14893617021276595 0.3522292993630573 
0.40070921985815605 0.3289976533690914 
0.15070921985815602 0.34777070063694254 
0.3173758865248227 0.329936305732484 
0.26773049645390073 0.3350318471337579 
0.20212765957446807 0.3412854661262304 
0.21808510638297873 0.33679568838804497 
0.28191489361702127 0.3309853877856874 
0.20390070921985815 0.33885350318471325 
0.274822695035461 0.3321656050955414 

0.13829787234042554 0.34777070063694254 
0.26595744680851063 0.329936305732484 
0.17907801418439717 0.33885350318471325 
0.22872340425531915 0.33679568838804497 
0.1773049645390071 0.3412854661262304 
0.24822695035460993 0.3321656050955414 
0.2393617021276596 0.3350318471337579 
0.26063829787234044 0.3309853877856874 

0.08687943262411348 0.34777070063694254 

0.16489361702127658 0.34420382165605085 
0.26595744680851063 0.3289976533690914 
0.19148936170212766 0.33885350318471325 
0.2322695035460993 0.3309853877856874 
0.21099290780141844 0.3350318471337579 
0.22163120567375885 0.3321656050955414 
0.20035460992907803 0.33679568838804497 

0.13297872340425532 0.34777070063694254 
0.2429078014184397 0.3289976533690914 
0.1453900709219858 0.33885350318471325 
0.1879432624113475 0.3350318471337579 
0.15425531914893617 0.33679568838804497 
0.20212765957446807 0.3309853877856874 
0.22872340425531915 0.329936305732484 
0.19858156028368795 0.3321656050955414 

0.3280141843971631 0.329936305732484 
0.12056737588652482 0.34777070063694254 
0.21631205673758866 0.34420382165605085 
0.2375886524822695 0.33679568838804497 
0.2783687943262411 0.3309853877856874 

0.16489361702127658 0.34420382165605085 
0.2730496453900709 0.3289976533690914 
0.2074468085106383 0.33679568838804497 
0.2429078014184397 0.3350318471337579 
0.25 0.3335031847133757 
0.26063829787234044 0.3309853877856874 
0.26773049645390073 0.329936305732484 

0.3191489361702128 0.3289976533690914 
0.1276595744680851 0.34777070063694254 
0.14184397163120568 0.33885350318471325 
0.22340425531914893 0.329936305732484 
0.19858156028368795 0.33679568838804497 
0.20921985815602837 0.3321656050955414 
0.2198581560283688 0.3309853877856874 

0.1347517730496454 0.34777070063694254 
0.19858156028368795 0.34420382165605085 

0.12588652482269502 0.34777070063694254 
0.2783687943262411 0.3289976533690914 
0.1524822695035461 0.3412854661262304 
0.1595744680851064 0.33885350318471325 
0.19858156028368795 0.33679568838804497 
0.2198581560283688 0.3321656050955414 
0.2429078014184397 0.3309853877856874 
0.274822695035461 0.329936305732484 
0.20921985815602837 0.3350318471337579 

