0.08136977693999371 0.020274196802615482 
0.07917059377945335 0.02027800278090192 
0.07697141061891298 0.020278484401610997 
0.08074143889412504 0.02027663396414976 
0.02544769085768143 0.9569352043618297 
0.03958529688972667 0.02028482442504376 
0.03424442349984291 0.025350533482844096 
0.034872761545711596 0.02028623114827072 
0.03770028275212064 0.02028551606396368 
0.027332704995287466 0.9544038059148663 
0.027646874018221804 0.9417490698283973 
0.030160226201696512 0.9392093785118288 
0.05435124096764059 0.02028415509705671 
0.02858938108702482 0.9417426774080768 
0.032359409362236885 0.05573564181498124 
0.03267357838517122 0.04054414892922131 
0.03361608545397424 0.03547612727069797 
0.25918944392082943 0.020258043522678806 
0.03298774740810556 0.04054053909186379 
0.21646245680175935 0.02025848416438035 
0.1834747093936538 0.020262217123033926 
0.19541313226515866 0.020261669556854607 
0.1982406534715677 0.02026090524572931 
0.20452403393025448 0.020260784010171517 
0.21332076657241597 0.0202595530029692 
0.20986490732013824 0.020259763742100652 
0.17907634307257306 0.020264961974009715 
0.176248821866164 0.02026572784601545 
0.2048382029531888 0.020260202079494034 
0.21394910461828465 0.0202590490615679 
0.20735155513666353 0.02026009031797321 
0.18158969525604776 0.020262359160877437 
0.17593465284322965 0.020266131481261704 
0.18064718818724473 0.020263740593452186 
0.19666980835689601 0.02026153758946608 
0.2086082312284009 0.020259871177736286 
0.30442978322337416 0.015199852848187584 
0.2855796418473139 0.015205346827753678 
0.05717876217404964 0.02028227068133938 
0.2946905435124097 0.015203541909074917 
0.0568645931511153 0.020283507017577196 
0.1460885956644675 0.020266338803001854 
0.11341501727929626 0.020268143721680613 
0.1420043983663211 0.02026676496435653 
0.09550738297203895 0.02027054542798703 
0.11027332704995288 0.020269972389289355 
0.14388941250392712 0.02026654992881058 
0.11153000314169023 0.020269422981053442 
0.09393653785736726 0.02027382486631708 
0.06220546654099906 0.02027897958910064 
0.05906377631165567 0.020281108156220223 
0.060320452403393024 0.02027948892480426 
