1445.0 465.03125 
2524.0 95.00613496932516 
1448.0 465.02941176470586 
1458.0 109.02173913043478 
2300.0 95.00689655172414 
2151.0 95.00709219858156 
2311.0 95.00671140939598 
2435.0 95.00632911392405 
2013.0 95.009009009009 
1907.0 95.00909090909092 
2044.0 95.00813008130082 
2124.0 95.00806451612904 
1663.0 95.01408450704226 
1482.0 95.01923076923077 
2461.0 95.00617283950618 
1544.0 95.01886792452831 
1713.0 95.01369863013699 
1768.0 95.01298701298701 
1838.0 95.01176470588236 
1789.0 95.01282051282051 
1612.0 95.01612903225806 
1580.0 95.01785714285714 
1551.0 95.01818181818182 
1635.0 95.01538461538462 
1875.0 95.01020408163265 
1852.0 95.01063829787235 
1461.0 108.02083333333333 
1618.0 95.015625 
1464.0 103.02222222222223 
1889.0 95.00925925925925 
1903.0 95.0091743119266 
1477.0 97.01923076923077 
2031.0 95.00840336134453 
2135.0 95.00746268656717 
2147.0 95.00714285714285 
1471.0 100.01886792452831 
2125.0 95.0079365079365 
2022.0 95.00869565217391 
1468.0 100.01923076923077 
1846.0 95.01075268817205 
1466.0 102.01960784313725 
1545.0 95.01851851851852 
2028.0 95.00847457627118 
