1612.0 95.01219512195122 
1605.0 95.01369863013699 
1598.0 95.01388888888889 
1610.0 95.01315789473684 
1434.0 465.02941176470586 
1479.0 95.01639344262296 
1462.0 97.01754385964912 
1464.0 95.01694915254237 
1473.0 95.01666666666667 
1440.0 464.02941176470586 
1441.0 459.030303030303 
1449.0 458.02702702702703 
1526.0 95.01612903225806 
1444.0 459.02777777777777 
1456.0 109.02083333333333 
1457.0 103.01960784313725 
1460.0 101.01754385964912 
2178.0 95.00581395348837 
1458.0 103.01818181818182 
2042.0 95.0059880239521 
1937.0 95.00746268656717 
1975.0 95.0072463768116 
1984.0 95.00694444444444 
2004.0 95.00689655172414 
2032.0 95.00641025641026 
2021.0 95.00649350649351 
1923.0 95.00854700854701 
1914.0 95.00884955752213 
2005.0 95.00666666666666 
2034.0 95.00621118012423 
2013.0 95.00662251655629 
1931.0 95.00751879699249 
1913.0 95.009009009009 
1928.0 95.00806451612904 
1979.0 95.00719424460432 
2017.0 95.00653594771242 
2322.0 93.00763358778626 
2262.0 93.00980392156863 
1535.0 95.01538461538462 
2291.0 93.00909090909092 
1534.0 95.01587301587301 
1818.0 95.00909090909092 
1714.0 95.00980392156863 
1805.0 95.00925925925925 
1657.0 95.01075268817205 
1704.0 95.01052631578948 
1811.0 95.0091743119266 
1708.0 95.01030927835052 
1652.0 95.01204819277109 
1551.0 95.01408450704226 
1541.0 95.01492537313433 
1545.0 95.01428571428572 
