1456.0 109.02083333333333 
2454.0 95.00546448087432 
1457.0 103.01960784313725 
1460.0 101.01754385964912 
1462.0 97.02 
2428.0 95.00568181818181 
2178.0 95.00581395348837 
1464.0 95.01886792452831 
1458.0 103.01818181818182 
2042.0 95.0059880239521 
1765.0 95.01030927835052 
1897.0 95.00980392156863 
1630.0 95.01388888888889 
1731.0 95.01351351351352 
1472.0 95.01724137931035 
1539.0 95.01694915254237 
1618.0 95.01492537313433 
1554.0 95.01587301587301 
1937.0 95.00746268656717 
1975.0 95.0072463768116 
1984.0 95.00694444444444 
2004.0 95.00689655172414 
1748.0 95.01298701298701 
1743.0 95.01333333333334 
2032.0 95.00641025641026 
2021.0 95.00649350649351 
1620.0 95.01428571428572 
1544.0 95.01612903225806 
1923.0 95.00854700854701 
1914.0 95.00884955752213 
2005.0 95.00666666666666 
2034.0 95.00621118012423 
2013.0 95.00662251655629 
1470.0 95.01851851851852 
1931.0 95.00751879699249 
1907.0 95.00909090909092 
1913.0 95.009009009009 
1928.0 95.00806451612904 
1902.0 95.00970873786407 
1979.0 95.00719424460432 
1540.0 95.01639344262296 
2017.0 95.00653594771242 
1905.0 95.00934579439253 
1471.0 95.01785714285714 
