1441.0 459.030303030303 
2909.0 95.00602409638554 
1470.0 458.0263157894737 
1474.0 109.02 
2508.0 95.00729927007299 
2314.0 95.00735294117646 
2219.0 95.00757575757575 
2758.0 95.00628930817611 
2553.0 95.00662251655629 
2663.0 95.00653594771242 
1895.0 95.00961538461539 
1807.0 95.01030927835052 
2132.0 95.00763358778626 
1966.0 95.00925925925925 
2664.0 95.00645161290322 
2730.0 95.00636942675159 
2081.0 95.00869565217391 
2017.0 95.00892857142857 
1612.0 95.01538461538462 
1550.0 95.015625 
1475.0 97.01960784313725 
2012.0 95.00909090909092 
1619.0 95.01408450704226 
1664.0 95.01282051282051 
1744.0 95.01149425287356 
1772.0 95.01075268817205 
1715.0 95.01176470588236 
1693.0 95.0126582278481 
1801.0 95.01041666666667 
2093.0 95.0078125 
2121.0 95.0077519379845 
1519.0 95.01785714285714 
1492.0 95.01851851851852 
2534.0 95.00689655172414 
1449.0 458.02702702702703 
1526.0 95.01612903225806 
1549.0 95.01587301587301 
2536.0 95.0068493150685 
1702.0 95.01234567901234 
2082.0 95.00806451612904 
1481.0 95.01960784313725 
1483.0 95.01886792452831 
1444.0 459.02777777777777 
1615.0 95.01492537313433 
1522.0 95.01724137931035 
1523.0 95.01694915254237 
