1438.0 465.03333333333336 
2543.0 95.00625 
1458.0 109.02222222222223 
1443.0 464.03225806451616 
2004.0 95.00813008130082 
2256.0 95.0078125 
2355.0 95.00729927007299 
2456.0 95.00636942675159 
1854.0 95.00943396226415 
1951.0 95.00934579439253 
1727.0 95.01123595505618 
1808.0 95.01075268817205 
1558.0 95.01428571428572 
1632.0 95.01298701298701 
2518.0 95.00628930817611 
1547.0 95.01612903225806 
1498.0 95.01639344262296 
2301.0 95.0077519379845 
2344.0 95.00757575757575 
1695.0 95.01176470588236 
1660.0 95.01282051282051 
1966.0 95.00833333333334 
1991.0 95.00819672131148 
1467.0 98.01785714285714 
1461.0 103.02173913043478 
1677.0 95.0125 
1826.0 95.00970873786407 
1842.0 95.00961538461539 
1477.0 97.01886792452831 
1955.0 95.00925925925925 
2354.0 95.00746268656717 
1479.0 95.01818181818182 
1684.0 95.01219512195122 
1442.0 465.03225806451616 
1482.0 95.01724137931035 
1814.0 95.01063829787235 
1820.0 95.00980392156863 
1689.0 95.01190476190476 
1488.0 95.01694915254237 
1492.0 95.01666666666667 
1848.0 95.00952380952381 
1553.0 95.01470588235294 
1551.0 95.015625 
