1434.0 465.02941176470586 
2440.0 95.00719424460432 
1444.0 464.0285714285714 
1456.0 109.02127659574468 
1996.0 95.00813008130082 
2275.0 95.00806451612904 
2295.0 95.00735294117646 
1783.0 95.01123595505618 
1859.0 95.0111111111111 
1555.0 95.01408450704226 
1615.0 95.01369863013699 
1684.0 95.01176470588236 
1743.0 95.01162790697674 
1527.0 95.01612903225806 
1479.0 95.01639344262296 
1747.0 95.01149425287356 
1904.0 95.01063829787235 
1877.0 95.01086956521739 
1967.0 95.00934579439253 
1942.0 95.00990099009901 
1912.0 95.01020408163265 
1936.0 95.01010101010101 
1621.0 95.01351351351352 
1642.0 95.01333333333334 
1459.0 103.01818181818182 
1462.0 97.01754385964912 
1979.0 95.00854700854701 
1464.0 95.01694915254237 
1543.0 95.01515151515152 
1646.0 95.01315789473684 
1657.0 95.01298701298701 
2285.0 95.0078125 
1537.0 95.01538461538462 
1678.0 95.0125 
1473.0 95.01666666666667 
1669.0 95.0126582278481 
1975.0 95.00869565217391 
1440.0 464.02941176470586 
1663.0 95.01282051282051 
