1455.0 465.03125 
2322.0 93.00763358778626 
1460.0 464.030303030303 
1462.0 109.02325581395348 
2262.0 93.00980392156863 
2134.0 95.00769230769231 
2120.0 95.00819672131148 
2007.0 95.00840336134453 
1771.0 95.01086956521739 
1846.0 95.01041666666667 
1598.0 95.01388888888889 
1671.0 95.01369863013699 
1894.0 95.00990099009901 
1949.0 95.00892857142857 
1589.0 95.01515151515152 
1535.0 95.01538461538462 
1478.0 95.01666666666667 
1530.0 95.01639344262296 
1712.0 95.0125 
1761.0 95.01176470588236 
1861.0 95.01010101010101 
1684.0 95.01315789473684 
2291.0 93.00909090909092 
1998.0 95.00854700854701 
1969.0 95.00862068965517 
1466.0 97.01886792452831 
1464.0 103.01960784313725 
1471.0 95.01923076923077 
1681.0 95.01351351351352 
1957.0 95.00877192982456 
1768.0 95.01149425287356 
1592.0 95.01408450704226 
1852.0 95.01030927835052 
1855.0 95.01020408163265 
1963.0 95.00869565217391 
1458.0 465.030303030303 
1533.0 95.01612903225806 
1534.0 95.01587301587301 
