0.026704366949418787 0.956945131414563 
0.37386113729186304 0.02025914733014113 
0.03298774740810556 0.0557391576461576 
0.02827521206409048 0.9544110110337857 
0.20452403393025448 0.020263906565026208 
0.2836946277097078 0.02026310264021453 
0.31479736098020733 0.020261803450774364 
0.34652843229657554 0.020259449646834647 
0.15739868049010367 0.020267207207271817 
0.18787307571473452 0.020266984019258517 
0.11749921457744267 0.020271768769026987 
0.1429469054351241 0.02027054542798703 
0.06440464970153943 0.02027948892480426 
0.08765315739868049 0.02027620139435364 
0.3660069117185046 0.020259246834797098 
0.0609487904492617 0.02028415509705671 
0.04555450832547911 0.02028482442504376 
0.29783223374175305 0.02026294933362253 
0.3113415017279296 0.020262503350809452 
0.10744580584354382 0.020273107248047206 
0.09644989004084198 0.020275779916090742 
0.1925856110587496 0.02026442107690567 
0.20043983663210807 0.020264075257445693 
0.03581526861451461 0.027882724974433795 
0.033930254476908575 0.040549544066576314 
0.10179076343072573 0.020274968570434676 
0.1486019478479422 0.020267902773798717 
0.1536286522148916 0.020267666459529973 
0.038956958843858 0.025353885218622946 
0.18912975180647187 0.02026676496435653 
0.31448319195727303 0.020262217123033926 
0.03958529688972667 0.020289351516156046 
0.1039899465912661 0.020274196802615482 
0.027961043041156142 0.956942409480749 
0.04052780395852969 0.02028697089065735 
0.14483191957273012 0.02027025586056002 
0.14671693371033617 0.020268143721680613 
0.1055607917059378 0.020273461785644802 
0.04241281809613572 0.02028623114827072 
0.043669494187873074 0.02028551606396368 
0.15551366635249764 0.020267434646485383 
0.06283380458686773 0.02028055253759709 
0.06220546654099906 0.02028287919058143 

0.025761859880615773 0.9569545069643665 
0.37637448947533775 0.02026264974211452 
0.03267357838517122 0.055736763888760935 
0.027961043041156142 0.9544110110337857 
0.26610116242538484 0.020263258361083555 
0.35940936223688347 0.02026294933362253 
0.21300659754948162 0.020267207207271817 
0.17781966698083568 0.020267434646485383 
0.1454602576185988 0.020268389440807666 
0.17593465284322965 0.020268143721680613 
0.23845428840716307 0.020263577277423322 
0.08136977693999371 0.020274196802615482 
0.10493245366006912 0.02027382486631708 
0.2331134150172793 0.020266984019258517 
0.12378259503612944 0.020272760955509984 
0.10681746779767515 0.020273107248047206 
0.03550109959158027 0.02029108832469601 
0.1398052152057807 0.020271452739258317 
0.12441093308199812 0.020271768769026987 
0.047753691486019476 0.020289351516156046 
0.07257304429783223 0.02028287919058143 
0.061262959472196045 0.020283507017577196 
0.03361608545397424 0.04054514163449463 
0.05655042412818096 0.02028415509705671 
0.034872761545711596 0.03041855514136744 
0.14169022934338674 0.020269156686245206 
0.07320138234370091 0.020281680611771314 
0.0763430725730443 0.02027897958910064 
0.235626767200754 0.020264961974009715 
0.03424442349984291 0.03548039751099313 
0.027332704995287466 0.956945131414563 
0.07917059377945335 0.02027800278090192 
0.04963870562362551 0.02028852963354339 
0.051837888784165884 0.020287736588917162 
0.07697141061891298 0.020278484401610997 
0.05372290292177191 0.02028697089065735 
0.05466540999057493 0.02028482442504376 
0.23374175306314798 0.020265148490252488 
0.08074143889412504 0.02027663396414976 

0.02544769085768143 0.9569352043618297 
0.34150172792962613 0.02026153758946608 
0.02858938108702482 0.9544016786892806 
0.032359409362236885 0.055736763888760935 
0.20201068174677977 0.020263906565026208 
0.28966383914546023 0.020263740593452186 
0.29594721960414705 0.02026193931372234 
0.13509267986176562 0.020271768769026987 
0.15896952560477537 0.020271452739258317 
0.06346214263273642 0.02027897958910064 
0.08231228400879673 0.02027800278090192 
0.1039899465912661 0.020273107248047206 
0.12252591894439209 0.020272760955509984 
0.05466540999057493 0.02028415509705671 
0.03958529688972667 0.02028482442504376 
0.12378259503612944 0.020272422623720764 
0.17310713163682062 0.02027025586056002 
0.16462456801759345 0.020270841290358096 
0.19289978008168396 0.020266984019258517 
0.18504555450832547 0.020268389440807666 
0.17562048382029533 0.020269156686245206 
0.18316054037071944 0.020268895771130085 
0.08419729814640277 0.02027753417696876 
0.09079484762802388 0.02027707806914048 
0.0333019164310399 0.04054053909186379 
0.03424442349984291 0.025350533482844096 
0.19666980835689601 0.020264961974009715 
0.034872761545711596 0.02028623114827072 
0.05969211435752435 0.020281680611771314 
0.09205152371976123 0.02027663396414976 
0.09550738297203895 0.02027620139435364 
0.29280552937480364 0.02026310264021453 
0.05780710021991831 0.02028227068133938 
0.10210493245366006 0.020274968570434676 
0.03770028275212064 0.02028551606396368 
0.09927741124725102 0.020275369108163632 
0.19541313226515866 0.020265338250256 
0.027332704995287466 0.9544038059148663 
0.097392397109645 0.020275779916090742 

0.027646874018221804 0.9417490698283973 
0.48884699968583095 0.020258575478082352 
0.036757775683317624 0.9392075780861909 
0.038014451775054976 0.05573353231627544 
0.36286522148916117 0.020261803450774364 
0.30191643103989946 0.02026193931372234 
0.2720703738611373 0.020262503350809452 
0.4414074772227458 0.020259246834797098 
0.3770028275212064 0.02026009031797321 
0.41156142004398366 0.020259871177736286 
0.17027961043041157 0.020267666459529973 
0.14263273641218976 0.020269422981053442 
0.24473766886584983 0.02026264974211452 
0.1925856110587496 0.02026676496435653 
0.411875589066918 0.020259657692731244 
0.43261074458058435 0.020259449646834647 
0.22871504869619855 0.020265338250256 
0.2086082312284009 0.02026592786169551 
0.08136977693999371 0.02028227068133938 
0.06189129751806472 0.02028287919058143 
0.03832862079798932 0.0253557582474405 
0.20703738611372918 0.020266338803001854 
0.08356896010053409 0.02027897958910064 
0.09770656613257933 0.020275779916090742 
0.12284008796732643 0.020272422623720764 
0.1316368206094879 0.02027054542798703 
0.1137291863022306 0.020273107248047206 
0.10681746779767515 0.020275369108163632 
0.14074772227458374 0.020269694823670175 
0.23248507697141063 0.02026310264021453 
0.2412818096135721 0.02026294933362253 
0.05215205780710022 0.02028852963354339 
0.043669494187873074 0.02029020383886547 
0.371033616085454 0.020260784010171517 
0.030160226201696512 0.9392093785118288 
0.05435124096764059 0.02028415509705671 
0.06157712849513038 0.020283507017577196 
0.37166195413132264 0.020260664435374772 
0.1096449890040842 0.020274577922526175 
0.2290292177191329 0.020263740593452186 
0.04021363493559535 0.020292961353513567 
0.040841972981464025 0.02029108832469601 
0.02858938108702482 0.9417426774080768 
0.08231228400879673 0.020281108156220223 
0.053094564875903236 0.02028697089065735 
0.053408733898837574 0.02028623114827072 

0.032359409362236885 0.05573564181498124 
0.3459000942507069 0.02025715886824635 
0.03267357838517122 0.04054414892922131 
0.03361608545397424 0.03547612727069797 
0.03424442349984291 0.025356750952713822 
0.3377316996544141 0.020257709035568994 
0.25918944392082943 0.020258043522678806 
0.034872761545711596 0.02029108832469601 
0.03298774740810556 0.04054053909186379 
0.21646245680175935 0.02025848416438035 
0.12943763744894754 0.020269422981053442 
0.17090794847628024 0.020268143721680613 
0.08702481935281181 0.020278484401610997 
0.11875589066918002 0.02027753417696876 
0.0373861137291863 0.02028697089065735 
0.058435438265786996 0.02028623114827072 
0.08325479107759975 0.020281108156220223 
0.06314797360980208 0.020283507017577196 
0.1834747093936538 0.020262217123033926 
0.19541313226515866 0.020261669556854607 
0.1982406534715677 0.02026090524572931 
0.20452403393025448 0.020260784010171517 
0.12409676405906378 0.02027620139435364 
0.12252591894439209 0.02027707806914048 
0.21332076657241597 0.0202595530029692 
0.20986490732013824 0.020259763742100652 
0.08388312912346843 0.02027948892480426 
0.060006283380458686 0.02028415509705671 
0.17907634307257306 0.020264961974009715 
0.176248821866164 0.02026572784601545 
0.2048382029531888 0.020260202079494034 
0.21394910461828465 0.0202590490615679 
0.20735155513666353 0.02026009031797321 
0.036757775683317624 0.02029020383886547 
0.18158969525604776 0.020262359160877437 
0.17404963870562362 0.020266338803001854 
0.17593465284322965 0.020266131481261704 
0.18064718818724473 0.020263740593452186 
0.17247879359095195 0.020267902773798717 
0.19666980835689601 0.02026153758946608 
0.058749607288721334 0.02028482442504376 
0.2086082312284009 0.020259871177736286 
0.17342130065975495 0.020266984019258517 
0.03707194470625196 0.02028852963354339 

0.03204524033930255 0.9569398576677984 
0.30442978322337416 0.015199852848187584 
0.03361608545397424 0.9544060620632147 
0.03424442349984291 0.0557417740786609 
0.2855796418473139 0.015205346827753678 
0.2453660069117185 0.020262798385593504 
0.24096764059063777 0.020264075257445693 
0.2054665409990575 0.020264598345704453 
0.13132265158655357 0.020270841290358096 
0.15488532830662896 0.020269694823670175 
0.07697141061891298 0.020278484401610997 
0.0999057492931197 0.02027800278090192 
0.1699654414074772 0.020268389440807666 
0.18724473766886585 0.02026592786169551 
0.07414388941250392 0.020281680611771314 
0.05717876217404964 0.02028227068133938 
0.039271127866792335 0.02028551606396368 
0.05560791705937795 0.02028482442504376 
0.11278667923342758 0.020274968570434676 
0.1281809613572102 0.020273107248047206 
0.15959786365064405 0.020268895771130085 
0.1039899465912661 0.02027663396414976 
0.2946905435124097 0.015203541909074917 
0.20263901979264845 0.020264961974009715 
0.19352811812755263 0.020265148490252488 
0.03550109959158027 0.025353885218622946 
0.034872761545711596 0.04054414892922131 
0.03707194470625196 0.020292006829212318 
0.10304743952246309 0.02027753417696876 
0.18975808985234055 0.020265531339382394 
0.13038014451775054 0.020272422623720764 
0.07508639648130694 0.02027897958910064 
0.156770342444235 0.020269422981053442 
0.15771284951303802 0.020269156686245206 
0.19164310398994658 0.020265338250256 
0.03298774740810556 0.9569374605101781 
0.05655042412818096 0.02028415509705671 
0.0568645931511153 0.020283507017577196 

0.02639019792648445 0.9695994017155665 
0.36286522148916117 0.020258043522678806 
0.03047439522463085 0.967054761428427 
0.0333019164310399 0.06839492698317447 
0.312598177819667 0.020259871177736286 
0.3559535029846057 0.020259449646834647 
0.1844172164624568 0.020264961974009715 
0.22086082312284008 0.020264778619059173 
0.18190386427898209 0.020265338250256 
0.1460885956644675 0.020266338803001854 
0.2802387684574301 0.02026193931372234 
0.24819352811812756 0.020262217123033926 
0.11341501727929626 0.020268143721680613 
0.1420043983663211 0.02026676496435653 
0.2874646559849199 0.02026090524572931 
0.09236569274269557 0.02027800278090192 
0.06817467797675149 0.02027948892480426 
0.22368834432924914 0.02026341655371241 
0.2453660069117185 0.02026310264021453 
0.09550738297203895 0.02027054542798703 
0.11027332704995288 0.020269972389289355 
0.04492617027961043 0.02028623114827072 
0.05937794533459001 0.02028482442504376 
0.03707194470625196 0.05573793474835712 
0.03770028275212064 0.040546174858350534 
0.038956958843858 0.025354803723139255 
0.03455859252277725 0.06839155777494868 
0.06503298774740811 0.02028415509705671 
0.03958529688972667 0.02029020383886547 
0.2836946277097078 0.020261028176889344 
0.0430411561420044 0.02028697089065735 
0.35940936223688347 0.020258761446231534 
0.14388941250392712 0.02026654992881058 
0.02858938108702482 0.9695880603246749 
0.11153000314169023 0.020269422981053442 
0.027961043041156142 0.9695968499026159 
0.0666038328620798 0.02028055253759709 
0.09393653785736726 0.020274196802615482 
0.22211749921457744 0.02026442107690567 
0.09487904492617028 0.02027382486631708 

0.028903550109959156 0.9569398576677984 
0.3678919258561106 0.020258856141669505 
0.029846057178762174 0.9569352043618297 
0.03298774740810556 0.05573793474835712 
0.2975180647188187 0.020260784010171517 
0.25070688030160226 0.020261279270322542 
0.30097392397109646 0.020260315341169535 
0.3399308828149544 0.02025934759900563 
0.20735155513666353 0.020266131481261704 
0.17404963870562362 0.020266338803001854 
0.21709079484762803 0.020263906565026208 
0.24222431668237512 0.020263740593452186 
0.097392397109645 0.02027897958910064 
0.04052780395852969 0.020292006829212318 
0.34809927741124724 0.02025895200618692 
0.060006283380458686 0.02029108832469601 
0.11310084825636192 0.02027800278090192 
0.13038014451775054 0.02027620139435364 
0.15237197612315426 0.020273107248047206 
0.13697769399937165 0.020275779916090742 
0.08136977693999371 0.02028415509705671 
0.07131636820609488 0.02028852963354339 
0.06220546654099906 0.020289351516156046 
0.0885956644674835 0.02028227068133938 
0.16399622997172478 0.020269156686245206 
0.156770342444235 0.02027025586056002 
0.033930254476908575 0.05320424336801777 
0.08325479107759975 0.02028287919058143 
0.034872761545711596 0.04055076696437679 
0.16839459629280554 0.02026676496435653 
0.17279296261388627 0.02026654992881058 
0.038956958843858 0.025354803723139255 
0.21300659754948162 0.020264598345704453 
0.24568017593465286 0.020262217123033926 
0.2494502042098649 0.020261407507325923 
0.03707194470625196 0.03294808055951335 
0.24253848570530945 0.02026341655371241 
0.21017907634307256 0.020265338250256 
0.03612943763744895 0.032948999064029656 
0.15488532830662896 0.02027054542798703 
0.03550109959158027 0.03801275048225784 
0.060320452403393024 0.02029020383886547 
0.21206409048067862 0.020264778619059173 

0.027646874018221804 0.9696151051798776 
0.35783851712221176 0.020259246834797098 
0.035186930568645934 0.0557417740786609 
0.03455859252277725 0.9594976248485845 
0.354382657869934 0.020259657692731244 
0.31291234684260133 0.020260315341169535 
0.1988689915174364 0.02027054542798703 
0.15865535658184102 0.020271768769026987 
0.27018535972353125 0.020263740593452186 
0.23248507697141063 0.020264961974009715 
0.2981464027646874 0.02026310264021453 
0.13195098963242224 0.020273461785644802 
0.15771284951303802 0.020272422623720764 
0.07005969211435753 0.02028055253759709 
0.09519321394910461 0.020280013023861586 
0.043355325164938736 0.020287736588917162 
0.060006283380458686 0.02028697089065735 
0.20703738611372918 0.020267434646485383 
0.22211749921457744 0.020266338803001854 
0.11844172164624568 0.02027620139435364 
0.10587496072887213 0.02027948892480426 
0.11718504555450833 0.02027800278090192 
0.10775997486647816 0.02027897958910064 
0.23091423185673893 0.020265148490252488 
0.30662896638391457 0.020262359160877437 
0.0640904806786051 0.020281108156220223 
0.0373861137291863 0.027893774729559447 
0.20043983663210807 0.020269422981053442 
0.03612943763744895 0.043083443895404354 
0.03204524033930255 0.9696114991991838 
0.3110273327049953 0.020261028176889344 
0.033930254476908575 0.9645650076092631 
0.04021363493559535 0.020292006829212318 
0.039271127866792335 0.027891380972162785 
0.06283380458686773 0.02028287919058143 
0.06063462142632736 0.02028482442504376 
0.03958529688972667 0.025356750952713822 
0.04147031102733271 0.02028852963354339 
0.311655670750864 0.02026054648744601 
0.19949732956330507 0.020269694823670175 
0.060320452403393024 0.02028623114827072 

0.03078856424756519 0.9696151051798776 
0.6314797360980208 0.020256175828157093 
0.036443606660383286 0.055736763888760935 
0.03267357838517122 0.96200792830849 
0.5504241281809613 0.020256579484857918 
0.4191014765944078 0.020259657692731244 
0.4715677034244424 0.02025934759900563 
0.37668865849827204 0.020262359160877437 
0.3323908262645303 0.020263258361083555 
0.48853283066289666 0.020257874356784212 
0.5256047753691486 0.020257709035568994 
0.09393653785736726 0.02027382486631708 
0.12880929940307886 0.020273461785644802 
0.29531888155827835 0.02026442107690567 
0.32799245994344955 0.02026341655371241 
0.16211121583411875 0.020268640074317272 
0.19447062519635563 0.020267434646485383 
0.0901665095821552 0.020278484401610997 
0.06220546654099906 0.02027897958910064 
0.2290292177191329 0.02026676496435653 
0.2023248507697141 0.020267207207271817 
0.4112472510210493 0.02026054648744601 
0.3857995601633679 0.020260784010171517 
0.276468740182218 0.020264961974009715 
0.25479107759974867 0.020265338250256 
0.24976437323279924 0.02026572784601545 
0.15865535658184102 0.02027025586056002 
0.13917687715991203 0.02027054542798703 
0.05906377631165567 0.020281108156220223 
0.04429783223374175 0.02028623114827072 
0.5397423814011938 0.020256719732424138 
0.03707194470625196 0.04054514163449463 
0.5303173107131637 0.020256935758917308 
0.13634935595350298 0.020273107248047206 
0.4809927741124725 0.020258043522678806 
0.03770028275212064 0.03548135203529437 
0.03864278982092366 0.025354803723139255 
0.4784794219289978 0.020258575478082352 
0.039271127866792335 0.02029020383886547 
0.3810870248193528 0.020262077189454778 
0.38140119384228716 0.020261152839474113 
0.031416902293433864 0.9645453538946128 
0.5262331134150173 0.020257627775988645 
0.04241281809613572 0.02028697089065735 
0.032359409362236885 0.9645422364088407 
0.0917373546968269 0.020274577922526175 
0.4806786050895382 0.020258393937746214 
0.060320452403393024 0.02027948892480426 
0.138234370091109 0.020271143655198862 

