1444.0 470.0357142857143 
1832.0 95.01369863013699 
1462.0 103.02173913043478 
1451.0 464.03225806451616 
1563.0 95.01587301587301 
1718.0 95.015625 
1823.0 95.01428571428572 
1735.0 95.01449275362319 
1492.0 95.01851851851852 
1549.0 95.01818181818182 
1478.0 102.0204081632653 
1483.0 95.0204081632653 
1729.0 95.01492537313433 
1479.0 101.02083333333333 
1445.0 465.0357142857143 
1489.0 95.01923076923077 
1446.0 465.03333333333336 
1450.0 464.0344827586207 
1559.0 95.01694915254237 
1553.0 95.01785714285714 
1555.0 95.01754385964912 
