1758.0 95.01351351351352 
1440.0 467.0357142857143 
1455.0 458.02564102564105 
1464.0 109.02272727272727 
1552.0 95.01538461538462 
1632.0 95.01492537313433 
1699.0 95.01388888888889 
1659.0 95.01408450704226 
1487.0 95.01886792452831 
1511.0 95.01851851851852 
1474.0 95.01960784313725 
1525.0 95.01785714285714 
1466.0 103.02127659574468 
1471.0 103.02083333333333 
1444.0 467.0344827586207 
1472.0 97.0204081632653 
1447.0 465.0344827586207 
1547.0 95.01587301587301 
1541.0 95.01612903225806 
1448.0 461.03225806451616 
1530.0 95.01724137931035 
1535.0 95.01666666666667 
1450.0 459.0285714285714 
1529.0 95.01754385964912 
1539.0 95.01639344262296 
1453.0 459.0263157894737 
