1444.0 472.037037037037 
1963.0 95.01219512195122 
1453.0 471.03225806451616 
1465.0 111.02439024390245 
1622.0 95.01612903225806 
1729.0 95.01515151515152 
1826.0 95.0125 
1930.0 95.01234567901234 
1794.0 95.01492537313433 
1520.0 97.01923076923077 
1550.0 97.01851851851852 
1593.0 95.01666666666667 
1471.0 99.02083333333333 
1490.0 97.0204081632653 
1508.0 97.02 
1571.0 95.01724137931035 
1810.0 95.01408450704226 
1587.0 95.01694915254237 
1484.0 97.02083333333333 
1467.0 105.02173913043478 
1563.0 95.01923076923077 
1512.0 97.01960784313725 
1555.0 97.01818181818182 
1817.0 95.01333333333334 
1448.0 471.0357142857143 
1820.0 95.01315789473684 
1822.0 95.01282051282051 
1824.0 95.0126582278481 
