0.03247807729782397 0.07232308250320607 
0.029555050341019812 0.08196294516964221 
0.039298473530367 0.06267982492123328 
0.024033777200389735 0.9542066771654708 
0.024358557973367976 0.9542009404510539 
0.09386164339071126 0.06266821178550307 
0.08996427411497239 0.062670125162557 
0.0883403702500812 0.06267063867919281 
0.02240987333549854 0.9590255172758378 
0.027281584930172135 0.9373164660643449 
0.058785319909061384 0.06267227403217145 
0.08476778174732055 0.06267116752468342 
0.037674569665475804 0.06268066678708066 
0.03345241961675869 0.06268244956181625 
0.050016239038648914 0.06267823138945074 
0.023708996427411498 0.95902255000976 
0.03280285807080221 0.06750321797955032 
0.05716141604417019 0.06267345079410315 
0.055212731406300744 0.06267406764511575 
0.025008119519324457 0.944560669456067 
0.05164014290354011 0.06267674775641184 
0.05326404676843131 0.06267536303224219 
0.025657681065280935 0.9397329466911185 
0.05131536213056187 0.0626774765586064 
0.05456316986034427 0.06267470472075172 
0.026632023384215654 0.9397275119090392 
0.24910685287430984 0.06266004541333467 
0.10880155894771029 0.06266458920272715 
0.1679116596297499 0.06266423518861385 
0.1932445599220526 0.06266258580467683 
0.2218252679441377 0.06266227816677397 
0.04059759662227996 0.06267901366868943 
0.18317635595972717 0.06266355214961875 
0.23384215654433257 0.06266083815956912 
0.09483598570964599 0.06266776576179793 
0.22604741799285483 0.06266168317478601 
0.23059434881455018 0.06266139537974837 
0.09223773952582007 0.06266867019875556 
0.03540110425462813 0.0626815410323837 
0.029230269568041572 0.10847155422397983 
0.03020461188697629 0.08196183072928366 
