0.023708996427411498 0.9710758046153203 
0.19227021760311788 0.06266458920272715 
0.026632023384215654 0.9686548700079018 
0.03052939265995453 0.1012446932570677 
0.08151997401753816 0.06267406764511575 
0.1162715167262098 0.06267171239579494 
0.14777525170509906 0.06266532378201227 
0.18155245209483598 0.06266495195792966 
0.13738226696979539 0.06267116752468342 
0.04839233517375771 0.06750038114275068 
0.0581357583631049 0.06749866503160025 
0.07210133160116922 0.06267536303224219 
0.03247807729782397 0.07232308250320607 
0.03864891198441052 0.06750321797955032 
0.04449496589801884 0.06750223454279311 
0.06495615459564794 0.06267674775641184 
0.14257875933744724 0.06266914152505745 
0.07015264696329977 0.06267604365937642 
0.03670022734654108 0.0675042423928391 
0.03117895420591101 0.0867817852800092 
0.06235790841182202 0.0626815410323837 
0.04579408898993179 0.06750128967218323 
0.0597596622279961 0.06749785377905641 
0.1448522247482949 0.06266733163205825 
0.025008119519324457 0.9686631974965718 
0.14582656706722963 0.06266690892678539 
0.1464761286131861 0.06266609603202994 
0.1471256901591426 0.06266570501936278 

0.023708996427411498 0.9662537774413883 
0.1497239363429685 0.06266821178550307 
0.029555050341019812 0.08196294516964221 
0.025982461838259176 0.9517889296216174 
0.06235790841182202 0.06267345079410315 
0.11269892822344917 0.0626728532196847 
0.14680090938616433 0.0626696263178251 
0.11822020136407925 0.062670125162557 
0.039298473530367 0.06267982492123328 
0.05781097759012666 0.06267901366868943 
0.034751542708671646 0.07955031825546778 
0.03637544657356284 0.06268437786918334 
0.1162715167262098 0.06267116752468342 
0.035076323481649886 0.07714192261357306 
0.024033777200389735 0.9542066771654708 
0.038324131211432286 0.0626815410323837 
0.024358557973367976 0.9542009404510539 
0.025657681065280935 0.9517942898442096 
0.06105878531990906 0.06267604365937642 
0.059110100682039625 0.06267823138945074 
0.0597596622279961 0.0626774765586064 

0.023059434881455017 0.9662279622265113 
0.09386164339071126 0.06266821178550307 
0.026632023384215654 0.9638118493378413 
0.029555050341019812 0.10846237548091246 
0.08704124715816823 0.0626728532196847 
0.06560571614160442 0.06267345079410315 
0.03702500811951932 0.06268244956181625 
0.046768431308866515 0.0626815410323837 
0.055212731406300744 0.06267604365937642 
0.06430659304969145 0.06267470472075172 
0.04839233517375771 0.06267901366868943 
0.08996427411497239 0.062670125162557 
0.03572588502760637 0.07713991476352708 
0.03377720038973693 0.07714192261357306 
0.03085417343293277 0.09400893100520112 
0.03020461188697629 0.108459647835567 
0.03312763884378045 0.08196294516964221 
0.03182851575186749 0.08919009089483414 
0.0883403702500812 0.06267063867919281 
0.03637544657356284 0.06509281448760962 
0.025008119519324457 0.9662224862718404 
0.025657681065280935 0.963813066216657 
0.024033777200389735 0.9662250938693028 
0.04774277362780124 0.06268066678708066 

0.12569015914257875 0.06266776576179793 
0.02240987333549854 0.9590255172758378 
0.027281584930172135 0.9373164660643449 
0.03020461188697629 0.09642184635060004 
0.058785319909061384 0.06267227403217145 
0.08476778174732055 0.06267116752468342 
0.10652809353686261 0.06266867019875556 
0.09353686261773303 0.06266914152505745 
0.037674569665475804 0.06268066678708066 
0.04546930821695356 0.06267982492123328 
0.03345241961675869 0.06268244956181625 
0.050016239038648914 0.06267823138945074 
0.03085417343293277 0.08196183072928366 
0.03247807729782397 0.08196076272394004 
0.023708996427411498 0.95902255000976 
0.03280285807080221 0.06750321797955032 
0.024683338746346217 0.9542037098993931 
0.05716141604417019 0.06267345079410315 
0.055212731406300744 0.06267406764511575 
0.025008119519324457 0.944560669456067 
0.05164014290354011 0.06267674775641184 
0.05326404676843131 0.06267536303224219 
0.025657681065280935 0.9397329466911185 
0.05131536213056187 0.0626774765586064 
0.05456316986034427 0.06267470472075172 
0.026632023384215654 0.9397275119090392 

0.24910685287430984 0.06266004541333467 
0.025008119519324457 0.9590287043394028 
0.03150373497888925 0.9590255172758378 
0.03182851575186749 0.09642184635060004 
0.10880155894771029 0.06266458920272715 
0.1679116596297499 0.06266423518861385 
0.1932445599220526 0.06266258580467683 
0.2218252679441377 0.06266227816677397 
0.04059759662227996 0.06267901366868943 
0.058785319909061384 0.0626774765586064 
0.18317635595972717 0.06266355214961875 
0.23384215654433257 0.06266083815956912 
0.09483598570964599 0.06266776576179793 
0.07210133160116922 0.06267674775641184 
0.08476778174732055 0.06267406764511575 
0.0743747970120169 0.06267470472075172 
0.03247807729782397 0.08196294516964221 
0.03345241961675869 0.08196183072928366 
0.22604741799285483 0.06266168317478601 
0.23059434881455018 0.06266139537974837 
0.03377720038973693 0.06750531039818271 
0.08704124715816823 0.06267116752468342 
0.08963949334199416 0.06267063867919281 
0.035076323481649886 0.06268339443242613 
0.037999350438454045 0.06268066678708066 
0.03605066580058461 0.06268244956181625 
0.03994803507632348 0.06267982492123328 
0.07242611237414745 0.06267604365937642 
0.09126339720688535 0.062670125162557 
0.09223773952582007 0.06266867019875556 
0.09386164339071126 0.06266821178550307 
0.034751542708671646 0.06750223454279311 
0.08606690483923352 0.06267227403217145 
0.034426761935693405 0.06750321797955032 

0.04059759662227996 0.06268066678708066 
0.025332900292302694 0.9542098642290359 
0.027931146476128613 0.9517942898442096 
0.03020461188697629 0.09401242629541655 
0.03540110425462813 0.0626815410323837 
0.034751542708671646 0.07714089820028429 
0.03085417343293277 0.0819653260194991 
0.026307242611237416 0.9542066771654708 

0.024033777200389735 0.9662603967272543 
0.07534913933095161 0.0747238480323293 
0.024683338746346217 0.9542132964513368 
0.02987983111399805 0.10847155422397983 
0.046768431308866515 0.07472692519715073 
0.07340045469308216 0.0747253316653682 
0.037999350438454045 0.07473049470834359 
0.034101981162715164 0.07714192261357306 
0.03605066580058461 0.0747314781451008 
0.03312763884378045 0.08196294516964221 
0.03182851575186749 0.08919009089483414 
0.03052939265995453 0.10846545133630207 
0.03117895420591101 0.09400585514981151 

0.023384215654433257 0.9662328461860826 
0.06495615459564794 0.06267901366868943 
0.03020461188697629 0.9638143396944874 
0.03117895420591101 0.10124068646096702 
0.050016239038648914 0.06267982492123328 
0.04871711594673595 0.0626815410323837 
0.037999350438454045 0.06268244956181625 
0.027931146476128613 0.9638185421713278 
0.03280285807080221 0.08195690147385162 
0.034751542708671646 0.0723220580899173 
0.024358557973367976 0.9662295067265467 
0.03182851575186749 0.08678067083965064 
0.03637544657356284 0.06268339443242613 
0.025332900292302694 0.9638234261308992 
0.026307242611237416 0.9638217124608742 
0.026956804157193894 0.9638200866713633 
0.03540110425462813 0.06750321797955032 
0.03605066580058461 0.06268540228247212 

0.06073400454693082 0.0626774765586064 
0.02273465410847678 0.9662537774413883 
0.029230269568041572 0.10847155422397983 
0.037349788892497564 0.06268437786918334 
0.05423838908736603 0.06267982492123328 
0.03670022734654108 0.06750531039818271 
0.03280285807080221 0.07714089820028429 
0.03020461188697629 0.08196183072928366 

0.025008119519324457 0.9662569645049534 
0.19129587528418318 0.07471205223384712 
0.02987983111399805 0.10846656577666061 
0.025332900292302694 0.9638443573862048 
0.15914257875933746 0.07471672659374255 
0.13380967846703476 0.07471773895511027 
0.070477427736278 0.0747238480323293 
0.0932120818447548 0.07472314393529386 
0.1120493666774927 0.07472246330815964 
0.17603117895420592 0.07471486603771538 
0.05358882754140955 0.07472692519715073 
0.0678791815524521 0.07472611394460689 
0.037349788892497564 0.07473049470834359 
0.05066580058460539 0.07472864130830116 
0.18772328678142253 0.07471359747678775 
0.11562195518025332 0.07471995349560216 
0.12504059759662228 0.0747193743080889 
0.03052939265995453 0.09400893100520112 
0.03572588502760637 0.07955352511445872 
0.034751542708671646 0.09400228563861866 
0.035076323481649886 0.08918799847620175 
0.06982786619032154 0.0747253316653682 
0.03637544657356284 0.07473250255838956 
0.03150373497888925 0.0940078629998575 
0.03312763884378045 0.09400491027920164 
0.05228970444949659 0.07472776706299812 
0.03345241961675869 0.09400400174976908 

