1444.0 472.037037037037 
1963.0 95.01219512195122 
1453.0 471.03225806451616 
1465.0 111.02439024390245 
1622.0 95.01612903225806 
1729.0 95.01515151515152 
1826.0 95.0125 
1930.0 95.01234567901234 
1794.0 95.01492537313433 
1520.0 97.01923076923077 
1550.0 97.01851851851852 
1593.0 95.01666666666667 
1471.0 99.02083333333333 
1490.0 97.0204081632653 
1508.0 97.02 
1571.0 95.01724137931035 
1810.0 95.01408450704226 
1587.0 95.01694915254237 
1484.0 97.02083333333333 
1467.0 105.02173913043478 
1563.0 95.01923076923077 
1512.0 97.01960784313725 
1555.0 97.01818181818182 
1817.0 95.01333333333334 
1448.0 471.0357142857143 
1820.0 95.01315789473684 
1822.0 95.01282051282051 
1824.0 95.0126582278481 

1444.0 470.0357142857143 
1832.0 95.01369863013699 
1462.0 103.02173913043478 
1451.0 464.03225806451616 
1563.0 95.01587301587301 
1718.0 95.015625 
1823.0 95.01428571428572 
1735.0 95.01449275362319 
1492.0 95.01851851851852 
1549.0 95.01818181818182 
1478.0 102.0204081632653 
1483.0 95.0204081632653 
1729.0 95.01492537313433 
1479.0 101.02083333333333 
1445.0 465.0357142857143 
1489.0 95.01923076923077 
1446.0 465.03333333333336 
1450.0 464.0344827586207 
1559.0 95.01694915254237 
1553.0 95.01785714285714 
1555.0 95.01754385964912 

1442.0 470.025 
1660.0 95.01369863013699 
1453.0 469.02222222222224 
1462.0 114.02 
1639.0 95.015625 
1573.0 95.01587301587301 
1485.0 95.01960784313725 
1515.0 95.01923076923077 
1541.0 95.01694915254237 
1569.0 95.01639344262296 
1520.0 95.01818181818182 
1648.0 95.01449275362319 
1481.0 101.02 
1475.0 101.02083333333333 
1466.0 108.02127659574468 
1464.0 114.01886792452831 
1473.0 103.02173913043478 
1469.0 106.02127659574468 
1643.0 95.01470588235294 
1483.0 96.02 
1448.0 470.02272727272725 
1450.0 469.02272727272725 
1445.0 470.0238095238095 
1518.0 95.01886792452831 

1758.0 95.01351351351352 
1440.0 467.0357142857143 
1455.0 458.02564102564105 
1464.0 109.02272727272727 
1552.0 95.01538461538462 
1632.0 95.01492537313433 
1699.0 95.01388888888889 
1659.0 95.01408450704226 
1487.0 95.01886792452831 
1511.0 95.01851851851852 
1474.0 95.01960784313725 
1525.0 95.01785714285714 
1466.0 103.02127659574468 
1471.0 103.02083333333333 
1444.0 467.0344827586207 
1472.0 97.0204081632653 
1447.0 465.0344827586207 
1547.0 95.01587301587301 
1541.0 95.01612903225806 
1448.0 461.03225806451616 
1530.0 95.01724137931035 
1535.0 95.01666666666667 
1450.0 459.0285714285714 
1529.0 95.01754385964912 
1539.0 95.01639344262296 
1453.0 459.0263157894737 

2138.0 95.01030927835052 
1448.0 467.037037037037 
1468.0 467.0357142857143 
1469.0 109.02272727272727 
1706.0 95.01219512195122 
1888.0 95.01204819277109 
1966.0 95.01136363636364 
2054.0 95.01123595505618 
1496.0 95.01818181818182 
1552.0 95.01754385964912 
1935.0 95.01176470588236 
2091.0 95.01063829787235 
1663.0 95.01351351351352 
1593.0 95.01724137931035 
1632.0 95.01612903225806 
1600.0 95.01639344262296 
1471.0 103.02173913043478 
1474.0 103.02127659574468 
2067.0 95.01098901098901 
2081.0 95.01086956521739 
1475.0 97.02127659574468 
1639.0 95.01492537313433 
1647.0 95.01470588235294 
1479.0 95.02 
1488.0 95.01886792452831 
1482.0 95.01960784313725 
1494.0 95.01851851851852 
1594.0 95.01694915254237 
1652.0 95.01449275362319 
1655.0 95.01388888888889 
1660.0 95.01369863013699 
1478.0 97.02 
1636.0 95.01538461538462 
1477.0 97.0204081632653 

1496.0 95.01886792452831 
1449.0 465.037037037037 
1457.0 464.0344827586207 
1464.0 108.02272727272727 
1480.0 95.01923076923077 
1478.0 101.0204081632653 
1466.0 103.02272727272727 
1452.0 465.0357142857143 

1445.0 470.03846153846155 
1603.0 100.01724137931035 
1447.0 465.03846153846155 
1463.0 114.02380952380952 
1515.0 100.01851851851852 
1597.0 100.01785714285714 
1488.0 100.02 
1476.0 101.02083333333333 
1482.0 100.0204081632653 
1473.0 103.02173913043478 
1469.0 106.02127659574468 
1465.0 114.02127659574468 
1467.0 108.02 

1443.0 470.02702702702703 
1571.0 95.01818181818182 
1464.0 469.0232558139535 
1467.0 111.02272727272727 
1525.0 95.01851851851852 
1521.0 95.01923076923077 
1488.0 95.01960784313725 
1457.0 469.025 
1472.0 103.01923076923077 
1478.0 99.0204081632653 
1446.0 470.02564102564105 
1469.0 105.02127659574468 
1483.0 95.02 
1449.0 469.02702702702703 
1452.0 469.0263157894737 
1454.0 469.02564102564105 
1480.0 97.0204081632653 
1482.0 95.02083333333333 

1558.0 95.01754385964912 
1441.0 470.0357142857143 
1461.0 114.02380952380952 
1486.0 95.0204081632653 
1538.0 95.01851851851852 
1484.0 97.02127659574468 
1472.0 101.0204081632653 
1464.0 103.02127659574468 

1448.0 470.037037037037 
1960.0 100.01234567901234 
1463.0 114.02173913043478 
1449.0 469.0357142857143 
1861.0 100.01428571428572 
1783.0 100.01470588235294 
1588.0 100.01724137931035 
1658.0 100.01694915254237 
1716.0 100.01666666666667 
1913.0 100.01351351351352 
1536.0 100.01851851851852 
1580.0 100.01818181818182 
1486.0 100.02 
1527.0 100.01923076923077 
1949.0 100.01298701298701 
1727.0 100.015625 
1756.0 100.01538461538462 
1465.0 108.02127659574468 
1481.0 102.02173913043478 
1478.0 108.01851851851852 
1479.0 106.0204081632653 
1586.0 100.01785714285714 
1483.0 100.02083333333333 
1468.0 108.02083333333333 
1473.0 108.01960784313725 
1532.0 100.01886792452831 
1474.0 108.01923076923077 

