0.07531380753138076 0.9616393442622945 

0.1589958158995816 0.9535022354694482 

0.18688981868898186 0.9715846994535512 
0.6708507670850767 0.9192407247627259 
0.5160390516039052 0.9467213114754093 
0.200836820083682 0.9535022354694482 
0.6624825662482566 0.924783027965284 

0.03905160390516039 0.9715846994535512 

0.09762900976290098 0.9715846994535512 

0.12412831241283125 0.9616393442622945 

0.07531380753138076 0.9616393442622945 

0.6652719665271967 0.9168852459016389 
0.17154811715481172 0.9715846994535512 
0.5160390516039052 0.9535022354694482 
0.5383542538354253 0.9409836065573765 
0.603905160390516 0.928073770491803 
0.6192468619246861 0.9192407247627259 

0.0502092050209205 0.9840163934426226 
0.07810320781032078 0.9715846994535512 

0.03486750348675035 0.9467213114754093 

