0.3431952662721893 0.3297655453618756 
0.16173570019723865 0.347604485219164 
0.27416173570019725 0.3348623853211008 
0.1992110453648915 0.3411175979983319 
0.3076923076923077 0.33081489476524545 
0.21104536489151873 0.33868501529051975 
0.2465483234714004 0.33662667607621727 
0.29980276134122286 0.33199541284403666 

0.38461538461538464 0.3297655453618756 
0.15976331360946747 0.347604485219164 
0.20315581854043394 0.33868501529051975 
0.3096646942800789 0.33081489476524545 
0.2465483234714004 0.33662667607621727 

0.16765285996055226 0.3520642201834862 
0.3905325443786982 0.3297655453618756 
0.33727810650887574 0.3348623853211008 
0.2583826429980276 0.33662667607621727 
0.1952662721893491 0.33868501529051975 
0.34911242603550297 0.33081489476524545 
0.17159763313609466 0.347604485219164 
0.1854043392504931 0.3440366972477063 
0.1913214990138067 0.3411175979983319 

0.16765285996055226 0.3520642201834862 
0.4891518737672584 0.3288266537904393 
0.32938856015779094 0.3297655453618756 
0.17159763313609466 0.347604485219164 
0.20512820512820512 0.3411175979983319 
0.23274161735700197 0.33333333333333326 
0.28007889546351084 0.33199541284403666 
0.22090729783037474 0.33662667607621727 
0.20907297830374755 0.33868501529051975 
0.3096646942800789 0.33081489476524545 

0.16173570019723865 0.3520642201834862 
0.5601577909270217 0.3247706422018349 
0.3333333333333333 0.3297655453618756 
0.4378698224852071 0.3288266537904393 
0.1834319526627219 0.347604485219164 
0.4635108481262327 0.3253058103975536 
0.22090729783037474 0.3411175979983319 
0.22879684418145957 0.33868501529051975 
0.28402366863905326 0.3348623853211008 
0.27613412228796846 0.33662667607621727 
0.45759368836291914 0.3265221017514597 

0.5996055226824457 0.3288266537904393 
0.17751479289940827 0.347604485219164 
0.3826429980276134 0.3297655453618756 
0.20710059171597633 0.3411175979983319 
0.3136094674556213 0.3348623853211008 
0.3175542406311637 0.33081489476524545 
0.22682445759368836 0.33662667607621727 
0.21499013806706113 0.33868501529051975 

0.14792899408284024 0.347604485219164 
0.3708086785009862 0.3297655453618756 
0.22090729783037474 0.3411175979983319 
0.2978303747534517 0.33081489476524545 
0.25443786982248523 0.3348623853211008 
0.23865877712031558 0.33868501529051975 
0.2781065088757396 0.33199541284403666 

0.16765285996055226 0.3411175979983319 
0.358974358974359 0.3297655453618756 
0.1893491124260355 0.3348623853211008 
0.20118343195266272 0.33333333333333326 
0.2564102564102564 0.33199541284403666 
0.3057199211045365 0.33081489476524545 

0.14201183431952663 0.347604485219164 
0.3708086785009862 0.3288266537904393 
0.19723865877712032 0.33662667607621727 
0.3116370808678501 0.3297655453618756 
0.2465483234714004 0.3348623853211008 

0.3865877712031558 0.3297655453618756 
0.13609467455621302 0.3520642201834862 
0.14201183431952663 0.347604485219164 
0.20118343195266272 0.3440366972477063 
0.33136094674556216 0.33199541284403666 
0.28402366863905326 0.33662667607621727 
0.2406311637080868 0.3411175979983319 
0.25443786982248523 0.33868501529051975 
0.36489151873767256 0.33081489476524545 

