663.0 4.111111111111111 
717.0 3.0526315789473686 
700.0 4.076923076923077 
709.0 3.0555555555555554 
685.0 4.090909090909091 
690.0 4.083333333333333 

654.0 4.111111111111111 
1083.0 4.03125 
977.0 4.032258064516129 
706.0 4.071428571428571 
699.0 4.090909090909091 
693.0 4.1 
727.0 4.052631578947368 
910.0 4.0344827586206895 
864.0 4.038461538461538 
809.0 4.041666666666667 
717.0 4.0625 
766.0 4.043478260869565 
753.0 4.0476190476190474 
889.0 4.035714285714286 
715.0 4.066666666666666 
765.0 4.045454545454546 

651.0 4.111111111111111 
841.0 4.038461538461538 
711.0 4.076923076923077 
789.0 4.04 
764.0 4.041666666666667 
725.0 4.052631578947368 
717.0 4.066666666666666 
724.0 4.0588235294117645 
735.0 4.05 
751.0 4.0476190476190474 
760.0 4.045454545454546 
713.0 4.071428571428571 

657.0 4.1 
799.0 4.04 
707.0 4.052631578947368 
782.0 4.0476190476190474 
742.0 4.05 
698.0 4.066666666666666 
676.0 4.090909090909091 
690.0 4.076923076923077 
684.0 4.083333333333333 

671.0 4.111111111111111 
731.0 4.052631578947368 
675.0 4.076923076923077 
693.0 4.0588235294117645 
713.0 4.055555555555555 
681.0 4.071428571428571 
687.0 4.0625 

734.0 4.052631578947368 
616.0 6.111111111111111 
661.0 4.111111111111111 
685.0 4.0588235294117645 
721.0 4.055555555555555 
673.0 4.1 
676.0 4.083333333333333 

772.0 4.052631578947368 
657.0 4.111111111111111 
684.0 4.071428571428571 
667.0 4.1 
723.0 4.055555555555555 
701.0 4.0625 
722.0 4.0588235294117645 

678.0 4.111111111111111 
783.0 4.052631578947368 
686.0 4.083333333333333 
738.0 4.055555555555555 
700.0 4.0625 
724.0 4.0588235294117645 
693.0 4.071428571428571 
690.0 4.076923076923077 

947.0 4.041666666666667 
674.0 4.1 
788.0 4.052631578947368 
934.0 4.043478260869565 
703.0 4.090909090909091 
716.0 4.066666666666666 
746.0 4.055555555555555 
727.0 4.0588235294117645 
711.0 4.076923076923077 
709.0 4.083333333333333 

846.0 4.03030303030303 
668.0 4.083333333333333 
708.0 4.041666666666667 
748.0 4.0344827586206895 
835.0 4.03125 
710.0 4.04 
729.0 4.038461538461538 
733.0 4.037037037037037 
744.0 4.035714285714286 

