0.6296296296296297 0.325503650919328 
0.31851851851851853 0.330541317664708 
0.5722222222222222 0.32646080760095014 
0.6222222222222222 0.325963822400877 
0.30925925925925923 0.33148588017946684 
0.23703703703703705 0.333729216152019 
0.10555555555555556 0.34943256795988376 
0.11296296296296296 0.3458432304038004 
0.2814814814814815 0.33254156769596194 
0.15925925925925927 0.3404592240696753 
0.8888888888888888 0.32430720506730004 
0.45555555555555555 0.32699920823436274 
0.2 0.3350752177355502 
0.3648148148148148 0.328222846037573 
0.18333333333333332 0.33661350525958594 
0.762962962962963 0.32467851584896384 
0.7555555555555555 0.3250763488293179 
