685.0 4.111111111111111 
930.0 4.037037037037037 
762.0 4.052631578947368 
828.0 4.0476190476190474 
709.0 4.090909090909091 
712.0 4.071428571428571 
754.0 4.0625 
851.0 4.045454545454546 
896.0 4.041666666666667 
710.0 4.083333333333333 
733.0 4.066666666666666 
899.0 4.04 
926.0 4.038461538461538 

678.0 4.090909090909091 
682.0 4.083333333333333 

703.0 4.090909090909091 
661.0 4.111111111111111 
664.0 4.1 

682.0 4.1 
911.0 4.04 
735.0 4.0625 
906.0 4.045454545454546 
723.0 4.083333333333333 
785.0 4.052631578947368 
772.0 4.0588235294117645 
859.0 4.0476190476190474 
826.0 4.05 
729.0 4.071428571428571 
725.0 4.076923076923077 

757.0 4.055555555555555 
656.0 4.1 
718.0 4.0625 
712.0 4.071428571428571 
679.0 4.090909090909091 
748.0 4.0588235294117645 
691.0 4.076923076923077 
684.0 4.083333333333333 

688.0 4.090909090909091 
659.0 4.1 

647.0 4.111111111111111 
676.0 4.090909090909091 
651.0 4.1 

673.0 4.1 
852.0 4.0476190476190474 
742.0 4.0588235294117645 
829.0 4.055555555555555 
696.0 4.076923076923077 
694.0 4.090909090909091 
740.0 4.0625 
839.0 4.052631578947368 

676.0 4.111111111111111 
899.0 4.0476190476190474 
818.0 4.052631578947368 
723.0 4.071428571428571 
766.0 4.066666666666666 
689.0 4.090909090909091 
860.0 4.05 
680.0 4.1 
711.0 4.083333333333333 
802.0 4.0588235294117645 
785.0 4.0625 
717.0 4.076923076923077 

676.0 4.083333333333333 
1070.0 4.033333333333333 
836.0 4.041666666666667 
764.0 4.052631578947368 
698.0 4.066666666666666 
931.0 4.04 
787.0 4.045454545454546 
689.0 4.071428571428571 
1002.0 4.0344827586206895 
986.0 4.038461538461538 
998.0 4.035714285714286 

