0.17592592592592593 0.34943256795988376 
0.6296296296296297 0.325503650919328 
0.31851851851851853 0.330541317664708 
0.44074074074074077 0.3289220676394073 
0.22037037037037038 0.3429064996760959 
0.22592592592592592 0.33661350525958594 
0.3037037037037037 0.333729216152019 
0.48333333333333334 0.328222846037573 
0.5666666666666667 0.32699920823436274 
0.2222222222222222 0.3404592240696753 
0.26481481481481484 0.3350752177355502 
0.5722222222222222 0.32646080760095014 
0.6222222222222222 0.325963822400877 

0.16296296296296298 0.3429064996760959 
0.17037037037037037 0.3404592240696753 

0.20925925925925926 0.3429064996760959 
0.13148148148148148 0.34943256795988376 
0.13703703703703704 0.3458432304038004 

0.17037037037037037 0.3458432304038004 
0.5944444444444444 0.32646080760095014 
0.26851851851851855 0.333729216152019 
0.5851851851851851 0.328222846037573 
0.2462962962962963 0.3404592240696753 
0.3611111111111111 0.330541317664708 
0.337037037037037 0.33254156769596194 
0.4981481481481482 0.3289220676394073 
0.43703703703703706 0.32969121140142515 
0.2574074074074074 0.33661350525958594 
0.25 0.3383884524027041 

0.30925925925925923 0.33148588017946684 
0.12222222222222222 0.3458432304038004 
0.23703703703703705 0.333729216152019 
0.22592592592592592 0.33661350525958594 
0.1648148148148148 0.3429064996760959 
0.29259259259259257 0.33254156769596194 
0.18703703703703703 0.3383884524027041 
0.17407407407407408 0.3404592240696753 

0.1814814814814815 0.3429064996760959 
0.12777777777777777 0.3458432304038004 

0.10555555555555556 0.34943256795988376 
0.15925925925925927 0.3429064996760959 
0.11296296296296296 0.3458432304038004 

0.1537037037037037 0.3458432304038004 
0.48518518518518516 0.3289220676394073 
0.2814814814814815 0.33254156769596194 
0.4425925925925926 0.33148588017946684 
0.1962962962962963 0.3383884524027041 
0.1925925925925926 0.3429064996760959 
0.2777777777777778 0.333729216152019 
0.46111111111111114 0.330541317664708 

0.15925925925925927 0.34943256795988376 
0.5722222222222222 0.3289220676394073 
0.4222222222222222 0.330541317664708 
0.2462962962962963 0.33661350525958594 
0.32592592592592595 0.3350752177355502 
0.18333333333333332 0.3429064996760959 
0.5 0.32969121140142515 
0.16666666666666666 0.3458432304038004 
0.22407407407407406 0.3404592240696753 
0.3925925925925926 0.33254156769596194 
0.3611111111111111 0.333729216152019 
0.2351851851851852 0.3383884524027041 

0.15925925925925927 0.3404592240696753 
0.8888888888888888 0.32430720506730004 
0.45555555555555555 0.32699920823436274 
0.32222222222222224 0.330541317664708 
0.2 0.3350752177355502 
0.6314814814814815 0.32646080760095014 
0.3648148148148148 0.328222846037573 
0.18333333333333332 0.33661350525958594 
0.762962962962963 0.32467851584896384 
0.7333333333333333 0.325963822400877 
0.7555555555555555 0.3250763488293179 

