1426.0 463.0263157894737 
4276.0 95.00287356321839 
1457.0 463.02222222222224 
1463.0 108.01538461538462 
3700.0 95.00327868852459 
3958.0 95.00325732899023 
3427.0 95.0036231884058 
3110.0 95.00393700787401 
3258.0 95.00392156862745 
2564.0 95.0049751243781 
2709.0 95.00492610837438 
2246.0 95.00555555555556 
2110.0 95.00561797752809 
4181.0 95.00308641975309 
4050.0 95.0030959752322 
2525.0 95.00518134715026 
2404.0 95.00526315789473 
2271.0 95.00534759358288 
2391.0 95.00531914893617 
2976.0 95.00438596491227 
2866.0 95.00442477876106 
3602.0 95.00332225913621 
3336.0 95.00369003690037 
2062.0 95.00617283950618 
1976.0 95.00621118012423 
1745.0 95.00892857142857 
1662.0 95.00925925925925 
1846.0 95.00787401574803 
1764.0 95.00819672131148 
1558.0 95.01063829787235 
1633.0 95.01030927835052 
3496.0 95.00361010830325 
1551.0 95.01388888888889 
1485.0 95.01428571428572 
4213.0 95.00294117647059 
2762.0 95.0047619047619 
2815.0 95.0045871559633 
3033.0 95.00408163265305 
3084.0 95.00403225806451 
4026.0 95.0031847133758 
3978.0 95.00319488817891 
2527.0 95.00507614213198 
1466.0 98.01724137931035 
3009.0 95.00431034482759 
2713.0 95.00490196078431 
2746.0 95.00485436893204 
1465.0 102.01492537313433 
1464.0 104.01818181818182 
1904.0 95.00657894736842 
1934.0 95.00649350649351 
1962.0 95.00641025641026 
1480.0 97.01492537313433 
3580.0 95.00337837837837 
1482.0 95.01449275362319 
3515.0 95.00352112676056 
3534.0 95.00347222222223 
3320.0 95.00375939849624 
2848.0 95.00444444444445 
3302.0 95.00377358490566 
4196.0 95.00296735905044 
4033.0 95.0031055900621 
1453.0 463.0238095238095 
1437.0 463.025 
1898.0 95.0068493150685 
1875.0 95.00735294117646 
1882.0 95.00709219858156 
1859.0 95.00757575757575 
3094.0 95.00398406374502 
2094.0 95.00564971751412 
2256.0 95.00540540540541 
2830.0 95.00450450450451 
2834.0 95.00448430493273 
3502.0 95.00355871886121 
3284.0 95.00384615384615 
3964.0 95.0032154340836 
3547.0 95.00346020761246 
3574.0 95.00340136054422 
3271.0 95.003861003861 
3333.0 95.0037037037037 
3561.0 95.00342465753425 
3021.0 95.0042735042735 
3291.0 95.00378787878788 
3975.0 95.00320512820512 
1472.0 98.01612903225806 
2078.0 95.00574712643679 
2088.0 95.00568181818181 
3557.0 95.00343642611683 
2755.0 95.0048309178744 
4184.0 95.00305810397553 
1657.0 95.00943396226415 
1649.0 95.00970873786407 
1751.0 95.00854700854701 
4028.0 95.00314465408805 
1758.0 95.00826446280992 
3286.0 95.00380228136882 
3262.0 95.00390625 
1969.0 95.00632911392405 
2072.0 95.00581395348837 
1643.0 95.00980392156863 
2066.0 95.00602409638554 
1852.0 95.0077519379845 
3962.0 95.00324675324676 
3265.0 95.00387596899225 
3027.0 95.00420168067227 
4190.0 95.00302114803625 
1638.0 95.01 
1554.0 95.01204819277109 
1855.0 95.00769230769231 
3023.0 95.0042194092827 
1972.0 95.00628930817611 
4192.0 95.00301204819277 
1469.0 98.01694915254237 
