1428.0 465.03225806451616 
4362.0 95.00324675324676 
1438.0 464.02272727272725 
1455.0 109.02272727272727 
2988.0 95.00469483568075 
3227.0 95.00467289719626 
3698.0 95.00383141762453 
3881.0 95.00381679389314 
4109.0 95.00371747211896 
3447.0 95.00446428571429 
3303.0 95.00448430493273 
2168.0 95.00787401574803 
2042.0 95.00806451612904 
1639.0 95.01204819277109 
1735.0 95.01190476190476 
2827.0 95.00490196078431 
2918.0 95.00487804878048 
4240.0 95.00335570469798 
4331.0 95.00333333333333 
2814.0 95.0049504950495 
2724.0 95.0050505050505 
2568.0 95.00549450549451 
2656.0 95.005291005291 
2555.0 95.00581395348837 
2469.0 95.00588235294117 
1547.0 95.01333333333334 
1625.0 95.01315789473684 
1960.0 95.00826446280992 
2035.0 95.00813008130082 
2205.0 95.00751879699249 
2278.0 95.00746268656717 
4133.0 95.0036496350365 
4195.0 95.00361010830325 
1539.0 95.01470588235294 
1481.0 95.01923076923077 
2323.0 95.00704225352112 
2381.0 95.00699300699301 
3644.0 95.00384615384615 
1801.0 95.01123595505618 
1854.0 95.01098901098901 
1459.0 103.01851851851852 
1457.0 109.01960784313725 
2449.0 95.00641025641026 
2400.0 95.00645161290322 
3629.0 95.00389105058366 
3584.0 95.00390625 
3270.0 95.00460829493088 
1743.0 95.01176470588236 
1782.0 95.01149425287356 
1467.0 97.02 
3532.0 95.00418410041841 
3496.0 95.0042194092827 
1465.0 101.02083333333333 
1472.0 95.01960784313725 
1878.0 95.01086956521739 
2673.0 95.00526315789473 
2696.0 95.00518134715026 
2940.0 95.0048309178744 
3579.0 95.00392156862745 
2968.0 95.00478468899522 
1946.0 95.00909090909092 
1927.0 95.00934579439253 
1462.0 103.01818181818182 
3478.0 95.0042372881356 
1894.0 95.01052631578948 
4226.0 95.00337837837837 
4116.0 95.0037037037037 
4209.0 95.00353356890459 
3547.0 95.00409836065573 
3285.0 95.00456621004567 
3288.0 95.00452488687783 
3462.0 95.00429184549357 
3564.0 95.00396825396825 
2953.0 95.0048076923077 
2311.0 95.00719424460432 
2298.0 95.00729927007299 
2461.0 95.00617283950618 
3466.0 95.00425531914894 
2712.0 95.00507614213198 
4343.0 95.00332225913621 
1429.0 464.03125 
1916.0 95.01 
1790.0 95.01136363636364 
1905.0 95.01020408163265 
2289.0 95.00740740740741 
1895.0 95.01030927835052 
4353.0 95.00331125827815 
3634.0 95.003861003861 
1958.0 95.00862068965517 
1949.0 95.00884955752213 
2703.0 95.00510204081633 
4199.0 95.00358422939068 
4208.0 95.00354609929079 
3563.0 95.004 
3548.0 95.00404858299595 
3556.0 95.00403225806451 
1628.0 95.01282051282051 
1635.0 95.01234567901234 
2701.0 95.00515463917526 
2296.0 95.00735294117646 
1545.0 95.01369863013699 
2390.0 95.00689655172414 
2396.0 95.00657894736842 
2317.0 95.00709219858156 
2384.0 95.00694444444444 
1921.0 95.00961538461539 
1433.0 464.025 
1541.0 95.01388888888889 
1435.0 464.0238095238095 
1924.0 95.00952380952381 
