1441.0 465.02941176470586 
3537.0 88.00414937759336 
1453.0 109.02 
1447.0 464.02222222222224 
3007.0 88.00568181818181 
2815.0 88.00581395348837 
3505.0 88.00429184549357 
3328.0 88.00432900432901 
2263.0 95.00680272108843 
2138.0 95.00689655172414 
2354.0 95.00571428571429 
2478.0 95.00568181818181 
1739.0 95.0079365079365 
1850.0 95.0078125 
1874.0 95.00757575757575 
1982.0 95.00746268656717 
2126.0 95.00714285714285 
2025.0 95.0072463768116 
1616.0 95.01020408163265 
1688.0 95.01010101010101 
2754.0 91.00653594771242 
3159.0 88.00473933649289 
3220.0 88.0045871559633 
2758.0 88.0060606060606 
1512.0 95.01333333333334 
1569.0 95.01162790697674 
2699.0 92.00571428571429 
2292.0 95.00625 
2345.0 95.00621118012423 
3292.0 88.00438596491227 
2484.0 95.00510204081633 
2534.0 95.005 
3097.0 88.005 
3145.0 88.0049751243781 
2800.0 88.00595238095238 
3074.0 88.00540540540541 
3037.0 88.0054347826087 
1460.0 97.01754385964912 
1455.0 103.01886792452831 
1458.0 103.01694915254237 
2620.0 92.00632911392405 
2652.0 92.00625 
1996.0 95.00735294117646 
1604.0 95.01123595505618 
1577.0 95.01136363636364 
1509.0 95.01470588235294 
1483.0 95.015625 
3225.0 88.00454545454545 
3250.0 88.00448430493273 
2575.0 94.00729927007299 
3272.0 88.00446428571429 
2556.0 95.00485436893204 
2581.0 93.00675675675676 
1471.0 95.01639344262296 
3522.0 88.00420168067227 
3276.0 88.00444444444445 
1470.0 97.01470588235294 
3079.0 88.00518134715026 
1864.0 95.0077519379845 
3023.0 88.00549450549451 
3093.0 88.00507614213198 
2802.0 88.00584795321637 
3146.0 88.00490196078431 
2690.0 92.00584795321637 
2593.0 93.00671140939598 
2678.0 92.00588235294117 
2614.0 92.00763358778626 
2667.0 92.00591715976331 
2543.0 95.00492610837438 
2554.0 95.00490196078431 
2662.0 92.00617283950618 
2283.0 95.00641025641026 
3013.0 88.00558659217877 
2136.0 95.00694444444444 
2273.0 95.00649350649351 
1443.0 464.0285714285714 
1576.0 95.01149425287356 
1988.0 95.00740740740741 
2613.0 93.00625 
2611.0 93.00641025641026 
1611.0 95.01041666666667 
1871.0 95.00763358778626 
2604.0 93.00653594771242 
2619.0 92.00751879699249 
1477.0 95.01587301587301 
1716.0 95.00892857142857 
1722.0 95.00862068965517 
1728.0 95.00854700854701 
1733.0 95.00840336134453 
1700.0 95.00961538461539 
1706.0 95.00943396226415 
1710.0 95.00934579439253 
2599.0 93.00657894736842 
1612.0 95.01030927835052 
2482.0 95.00552486187846 
1692.0 95.01 
1696.0 95.00970873786407 
2266.0 95.00671140939598 
2350.0 95.0060606060606 
2270.0 95.00653594771242 
1446.0 464.02564102564105 
1463.0 97.01639344262296 
1466.0 97.01612903225806 
1467.0 97.01515151515152 
2348.0 95.00613496932516 
1457.0 103.01818181818182 
1694.0 95.00980392156863 
