1453.0 109.02 
1739.0 95.0079365079365 
1616.0 95.01020408163265 
1512.0 95.01333333333334 
1460.0 97.01754385964912 
1455.0 103.01886792452831 
1458.0 103.01694915254237 
1471.0 95.01639344262296 
1611.0 95.01041666666667 
1477.0 95.01587301587301 
1716.0 95.00892857142857 
1722.0 95.00862068965517 
1728.0 95.00854700854701 
1733.0 95.00840336134453 
1612.0 95.01030927835052 
1463.0 97.01639344262296 
1457.0 103.01818181818182 
1536.0 95.01298701298701 
1478.0 95.01538461538462 
1532.0 95.01315789473684 
1481.0 95.01492537313433 
3882.0 69.00403225806451 
3832.0 73.00446428571429 
3854.0 72.00429184549357 
3837.0 72.00436681222708 
3863.0 69.00420168067227 
3878.0 69.00404858299595 
3858.0 70.00448430493273 
3862.0 70.0042194092827 
3834.0 73.00429184549357 
3860.0 70.00444444444445 
1426.0 463.0263157894737 
1662.0 95.00925925925925 
1558.0 95.01063829787235 
1485.0 95.01428571428572 
1482.0 95.01449275362319 
1437.0 463.025 
1657.0 95.00943396226415 
1649.0 95.00970873786407 
1643.0 95.00980392156863 
1638.0 95.01 
1554.0 95.01204819277109 
2389.0 87.00833333333334 
1452.0 109.0204081632653 
2228.0 87.00862068965517 
2348.0 87.00854700854701 
1892.0 87.01204819277109 
2007.0 87.01190476190476 
2084.0 87.01086956521739 
2178.0 87.01075268817205 
2017.0 87.01123595505618 
2076.0 87.0111111111111 
1808.0 87.01449275362319 
1865.0 87.01428571428572 
2204.0 87.00892857142857 
2195.0 87.00970873786407 
1793.0 89.01724137931035 
2181.0 87.01020408163265 
1466.0 95.0204081632653 
1798.0 89.01612903225806 
1801.0 87.01639344262296 
2010.0 87.01162790697674 
1872.0 87.01351351351352 
1873.0 87.01333333333334 
1880.0 87.01282051282051 
1806.0 87.01587301587301 
1885.0 87.0126582278481 
1888.0 87.01234567901234 
2180.0 87.01063829787235 
