1439.0 465.03333333333336 
3801.0 94.00440528634361 
1466.0 109.02173913043478 
1464.0 464.01960784313724 
3445.0 94.00456621004567 
3784.0 94.00452488687783 
3180.0 94.00478468899522 
3422.0 94.00473933649289 
2835.0 95.00452488687783 
3052.0 95.00450450450451 
2272.0 95.00657894736842 
2160.0 95.00666666666666 
2375.0 95.00588235294117 
2478.0 95.00584795321637 
2058.0 95.00675675675676 
2628.0 95.0051282051282 
2701.0 95.00507614213198 
2546.0 95.00581395348837 
2341.0 95.00636942675159 
2286.0 95.00641025641026 
1805.0 95.00980392156863 
1859.0 95.00934579439253 
1753.0 95.01 
1527.0 95.015625 
1569.0 95.01538461538462 
1468.0 103.02127659574468 
3105.0 94.00510204081633 
3143.0 94.0049504950495 
1893.0 95.00909090909092 
1930.0 95.00884955752213 
1605.0 95.01369863013699 
1638.0 95.01315789473684 
1476.0 101.0204081632653 
2821.0 95.00460829493088 
2720.0 95.00492610837438 
2790.0 95.00471698113208 
2751.0 95.00490196078431 
1672.0 95.01176470588236 
1702.0 95.01123595505618 
1478.0 97.02127659574468 
2010.0 95.00813008130082 
2554.0 95.00571428571429 
2580.0 95.00549450549451 
1984.0 95.00819672131148 
1486.0 95.01886792452831 
1511.0 95.01818181818182 
1882.0 95.00925925925925 
2601.0 95.00540540540541 
1597.0 95.01492537313433 
1577.0 95.01515151515152 
1480.0 95.02083333333333 
1470.0 101.02083333333333 
1948.0 95.00877192982456 
1719.0 95.0111111111111 
1737.0 95.01075268817205 
3080.0 95.00440528634361 
3164.0 94.00487804878048 
2615.0 95.00520833333333 
3149.0 94.00492610837438 
3096.0 94.00558659217877 
3066.0 95.00444444444445 
3082.0 95.00438596491227 
2774.0 95.0048309178744 
2761.0 95.00487804878048 
2613.0 95.00531914893617 
1443.0 464.02564102564105 
2345.0 95.00613496932516 
1643.0 95.01298701298701 
1654.0 95.01282051282051 
2356.0 95.0060606060606 
1964.0 95.00847457627118 
1975.0 95.00826446280992 
3063.0 95.00448430493273 
2044.0 95.00719424460432 
2034.0 95.00729927007299 
1951.0 95.00862068965517 
1961.0 95.00854700854701 
2784.0 95.0047619047619 
3435.0 94.00467289719626 
2366.0 95.00591715976331 
1442.0 465.0263157894737 
2019.0 95.0077519379845 
3792.0 94.00442477876106 
2053.0 95.0068493150685 
1884.0 95.0091743119266 
2707.0 95.005 
2716.0 95.0049751243781 
2027.0 95.00763358778626 
1745.0 95.01041666666667 
1664.0 95.0125 
3429.0 94.00471698113208 
1463.0 464.0204081632653 
1516.0 95.01666666666667 
1522.0 95.01639344262296 
1743.0 95.01063829787235 
1660.0 95.0126582278481 
1512.0 95.01785714285714 
1600.0 95.01388888888889 
1448.0 464.0232558139535 
1458.0 464.0208333333333 
1454.0 464.02222222222224 
1523.0 95.01612903225806 
3099.0 94.005291005291 
3103.0 94.00518134715026 
1455.0 464.02127659574467 
1451.0 464.02272727272725 
1526.0 95.01587301587301 
