1437.0 465.02777777777777 
4275.0 95.002849002849 
1463.0 464.02272727272725 
1465.0 109.01785714285714 
4036.0 95.00305810397553 
3743.0 95.0031055900621 
3407.0 95.00325732899023 
3561.0 95.00324675324676 
2114.0 95.00602409638554 
2243.0 95.0059880239521 
3046.0 95.00363636363636 
3579.0 95.0031746031746 
3695.0 95.003125 
4132.0 95.00293255131965 
4240.0 95.00287356321839 
3151.0 95.0036231884058 
2383.0 95.00523560209425 
2292.0 95.005291005291 
2931.0 95.00392156862745 
2840.0 95.00393700787401 
3217.0 95.00348432055749 
3306.0 95.00346020761246 
2466.0 95.005 
2550.0 95.00478468899522 
2767.0 95.00446428571429 
2687.0 95.00450450450451 
1845.0 95.00819672131148 
1921.0 95.008 
2456.0 95.0050505050505 
2385.0 95.00510204081633 
2603.0 95.00467289719626 
2661.0 95.0046511627907 
1467.0 103.01724137931035 
2599.0 95.0047619047619 
1470.0 97.01724137931035 
1706.0 95.01 
1754.0 95.00961538461539 
3013.0 95.00377358490566 
2965.0 95.00378787878788 
1798.0 95.00943396226415 
3173.0 95.00352112676056 
4074.0 95.00299401197604 
4117.0 95.00294985250737 
1575.0 95.01162790697674 
1617.0 95.01149425287356 
1675.0 95.01123595505618 
1636.0 95.01136363636364 
2081.0 95.00628930817611 
1522.0 95.01408450704226 
1484.0 95.01449275362319 
1992.0 95.00689655172414 
2030.0 95.00671140939598 
4272.0 95.0028653295129 
4065.0 95.00302114803625 
3381.0 95.003300330033 
3353.0 95.00333333333333 
1536.0 95.01298701298701 
1561.0 95.01219512195122 
2933.0 95.00381679389314 
1472.0 95.01666666666667 
2956.0 95.00380228136882 
2102.0 95.00621118012423 
2063.0 95.00632911392405 
2785.0 95.00408163265305 
2804.0 95.00404858299595 
1925.0 95.0078125 
1943.0 95.0077519379845 
3028.0 95.00371747211896 
1441.0 464.0263157894737 
1457.0 464.02564102564105 
2060.0 95.00641025641026 
3577.0 95.0032362459547 
3157.0 95.00354609929079 
1953.0 95.0072463768116 
1968.0 95.00719424460432 
2662.0 95.0045871559633 
3338.0 95.00335570469798 
2277.0 95.00552486187846 
1978.0 95.00709219858156 
2263.0 95.00568181818181 
2676.0 95.00456621004567 
2817.0 95.004 
2831.0 95.00398406374502 
2047.0 95.00645161290322 
3319.0 95.00344827586207 
1687.0 95.01098901098901 
1814.0 95.00925925925925 
1802.0 95.00934579439253 
2290.0 95.00534759358288 
1438.0 464.02702702702703 
2783.0 95.00413223140495 
1676.0 95.0111111111111 
1830.0 95.00862068965517 
2253.0 95.00578034682081 
2280.0 95.00537634408602 
1565.0 95.01204819277109 
1688.0 95.01052631578948 
2774.0 95.0042372881356 
1699.0 95.01030927835052 
1839.0 95.00840336134453 
1823.0 95.00884955752213 
2251.0 95.00595238095238 
1696.0 95.01041666666667 
2038.0 95.00666666666666 
3330.0 95.00340136054422 
1523.0 95.01351351351352 
1530.0 95.01333333333334 
2045.0 95.00657894736842 
2459.0 95.00502512562814 
1459.0 464.025 
1478.0 95.01538461538462 
1705.0 95.01020408163265 
1829.0 95.00869565217391 
3325.0 95.00341296928327 
1948.0 95.00763358778626 
3152.0 95.00359712230215 
3324.0 95.00342465753425 
1532.0 95.01315789473684 
1481.0 95.01492537313433 
