0.026632023384215654 0.096415275204995 
0.1195193244559922 0.0626543284127128 
0.07957128937966873 0.06265979195025291 
0.04579408898993179 0.06266733163205825 
0.02890548879506333 0.06749631666897338 
0.027281584930172135 0.0819560272285486 
0.028255927249106853 0.08195140410084434 
0.03247807729782397 0.06267470472075172 
0.07794738551477752 0.0626603041568973 
0.034426761935693405 0.06267345079410315 
0.1120493666774927 0.0626567187103866 
0.11399805131536213 0.06265597689386716 
0.11594673595323157 0.06265579936512747 
0.11757063981812277 0.06265545325867694 
0.07827216628775577 0.06266004541333467 
0.02987983111399805 0.0674935448311187 
0.027931146476128613 0.08195437411015737 
0.05358882754140955 0.0626664972008703 
0.034751542708671646 0.06267227403217145 
0.05228970444949659 0.06266690892678539 
0.03572588502760637 0.06267116752468342 
0.8155245209483598 0.0 
0.7992854822994478 0.009638721156817739 
0.8064306593049692 0.007228885620708116 
0.800909386164339 0.0072290662470593 
0.8093536862617733 4.0821022892555084E-7 
0.8142253978564469 3.933361720352393E-8 
0.8077297823968821 0.0024105092259736607 
0.809028905488795 0.0024098709810819385 
0.7999350438454044 0.009638305675891608 
0.8083793439428386 0.002410413185313775 
0.017862942513803184 0.9493651921297732 
0.09451120493666774 0.06265751547627785 
0.06073400454693082 0.06266083815956912 
0.03702500811951932 0.0626696263178251 
0.03605066580058461 0.062670125162557 
0.02143553101656382 0.9493620218402269 
0.09288730107177655 0.06265793640920156 
0.09028905488795064 0.06265859845904269 
0.0883403702500812 0.06265882779656938 
0.08671646638519 0.06265930023187431 
0.059434881455017866 0.06266423518861385 
0.330626826891848 0.043379924090314416 
0.026307242611237416 0.09641625864175223 
0.2783371224423514 0.043380616452399226 
0.3173108151997402 0.04338043892365953 
0.16921078272166287 0.043388874747145915 
0.20656057161416044 0.04338852916194005 
0.2315686911334849 0.04338603493828044 
0.2620980837934394 0.0433857533323834 
0.20980837934394284 0.043386917725306035 
0.22897044494965899 0.043386616923801004 
0.14192919779149074 0.04339476472108907 
0.1604417018512504 0.04339426587635717 
0.27054238389087365 0.04338135826891867 
0.2676193569340695 0.04338323801757475 
0.13705748619681715 0.048220227425310895 
0.26307242611237414 0.043384431508784974 
0.03085417343293277 0.06268437786918334 
0.13868139006170835 0.0482175473140148 
0.13965573238064308 0.04339934427928378 
0.20753491393309517 0.04338786210212411 
0.1627151672620981 0.043392405320329994 
0.16303994803507632 0.04339197119059032 
0.165313413445924 0.04339073559056201 
0.14127963624553427 0.04339809035263521 
0.1669373173108152 0.04339034457789485 
0.1679116596297499 0.043389591516461726 
0.26274764533939593 0.04338547771810118 
