1431.0 467.03333333333336 
3033.0 99.00409836065573 
1454.0 467.0188679245283 
1455.0 114.01785714285714 
2570.0 99.00471698113208 
2772.0 99.00460829493088 
3014.0 99.00432900432901 
2820.0 99.00448430493273 
2220.0 100.00588235294117 
2117.0 100.0060975609756 
2007.0 100.00763358778626 
1907.0 100.00787401574803 
2461.0 99.0051282051282 
2542.0 99.00502512562814 
1693.0 100.00961538461539 
1768.0 100.00952380952381 
2435.0 99.00531914893617 
2368.0 99.00534759358288 
2300.0 99.00552486187846 
2364.0 99.00546448087432 
1831.0 100.0091743119266 
1770.0 100.00943396226415 
1545.0 100.01315789473684 
1603.0 100.01298701298701 
1838.0 100.00884955752213 
1891.0 100.00877192982456 
2242.0 100.00552486187846 
2288.0 99.00555555555556 
1530.0 100.01538461538462 
1489.0 100.015625 
2026.0 100.00709219858156 
2061.0 100.00689655172414 
1459.0 108.01754385964912 
1461.0 102.01785714285714 
1457.0 108.01886792452831 
1463.0 100.01724137931035 
1675.0 100.01041666666667 
1656.0 100.01052631578948 
2091.0 100.00645161290322 
1635.0 100.01098901098901 
1652.0 100.01063829787235 
2108.0 100.00628930817611 
1479.0 100.01694915254237 
1617.0 100.01282051282051 
1532.0 100.01351351351352 
2078.0 100.00675675675676 
3027.0 99.00414937759336 
2065.0 100.0068493150685 
2090.0 100.00666666666666 
2568.0 99.00485436893204 
2557.0 99.00492610837438 
2546.0 99.005 
2224.0 100.00571428571429 
2234.0 100.00568181818181 
1440.0 467.03225806451616 
1685.0 100.00990099009901 
2018.0 100.00719424460432 
1900.0 100.008 
1897.0 100.00862068965517 
1629.0 100.0111111111111 
1681.0 100.01 
2013.0 100.0072463768116 
1622.0 100.01176470588236 
1627.0 100.01136363636364 
2112.0 100.00625 
1442.0 467.02702702702703 
1446.0 467.0263157894737 
1482.0 100.01612903225806 
1486.0 100.01587301587301 
2238.0 100.00558659217877 
1448.0 467.01960784313724 
1451.0 467.0192307692308 
1619.0 100.0125 
1620.0 100.01234567901234 
2366.0 99.0054347826087 
1447.0 467.0232558139535 
1531.0 100.01369863013699 
