1441.0 465.02941176470586 
3537.0 88.00414937759336 
1453.0 109.02 
1447.0 464.02222222222224 
3007.0 88.00568181818181 
2815.0 88.00581395348837 
3505.0 88.00429184549357 
3328.0 88.00432900432901 
2263.0 95.00680272108843 
2138.0 95.00689655172414 
2354.0 95.00571428571429 
2478.0 95.00568181818181 
1739.0 95.0079365079365 
1850.0 95.0078125 
1874.0 95.00757575757575 
1982.0 95.00746268656717 
2126.0 95.00714285714285 
2025.0 95.0072463768116 
1616.0 95.01020408163265 
1688.0 95.01010101010101 
2754.0 91.00653594771242 
3159.0 88.00473933649289 
3220.0 88.0045871559633 
2758.0 88.0060606060606 
1512.0 95.01333333333334 
1569.0 95.01162790697674 
2699.0 92.00571428571429 
2292.0 95.00625 
2345.0 95.00621118012423 
3292.0 88.00438596491227 
2484.0 95.00510204081633 
2534.0 95.005 
3097.0 88.005 
3145.0 88.0049751243781 
2800.0 88.00595238095238 
3074.0 88.00540540540541 
3037.0 88.0054347826087 
1460.0 97.01754385964912 
1455.0 103.01886792452831 
1458.0 103.01694915254237 
2620.0 92.00632911392405 
2652.0 92.00625 
1996.0 95.00735294117646 
1604.0 95.01123595505618 
1577.0 95.01136363636364 
1509.0 95.01470588235294 
1483.0 95.015625 
3225.0 88.00454545454545 
3250.0 88.00448430493273 
2575.0 94.00729927007299 
3272.0 88.00446428571429 
2556.0 95.00485436893204 
2581.0 93.00675675675676 
1471.0 95.01639344262296 
3522.0 88.00420168067227 
3276.0 88.00444444444445 
1470.0 97.01470588235294 
3079.0 88.00518134715026 
1864.0 95.0077519379845 
3023.0 88.00549450549451 
3093.0 88.00507614213198 
2802.0 88.00584795321637 
3146.0 88.00490196078431 
2690.0 92.00584795321637 
2593.0 93.00671140939598 
2678.0 92.00588235294117 
2614.0 92.00763358778626 
2667.0 92.00591715976331 
2543.0 95.00492610837438 
2554.0 95.00490196078431 
2662.0 92.00617283950618 
2283.0 95.00641025641026 
3013.0 88.00558659217877 
2136.0 95.00694444444444 
2273.0 95.00649350649351 
1443.0 464.0285714285714 
1576.0 95.01149425287356 
1988.0 95.00740740740741 
2613.0 93.00625 
2611.0 93.00641025641026 
1611.0 95.01041666666667 
1871.0 95.00763358778626 
2604.0 93.00653594771242 
2619.0 92.00751879699249 
1477.0 95.01587301587301 
1716.0 95.00892857142857 
1722.0 95.00862068965517 
1728.0 95.00854700854701 
1733.0 95.00840336134453 
1700.0 95.00961538461539 
1706.0 95.00943396226415 
1710.0 95.00934579439253 
2599.0 93.00657894736842 
1612.0 95.01030927835052 
2482.0 95.00552486187846 
1692.0 95.01 
1696.0 95.00970873786407 
2266.0 95.00671140939598 
2350.0 95.0060606060606 
2270.0 95.00653594771242 
1446.0 464.02564102564105 
1463.0 97.01639344262296 
1466.0 97.01612903225806 
1467.0 97.01515151515152 
2348.0 95.00613496932516 
1457.0 103.01818181818182 
1694.0 95.00980392156863 

1431.0 467.03333333333336 
3033.0 99.00409836065573 
1454.0 467.0188679245283 
1455.0 114.01785714285714 
2570.0 99.00471698113208 
2772.0 99.00460829493088 
3014.0 99.00432900432901 
2820.0 99.00448430493273 
2220.0 100.00588235294117 
2117.0 100.0060975609756 
2007.0 100.00763358778626 
1907.0 100.00787401574803 
2461.0 99.0051282051282 
2542.0 99.00502512562814 
1693.0 100.00961538461539 
1768.0 100.00952380952381 
2435.0 99.00531914893617 
2368.0 99.00534759358288 
2300.0 99.00552486187846 
2364.0 99.00546448087432 
1831.0 100.0091743119266 
1770.0 100.00943396226415 
1545.0 100.01315789473684 
1603.0 100.01298701298701 
1838.0 100.00884955752213 
1891.0 100.00877192982456 
2242.0 100.00552486187846 
2288.0 99.00555555555556 
1530.0 100.01538461538462 
1489.0 100.015625 
2026.0 100.00709219858156 
2061.0 100.00689655172414 
1459.0 108.01754385964912 
1461.0 102.01785714285714 
1457.0 108.01886792452831 
1463.0 100.01724137931035 
1675.0 100.01041666666667 
1656.0 100.01052631578948 
2091.0 100.00645161290322 
1635.0 100.01098901098901 
1652.0 100.01063829787235 
2108.0 100.00628930817611 
1479.0 100.01694915254237 
1617.0 100.01282051282051 
1532.0 100.01351351351352 
2078.0 100.00675675675676 
3027.0 99.00414937759336 
2065.0 100.0068493150685 
2090.0 100.00666666666666 
2568.0 99.00485436893204 
2557.0 99.00492610837438 
2546.0 99.005 
2224.0 100.00571428571429 
2234.0 100.00568181818181 
1440.0 467.03225806451616 
1685.0 100.00990099009901 
2018.0 100.00719424460432 
1900.0 100.008 
1897.0 100.00862068965517 
1629.0 100.0111111111111 
1681.0 100.01 
2013.0 100.0072463768116 
1622.0 100.01176470588236 
1627.0 100.01136363636364 
2112.0 100.00625 
1442.0 467.02702702702703 
1446.0 467.0263157894737 
1482.0 100.01612903225806 
1486.0 100.01587301587301 
2238.0 100.00558659217877 
1448.0 467.01960784313724 
1451.0 467.0192307692308 
1619.0 100.0125 
1620.0 100.01234567901234 
2366.0 99.0054347826087 
1447.0 467.0232558139535 
1531.0 100.01369863013699 

1428.0 465.03225806451616 
4362.0 95.00324675324676 
1438.0 464.02272727272725 
1455.0 109.02272727272727 
2988.0 95.00469483568075 
3227.0 95.00467289719626 
3698.0 95.00383141762453 
3881.0 95.00381679389314 
4109.0 95.00371747211896 
3447.0 95.00446428571429 
3303.0 95.00448430493273 
2168.0 95.00787401574803 
2042.0 95.00806451612904 
1639.0 95.01204819277109 
1735.0 95.01190476190476 
2827.0 95.00490196078431 
2918.0 95.00487804878048 
4240.0 95.00335570469798 
4331.0 95.00333333333333 
2814.0 95.0049504950495 
2724.0 95.0050505050505 
2568.0 95.00549450549451 
2656.0 95.005291005291 
2555.0 95.00581395348837 
2469.0 95.00588235294117 
1547.0 95.01333333333334 
1625.0 95.01315789473684 
1960.0 95.00826446280992 
2035.0 95.00813008130082 
2205.0 95.00751879699249 
2278.0 95.00746268656717 
4133.0 95.0036496350365 
4195.0 95.00361010830325 
1539.0 95.01470588235294 
1481.0 95.01923076923077 
2323.0 95.00704225352112 
2381.0 95.00699300699301 
3644.0 95.00384615384615 
1801.0 95.01123595505618 
1854.0 95.01098901098901 
1459.0 103.01851851851852 
1457.0 109.01960784313725 
2449.0 95.00641025641026 
2400.0 95.00645161290322 
3629.0 95.00389105058366 
3584.0 95.00390625 
3270.0 95.00460829493088 
1743.0 95.01176470588236 
1782.0 95.01149425287356 
1467.0 97.02 
3532.0 95.00418410041841 
3496.0 95.0042194092827 
1465.0 101.02083333333333 
1472.0 95.01960784313725 
1878.0 95.01086956521739 
2673.0 95.00526315789473 
2696.0 95.00518134715026 
2940.0 95.0048309178744 
3579.0 95.00392156862745 
2968.0 95.00478468899522 
1946.0 95.00909090909092 
1927.0 95.00934579439253 
1462.0 103.01818181818182 
3478.0 95.0042372881356 
1894.0 95.01052631578948 
4226.0 95.00337837837837 
4116.0 95.0037037037037 
4209.0 95.00353356890459 
3547.0 95.00409836065573 
3285.0 95.00456621004567 
3288.0 95.00452488687783 
3462.0 95.00429184549357 
3564.0 95.00396825396825 
2953.0 95.0048076923077 
2311.0 95.00719424460432 
2298.0 95.00729927007299 
2461.0 95.00617283950618 
3466.0 95.00425531914894 
2712.0 95.00507614213198 
4343.0 95.00332225913621 
1429.0 464.03125 
1916.0 95.01 
1790.0 95.01136363636364 
1905.0 95.01020408163265 
2289.0 95.00740740740741 
1895.0 95.01030927835052 
4353.0 95.00331125827815 
3634.0 95.003861003861 
1958.0 95.00862068965517 
1949.0 95.00884955752213 
2703.0 95.00510204081633 
4199.0 95.00358422939068 
4208.0 95.00354609929079 
3563.0 95.004 
3548.0 95.00404858299595 
3556.0 95.00403225806451 
1628.0 95.01282051282051 
1635.0 95.01234567901234 
2701.0 95.00515463917526 
2296.0 95.00735294117646 
1545.0 95.01369863013699 
2390.0 95.00689655172414 
2396.0 95.00657894736842 
2317.0 95.00709219858156 
2384.0 95.00694444444444 
1921.0 95.00961538461539 
1433.0 464.025 
1541.0 95.01388888888889 
1435.0 464.0238095238095 
1924.0 95.00952380952381 

1437.0 465.02777777777777 
4275.0 95.002849002849 
1463.0 464.02272727272725 
1465.0 109.01785714285714 
4036.0 95.00305810397553 
3743.0 95.0031055900621 
3407.0 95.00325732899023 
3561.0 95.00324675324676 
2114.0 95.00602409638554 
2243.0 95.0059880239521 
3046.0 95.00363636363636 
3579.0 95.0031746031746 
3695.0 95.003125 
4132.0 95.00293255131965 
4240.0 95.00287356321839 
3151.0 95.0036231884058 
2383.0 95.00523560209425 
2292.0 95.005291005291 
2931.0 95.00392156862745 
2840.0 95.00393700787401 
3217.0 95.00348432055749 
3306.0 95.00346020761246 
2466.0 95.005 
2550.0 95.00478468899522 
2767.0 95.00446428571429 
2687.0 95.00450450450451 
1845.0 95.00819672131148 
1921.0 95.008 
2456.0 95.0050505050505 
2385.0 95.00510204081633 
2603.0 95.00467289719626 
2661.0 95.0046511627907 
1467.0 103.01724137931035 
2599.0 95.0047619047619 
1470.0 97.01724137931035 
1706.0 95.01 
1754.0 95.00961538461539 
3013.0 95.00377358490566 
2965.0 95.00378787878788 
1798.0 95.00943396226415 
3173.0 95.00352112676056 
4074.0 95.00299401197604 
4117.0 95.00294985250737 
1575.0 95.01162790697674 
1617.0 95.01149425287356 
1675.0 95.01123595505618 
1636.0 95.01136363636364 
2081.0 95.00628930817611 
1522.0 95.01408450704226 
1484.0 95.01449275362319 
1992.0 95.00689655172414 
2030.0 95.00671140939598 
4272.0 95.0028653295129 
4065.0 95.00302114803625 
3381.0 95.003300330033 
3353.0 95.00333333333333 
1536.0 95.01298701298701 
1561.0 95.01219512195122 
2933.0 95.00381679389314 
1472.0 95.01666666666667 
2956.0 95.00380228136882 
2102.0 95.00621118012423 
2063.0 95.00632911392405 
2785.0 95.00408163265305 
2804.0 95.00404858299595 
1925.0 95.0078125 
1943.0 95.0077519379845 
3028.0 95.00371747211896 
1441.0 464.0263157894737 
1457.0 464.02564102564105 
2060.0 95.00641025641026 
3577.0 95.0032362459547 
3157.0 95.00354609929079 
1953.0 95.0072463768116 
1968.0 95.00719424460432 
2662.0 95.0045871559633 
3338.0 95.00335570469798 
2277.0 95.00552486187846 
1978.0 95.00709219858156 
2263.0 95.00568181818181 
2676.0 95.00456621004567 
2817.0 95.004 
2831.0 95.00398406374502 
2047.0 95.00645161290322 
3319.0 95.00344827586207 
1687.0 95.01098901098901 
1814.0 95.00925925925925 
1802.0 95.00934579439253 
2290.0 95.00534759358288 
1438.0 464.02702702702703 
2783.0 95.00413223140495 
1676.0 95.0111111111111 
1830.0 95.00862068965517 
2253.0 95.00578034682081 
2280.0 95.00537634408602 
1565.0 95.01204819277109 
1688.0 95.01052631578948 
2774.0 95.0042372881356 
1699.0 95.01030927835052 
1839.0 95.00840336134453 
1823.0 95.00884955752213 
2251.0 95.00595238095238 
1696.0 95.01041666666667 
2038.0 95.00666666666666 
3330.0 95.00340136054422 
1523.0 95.01351351351352 
1530.0 95.01333333333334 
2045.0 95.00657894736842 
2459.0 95.00502512562814 
1459.0 464.025 
1478.0 95.01538461538462 
1705.0 95.01020408163265 
1829.0 95.00869565217391 
3325.0 95.00341296928327 
1948.0 95.00763358778626 
3152.0 95.00359712230215 
3324.0 95.00342465753425 
1532.0 95.01315789473684 
1481.0 95.01492537313433 

1439.0 470.037037037037 
3882.0 69.00403225806451 
1454.0 464.0232558139535 
1457.0 109.02173913043478 
3832.0 73.00446428571429 
3272.0 94.00403225806451 
2817.0 95.00432900432901 
2966.0 95.00429184549357 
2250.0 95.00540540540541 
2397.0 95.00526315789473 
2439.0 95.0049751243781 
2569.0 95.00487804878048 
3144.0 95.00398406374502 
3034.0 95.00404858299595 
2668.0 95.00442477876106 
2773.0 95.00440528634361 
2023.0 95.00704225352112 
2126.0 95.00671140939598 
1877.0 95.00826446280992 
1979.0 95.00819672131148 
3244.0 95.00395256916995 
1735.0 95.00970873786407 
1819.0 95.00961538461539 
1479.0 95.01960784313725 
2608.0 95.00454545454545 
2979.0 95.0040650406504 
1710.0 95.01063829787235 
1660.0 95.01098901098901 
1527.0 95.01818181818182 
2656.0 95.00452488687783 
1579.0 95.0126582278481 
1624.0 95.0125 
1467.0 97.01818181818182 
2813.0 95.00438596491227 
1460.0 109.01886792452831 
1462.0 103.01785714285714 
1464.0 103.01754385964912 
2227.0 95.00588235294117 
2193.0 95.00628930817611 
1442.0 465.030303030303 
1539.0 95.01492537313433 
1570.0 95.01388888888889 
3854.0 72.00429184549357 
2151.0 95.00662251655629 
3837.0 72.00436681222708 
3863.0 69.00420168067227 
1475.0 97.01724137931035 
3258.0 94.00409836065573 
1716.0 95.01020408163265 
1868.0 95.00869565217391 
1850.0 95.00877192982456 
2593.0 95.0047619047619 
2576.0 95.00485436893204 
3878.0 69.00404858299595 
3858.0 70.00448430493273 
3256.0 95.003861003861 
1647.0 95.01136363636364 
1838.0 95.00892857142857 
2596.0 95.00467289719626 
2160.0 95.00653594771242 
2408.0 95.00523560209425 
2171.0 95.00641025641026 
1446.0 464.0285714285714 
2007.0 95.0072463768116 
2247.0 95.0054347826087 
2017.0 95.00714285714285 
2428.0 95.0050505050505 
2181.0 95.00636942675159 
2438.0 95.005 
1445.0 465.02702702702703 
1635.0 95.01219512195122 
1626.0 95.01234567901234 
3862.0 70.0042194092827 
3834.0 73.00429184549357 
1639.0 95.01149425287356 
1823.0 95.0091743119266 
1987.0 95.00813008130082 
1831.0 95.00909090909092 
2189.0 95.00632911392405 
3248.0 95.00392156862745 
1870.0 95.00847457627118 
2972.0 95.00416666666666 
2240.0 95.00552486187846 
1535.0 95.01612903225806 
1529.0 95.01724137931035 
1994.0 95.0078125 
2000.0 95.0077519379845 
2414.0 95.00518134715026 
2419.0 95.0051282051282 
2425.0 95.00510204081633 
1574.0 95.01282051282051 
2002.0 95.00769230769231 
2232.0 95.00578034682081 
1450.0 464.02702702702703 
1990.0 95.00787401574803 
2970.0 95.0042735042735 
1453.0 464.0243902439024 
2235.0 95.00574712643679 
2238.0 95.00555555555556 
3860.0 70.00444444444445 

1439.0 465.03333333333336 
3801.0 94.00440528634361 
1466.0 109.02173913043478 
1464.0 464.01960784313724 
3445.0 94.00456621004567 
3784.0 94.00452488687783 
3180.0 94.00478468899522 
3422.0 94.00473933649289 
2835.0 95.00452488687783 
3052.0 95.00450450450451 
2272.0 95.00657894736842 
2160.0 95.00666666666666 
2375.0 95.00588235294117 
2478.0 95.00584795321637 
2058.0 95.00675675675676 
2628.0 95.0051282051282 
2701.0 95.00507614213198 
2546.0 95.00581395348837 
2341.0 95.00636942675159 
2286.0 95.00641025641026 
1805.0 95.00980392156863 
1859.0 95.00934579439253 
1753.0 95.01 
1527.0 95.015625 
1569.0 95.01538461538462 
1468.0 103.02127659574468 
3105.0 94.00510204081633 
3143.0 94.0049504950495 
1893.0 95.00909090909092 
1930.0 95.00884955752213 
1605.0 95.01369863013699 
1638.0 95.01315789473684 
1476.0 101.0204081632653 
2821.0 95.00460829493088 
2720.0 95.00492610837438 
2790.0 95.00471698113208 
2751.0 95.00490196078431 
1672.0 95.01176470588236 
1702.0 95.01123595505618 
1478.0 97.02127659574468 
2010.0 95.00813008130082 
2554.0 95.00571428571429 
2580.0 95.00549450549451 
1984.0 95.00819672131148 
1486.0 95.01886792452831 
1511.0 95.01818181818182 
1882.0 95.00925925925925 
2601.0 95.00540540540541 
1597.0 95.01492537313433 
1577.0 95.01515151515152 
1480.0 95.02083333333333 
1470.0 101.02083333333333 
1948.0 95.00877192982456 
1719.0 95.0111111111111 
1737.0 95.01075268817205 
3080.0 95.00440528634361 
3164.0 94.00487804878048 
2615.0 95.00520833333333 
3149.0 94.00492610837438 
3096.0 94.00558659217877 
3066.0 95.00444444444445 
3082.0 95.00438596491227 
2774.0 95.0048309178744 
2761.0 95.00487804878048 
2613.0 95.00531914893617 
1443.0 464.02564102564105 
2345.0 95.00613496932516 
1643.0 95.01298701298701 
1654.0 95.01282051282051 
2356.0 95.0060606060606 
1964.0 95.00847457627118 
1975.0 95.00826446280992 
3063.0 95.00448430493273 
2044.0 95.00719424460432 
2034.0 95.00729927007299 
1951.0 95.00862068965517 
1961.0 95.00854700854701 
2784.0 95.0047619047619 
3435.0 94.00467289719626 
2366.0 95.00591715976331 
1442.0 465.0263157894737 
2019.0 95.0077519379845 
3792.0 94.00442477876106 
2053.0 95.0068493150685 
1884.0 95.0091743119266 
2707.0 95.005 
2716.0 95.0049751243781 
2027.0 95.00763358778626 
1745.0 95.01041666666667 
1664.0 95.0125 
3429.0 94.00471698113208 
1463.0 464.0204081632653 
1516.0 95.01666666666667 
1522.0 95.01639344262296 
1743.0 95.01063829787235 
1660.0 95.0126582278481 
1512.0 95.01785714285714 
1600.0 95.01388888888889 
1448.0 464.0232558139535 
1458.0 464.0208333333333 
1454.0 464.02222222222224 
1523.0 95.01612903225806 
3099.0 94.005291005291 
3103.0 94.00518134715026 
1455.0 464.02127659574467 
1451.0 464.02272727272725 
1526.0 95.01587301587301 

1426.0 463.0263157894737 
4276.0 95.00287356321839 
1457.0 463.02222222222224 
1463.0 108.01538461538462 
3700.0 95.00327868852459 
3958.0 95.00325732899023 
3427.0 95.0036231884058 
3110.0 95.00393700787401 
3258.0 95.00392156862745 
2564.0 95.0049751243781 
2709.0 95.00492610837438 
2246.0 95.00555555555556 
2110.0 95.00561797752809 
4181.0 95.00308641975309 
4050.0 95.0030959752322 
2525.0 95.00518134715026 
2404.0 95.00526315789473 
2271.0 95.00534759358288 
2391.0 95.00531914893617 
2976.0 95.00438596491227 
2866.0 95.00442477876106 
3602.0 95.00332225913621 
3336.0 95.00369003690037 
2062.0 95.00617283950618 
1976.0 95.00621118012423 
1745.0 95.00892857142857 
1662.0 95.00925925925925 
1846.0 95.00787401574803 
1764.0 95.00819672131148 
1558.0 95.01063829787235 
1633.0 95.01030927835052 
3496.0 95.00361010830325 
1551.0 95.01388888888889 
1485.0 95.01428571428572 
4213.0 95.00294117647059 
2762.0 95.0047619047619 
2815.0 95.0045871559633 
3033.0 95.00408163265305 
3084.0 95.00403225806451 
4026.0 95.0031847133758 
3978.0 95.00319488817891 
2527.0 95.00507614213198 
1466.0 98.01724137931035 
3009.0 95.00431034482759 
2713.0 95.00490196078431 
2746.0 95.00485436893204 
1465.0 102.01492537313433 
1464.0 104.01818181818182 
1904.0 95.00657894736842 
1934.0 95.00649350649351 
1962.0 95.00641025641026 
1480.0 97.01492537313433 
3580.0 95.00337837837837 
1482.0 95.01449275362319 
3515.0 95.00352112676056 
3534.0 95.00347222222223 
3320.0 95.00375939849624 
2848.0 95.00444444444445 
3302.0 95.00377358490566 
4196.0 95.00296735905044 
4033.0 95.0031055900621 
1453.0 463.0238095238095 
1437.0 463.025 
1898.0 95.0068493150685 
1875.0 95.00735294117646 
1882.0 95.00709219858156 
1859.0 95.00757575757575 
3094.0 95.00398406374502 
2094.0 95.00564971751412 
2256.0 95.00540540540541 
2830.0 95.00450450450451 
2834.0 95.00448430493273 
3502.0 95.00355871886121 
3284.0 95.00384615384615 
3964.0 95.0032154340836 
3547.0 95.00346020761246 
3574.0 95.00340136054422 
3271.0 95.003861003861 
3333.0 95.0037037037037 
3561.0 95.00342465753425 
3021.0 95.0042735042735 
3291.0 95.00378787878788 
3975.0 95.00320512820512 
1472.0 98.01612903225806 
2078.0 95.00574712643679 
2088.0 95.00568181818181 
3557.0 95.00343642611683 
2755.0 95.0048309178744 
4184.0 95.00305810397553 
1657.0 95.00943396226415 
1649.0 95.00970873786407 
1751.0 95.00854700854701 
4028.0 95.00314465408805 
1758.0 95.00826446280992 
3286.0 95.00380228136882 
3262.0 95.00390625 
1969.0 95.00632911392405 
2072.0 95.00581395348837 
1643.0 95.00980392156863 
2066.0 95.00602409638554 
1852.0 95.0077519379845 
3962.0 95.00324675324676 
3265.0 95.00387596899225 
3027.0 95.00420168067227 
4190.0 95.00302114803625 
1638.0 95.01 
1554.0 95.01204819277109 
1855.0 95.00769230769231 
3023.0 95.0042194092827 
1972.0 95.00628930817611 
4192.0 95.00301204819277 
1469.0 98.01694915254237 

1427.0 465.02777777777777 
2389.0 87.00833333333334 
1452.0 109.0204081632653 
1448.0 464.0204081632653 
2228.0 87.00862068965517 
2348.0 87.00854700854701 
1892.0 87.01204819277109 
2007.0 87.01190476190476 
1658.0 95.01234567901234 
1768.0 95.01219512195122 
2084.0 87.01086956521739 
2178.0 87.01075268817205 
1571.0 95.01408450704226 
1649.0 95.01388888888889 
2017.0 87.01123595505618 
2076.0 87.0111111111111 
1808.0 87.01449275362319 
1865.0 87.01428571428572 
1510.0 95.01960784313725 
1472.0 95.02 
1516.0 95.01785714285714 
1550.0 95.01754385964912 
2204.0 87.00892857142857 
2195.0 87.00970873786407 
1793.0 89.01724137931035 
1778.0 95.01136363636364 
1455.0 103.01960784313725 
1462.0 101.02127659574468 
2181.0 87.01020408163265 
1464.0 97.0204081632653 
1466.0 95.0204081632653 
1798.0 89.01612903225806 
1801.0 87.01639344262296 
1563.0 95.01449275362319 
1457.0 103.01923076923077 
2010.0 87.01162790697674 
1872.0 87.01351351351352 
1873.0 87.01333333333334 
1880.0 87.01282051282051 
1431.0 465.0243902439024 
1806.0 87.01587301587301 
1558.0 95.01666666666667 
1885.0 87.0126582278481 
1553.0 95.01724137931035 
1440.0 464.0232558139535 
1436.0 464.0238095238095 
1888.0 87.01234567901234 
1774.0 95.01162790697674 
1432.0 464.02564102564105 
1562.0 95.015625 
1441.0 464.02222222222224 
1444.0 464.0217391304348 
1559.0 95.01612903225806 
1653.0 95.01298701298701 
1656.0 95.01282051282051 
1769.0 95.01204819277109 
1772.0 95.01176470588236 
1446.0 464.0208333333333 
1433.0 464.025 
1435.0 464.0243902439024 
1651.0 95.01351351351352 
2180.0 87.01063829787235 

1432.0 465.0285714285714 
3396.0 88.00413223140495 
1443.0 464.0243902439024 
1454.0 109.02 
2913.0 89.00456621004567 
3143.0 89.00450450450451 
3354.0 88.00471698113208 
3179.0 89.00416666666666 
2327.0 89.00714285714285 
2212.0 89.00719424460432 
2093.0 89.00740740740741 
2202.0 89.00729927007299 
2473.0 89.00632911392405 
2572.0 89.00628930817611 
2778.0 89.0054347826087 
2685.0 89.00549450549451 
1764.0 95.00813008130082 
1844.0 95.00787401574803 
1671.0 95.01136363636364 
2835.0 89.00490196078431 
2890.0 89.00485436893204 
1618.0 95.01162790697674 
2039.0 89.00787401574803 
2085.0 89.00769230769231 
2368.0 89.00662251655629 
2412.0 89.00653594771242 
2451.0 89.00649350649351 
1472.0 97.02 
1460.0 109.01785714285714 
2801.0 89.00507614213198 
1470.0 103.0204081632653 
1468.0 103.02083333333333 
1692.0 95.00980392156863 
1723.0 95.00970873786407 
1498.0 95.01694915254237 
1528.0 95.01666666666667 
2650.0 89.00578034682081 
2620.0 89.00588235294117 
1582.0 95.01234567901234 
1611.0 95.01219512195122 
1967.0 89.0091743119266 
1996.0 89.00909090909092 
1945.0 89.00934579439253 
2582.0 89.0060975609756 
2347.0 89.00666666666666 
1909.0 89.01234567901234 
2602.0 89.00595238095238 
1894.0 93.01010101010101 
1857.0 95.00769230769231 
1762.0 95.00854700854701 
3380.0 88.00414937759336 
1907.0 91.0126582278481 
1902.0 91.01282051282051 
1567.0 95.01351351351352 
1479.0 97.01886792452831 
3378.0 88.0042194092827 
3157.0 89.0042372881356 
1748.0 95.00869565217391 
2664.0 89.00564971751412 
3171.0 89.0042194092827 
1484.0 95.02 
1862.0 93.01388888888889 
1539.0 95.01639344262296 
3366.0 88.00448430493273 
1551.0 95.01612903225806 
1736.0 95.00877192982456 
2463.0 89.00641025641026 
2902.0 89.0048309178744 
2675.0 89.00561797752809 
2014.0 89.00877192982456 
2797.0 89.00520833333333 
2337.0 89.00694444444444 
2004.0 89.009009009009 
1885.0 93.01123595505618 
1920.0 89.01098901098901 
1938.0 89.01030927835052 
1729.0 95.009009009009 
1929.0 89.01052631578948 
2787.0 89.00534759358288 
1917.0 89.01219512195122 
1886.0 93.01041666666667 
1877.0 93.01162790697674 
3151.0 89.00448430493273 
2031.0 89.00806451612904 
1849.0 95.0078125 
2329.0 89.00709219858156 
1439.0 464.02777777777777 
1868.0 93.0126582278481 
1685.0 95.00990099009901 
1875.0 93.01204819277109 
2678.0 89.00552486187846 
1557.0 95.01587301587301 
1561.0 95.01388888888889 
1679.0 95.01041666666667 
2015.0 89.00847457627118 
1673.0 95.01086956521739 
1487.0 95.01960784313725 
1493.0 95.01923076923077 
2580.0 89.00613496932516 
2907.0 89.0047619047619 
2791.0 89.005291005291 
2020.0 89.00826446280992 
3174.0 89.00420168067227 
1440.0 464.025 
1497.0 95.01886792452831 
1475.0 97.01923076923077 
1727.0 95.00961538461539 
2089.0 89.00763358778626 
2576.0 89.00621118012423 
2023.0 89.00819672131148 
2027.0 89.00813008130082 
1457.0 109.01886792452831 
1865.0 93.01369863013699 

1436.0 465.0208333333333 
4450.0 95.00279329608938 
1460.0 463.0232558139535 
1461.0 109.02272727272727 
3407.0 95.00369003690037 
3667.0 95.00367647058823 
3231.0 95.00413223140495 
3000.0 95.00414937759336 
3905.0 95.0034965034965 
2641.0 95.00490196078431 
2831.0 95.00487804878048 
4054.0 95.00347222222223 
1868.0 95.00847457627118 
3725.0 95.00361010830325 
3850.0 95.00358422939068 
3370.0 95.00392156862745 
3250.0 95.00396825396825 
2526.0 95.00502512562814 
1967.0 95.00833333333334 
1996.0 95.0079365079365 
2087.0 95.0078125 
2176.0 95.00671140939598 
2263.0 95.00657894736842 
2434.0 95.00515463917526 
2514.0 95.00507614213198 
1768.0 95.00934579439253 
1832.0 95.00869565217391 
2890.0 95.00444444444445 
2954.0 95.00436681222708 
1729.0 95.01136363636364 
1669.0 95.01149425287356 
2364.0 95.005291005291 
2422.0 95.00520833333333 
1468.0 97.0204081632653 
1463.0 103.02127659574468 
3856.0 95.00353356890459 
4252.0 95.0030303030303 
4301.0 95.003003003003 
1615.0 95.0125 
1567.0 95.01388888888889 
4154.0 95.00324675324676 
1662.0 95.01162790697674 
3683.0 95.00366300366301 
1526.0 95.01449275362319 
4371.0 95.00291545189505 
4333.0 95.00292397660819 
4057.0 95.00343642611683 
4199.0 95.00316455696202 
2114.0 95.00709219858156 
2150.0 95.00704225352112 
4373.0 95.00289855072464 
4234.0 95.003125 
4091.0 95.00338983050847 
4406.0 95.0028901734104 
3377.0 95.00380228136882 
4183.0 95.0032362459547 
2304.0 95.00591715976331 
2329.0 95.00581395348837 
1474.0 97.02 
2171.0 95.00694444444444 
1501.0 95.01886792452831 
1482.0 95.01923076923077 
2973.0 95.00434782608696 
4135.0 95.00327868852459 
1480.0 95.01960784313725 
4432.0 95.00280898876404 
4316.0 95.00293255131965 
4108.0 95.00337837837837 
3235.0 95.00398406374502 
4313.0 95.00299401197604 
2349.0 95.00558659217877 
2986.0 95.00418410041841 
2866.0 95.00467289719626 
2852.0 95.00471698113208 
4121.0 95.00332225913621 
4412.0 95.00285714285714 
4426.0 95.0028328611898 
4197.0 95.0031847133758 
1503.0 95.01754385964912 
1513.0 95.01587301587301 
2110.0 95.00746268656717 
2352.0 95.0054347826087 
2268.0 95.00641025641026 
2098.0 95.00763358778626 
2873.0 95.00450450450451 
2280.0 95.00632911392405 
1443.0 465.0188679245283 
1452.0 464.0263157894737 
1978.0 95.00826446280992 
2338.0 95.00568181818181 
1457.0 464.025 
1458.0 463.025 
1986.0 95.00819672131148 
2883.0 95.00448430493273 
4244.0 95.00311526479751 
1743.0 95.01010101010101 
1752.0 95.00990099009901 
2295.0 95.00602409638554 
2843.0 95.0048309178744 
2288.0 95.00628930817611 
1767.0 95.00952380952381 
1759.0 95.00980392156863 
2839.0 95.00485436893204 
1736.0 95.0111111111111 
1519.0 95.01492537313433 
2871.0 95.00452488687783 
3375.0 95.00384615384615 
2091.0 95.0077519379845 
4115.0 95.00335570469798 
2265.0 95.00653594771242 
2330.0 95.00574712643679 
1738.0 95.01052631578948 
1515.0 95.01538461538462 
1440.0 465.0192307692308 
1742.0 95.01030927835052 
4248.0 95.00307692307692 
2292.0 95.0060606060606 
2334.0 95.00571428571429 
1455.0 464.02564102564105 

