0.02273465410847678 0.9541914917449549 
0.7034751542708672 0.04577926323862801 
0.026632023384215654 0.096415275204995 
0.024683338746346217 0.9517647490619239 
0.5313413445924001 0.04578295553171519 
0.4689834361805781 0.04578327390117281 
0.6930821695355635 0.04577960650364398 
0.6355959727184151 0.04577969603488732 
0.2897044494965898 0.06265159664394276 
0.24910685287430984 0.06265182272135822 
0.3192594998376096 0.06264897414592353 
0.35953231568691135 0.06264889591799963 
0.1195193244559922 0.0626543284127128 
0.1555699902565768 0.0626540296255036 
0.16336472880805455 0.0626534592135587 
0.19844105228970446 0.06265318677800294 
0.24520948359857098 0.06265241617457376 
0.21240662552776876 0.06265266559693973 
0.07957128937966873 0.06265979195025291 
0.10295550503410199 0.06265954360763745 
0.44917180902890547 0.05301327365408644 
0.5807080220850925 0.04578068469743226 
0.6005196492367652 0.04578031803061227 
0.45047093212081846 0.045783868190827005 
0.04579408898993179 0.06266733163205825 
0.06430659304969145 0.06266322254359204 
0.4313088665151023 0.05542071398037305 
0.29912309191295877 0.06265026490666735 
0.31633647288080546 0.06265017137328013 
0.6239038648911984 0.045779833276858986 
0.36148100032478075 0.06264749899078768 
0.3777200389736928 0.06264725313159837 
0.5605716141604417 0.04578131274531393 
0.5761610912633972 0.04578125280949167 
0.4641117245859045 0.04578360743108078 
0.5531016563819422 0.045782289537228224 
0.5410847677817473 0.045782360319250995 
0.02890548879506333 0.06749631666897338 
0.027281584930172135 0.0819560272285486 
0.028255927249106853 0.08195140410084434 
0.40565118544982137 0.05542219535979215 
0.416044170185125 0.05542200474111687 
0.20298798311139982 0.06265292235525763 
0.07567392010392984 0.06266227816677397 
0.06690483923351738 0.06266258580467683 
0.04481974667099708 0.06267063867919281 
0.03637544657356284 0.0626728532196847 
0.6021435531016563 0.04578021755437976 
0.6102630724261123 0.045780070219276506 
0.3910360506658006 0.06024337298384104 
0.6174082494316336 0.04578002198457011 
0.384865215979214 0.06264690224518259 
0.39298473530367 0.05783264578619321 
0.03247807729782397 0.06267470472075172 
0.6986034426761936 0.04577938925871526 
0.6187073725235466 0.04577997417861662 
0.03215329652484573 0.0674894787895598 
0.5547255602468334 0.04578174968677472 
0.16011692107827216 0.06265388370616884 
0.536537836960052 0.04578250421676982 
0.5592724910685287 0.04578149620369379 
0.464761286131861 0.045783355820799336 
0.5764858720363755 0.04578107652766147 
0.4283858395582982 0.0554210360415333 
0.3968821045794089 0.057832536525352696 
0.42448847028255926 0.05542111892492012 
0.4037025008119519 0.05542533838527721 
0.42091588177979866 0.05542120278917544 
0.3806430659304969 0.06264707509563369 
0.38421565443325756 0.0626470169139459 
0.4192919779149074 0.055421818829075604 
0.2962000649561546 0.06265065103167622 
0.5332900292302696 0.04578272609227369 
0.24845729132835337 0.06265193811503901 
0.2929522572263722 0.0626508516160964 
0.023384215654433257 0.951780046967036 
0.06658005846053913 0.06266290051471538 
0.2003897369275739 0.0626530535872868 
0.4033777200389737 0.057831424796300365 
0.40272815849301724 0.05783181092130924 
0.07794738551477752 0.0626603041568973 
0.16239038648911985 0.06265359855082768 
0.4004546930821695 0.05783211376445342 
0.4053264046768431 0.05542506180603654 
0.034426761935693405 0.06267345079410315 
0.1120493666774927 0.0626567187103866 
0.11399805131536213 0.06265597689386716 
0.11594673595323157 0.06265579936512747 
0.11757063981812277 0.06265545325867694 
0.10685287430984086 0.06265837353185308 
0.10880155894771029 0.06265793640920156 
0.11010068203962325 0.06265772397576345 
0.3988307892172783 0.05783221736868696 
0.07827216628775577 0.06266004541333467 
0.3608314387788243 0.06264851774433454 
0.10425462812601494 0.06265930023187431 
0.1055537512179279 0.06265859845904269 
0.29067879181552453 0.06265137663571968 
0.31796037674569666 0.06264980857711144 
0.29197791490743746 0.0626509538748204 
0.024358557973367976 0.9517729863954458 
0.02987983111399805 0.0674935448311187 
0.03085417343293277 0.06749290775548274 
0.03117895420591101 0.06749055250616193 
0.3173108151997402 0.06264998774945245 
0.027931146476128613 0.08195437411015737 
0.10490418967197142 0.06265882779656938 

0.01948684637869438 0.9590197805614208 
0.5397856446898344 0.07228276092441373 
0.026956804157193894 0.9589849273153395 
0.027281584930172135 0.10845721243793707 
0.3894121468009094 0.07228425144099598 
0.4550178629425138 0.07228398957028308 
0.5336148100032478 0.07228331664190572 
0.47060734004546934 0.07228369082629492 
0.2757388762585255 0.07469647936638805 
0.24228645664176682 0.07469699789294225 
0.20656057161416044 0.07470069882674514 
0.17408249431633646 0.07470127811869806 
0.35401104254628124 0.07228524225233941 
0.3803182851575187 0.07228499389052469 
0.10457940889899318 0.07470547380777054 
0.12893796687236114 0.07470525316490835 
0.34556674244884705 0.07228570231617974 
0.323806430659305 0.072285770851282 
0.3017213380967847 0.07228619796506851 
0.322507307567392 0.07228605248186619 
0.14939915556999026 0.07470441107838838 
0.12958752841831764 0.07470503668511902 
0.05651185449821371 0.07471400920270285 
0.07534913933095161 0.07471359747678775 
0.15167262098083795 0.07470362860861324 
0.16888600194868464 0.07470344157088188 
0.28288405326404675 0.074695618020252 
0.2978239688210458 0.07228627191902968 
0.05164014290354011 0.0747193743080889 
0.038324131211432286 0.07471995349560216 
0.212731406300747 0.07469939439273768 
0.2240987333549854 0.07469892299727568 
0.028580708022085094 0.09399993727599178 
0.029230269568041572 0.07954417177573517 
0.027931146476128613 0.09400312750446604 
0.02987983111399805 0.0747238480323293 
0.09873335498538487 0.07470740443281476 
0.09256252029879831 0.07470766862361028 
0.23384215654433257 0.07469785095275722 
0.08574212406625528 0.07470878345070348 
0.09126339720688535 0.07470793843548658 
0.23936342968496266 0.07469745989249267 
0.035076323481649886 0.07472314393529386 
0.07989607015264696 0.0747131963079474 
0.05228970444949659 0.07471486603771538 
0.22962000649561545 0.07469858617247765 
0.5378369600519649 0.07228288384564642 
0.22539785644689833 0.07469880918433022 
0.23351737577135434 0.0746983691076078 
0.3887625852549529 0.07228458246591656 
0.3851899967521923 0.07228475531636766 
0.38161740824943163 0.07228493335233234 
0.27703799935043844 0.07469607442184098 
0.28028580708022083 0.07469599619391709 
0.02240987333549854 0.9590171897871679 
0.10198116271516726 0.07470616195135066 
0.21013316011692107 0.07469964026447147 
0.1718090289054888 0.07470158166768139 
0.17083468658655407 0.07470307716978461 
0.08379343942838584 0.0747090776411864 
0.10068203962325431 0.07470640050779177 
0.20850925625202987 0.07469976587285719 
0.08151997401753816 0.0747106524255362 
0.08314387788242936 0.07470968608059429 
0.24066255277687562 0.07469736518258481 
0.023059434881455017 0.9590045860205322 
0.024358557973367976 0.9590028723505072 
0.03605066580058461 0.0747211679210332 
0.037349788892497564 0.07472055107002061 
0.2815849301721338 0.07469576675447559 
0.025008119519324457 0.9589867100900751 
0.025982461838259176 0.9589858015606425 
0.08054563169860345 0.07471242405792973 
0.08087041247158168 0.07471205223384712 
0.3231568691133485 0.07228598092626941 
0.024683338746346217 0.9589954995841204 
0.05196492367651835 0.07471531206142051 

0.01851250405975966 0.954198349676801 
0.9714192919779149 0.06264302882370944 
0.021760311789542058 0.9517659659407395 
0.027281584930172135 0.09642184635060004 
0.5251705099058136 0.06264651786256746 
0.6027931146476129 0.06264646500354294 
0.7557648587203638 0.06264443752578679 
0.8151997401753817 0.0626444022910751 
0.8892497564144203 0.06264416298320048 
0.6742448847028256 0.06264596237085455 
0.6274764533939591 0.06264601060556095 
0.258850276063657 0.0626541778427806 
0.21792789866839882 0.06265463683821912 
0.08704124715816823 0.06266423518861385 
0.11822020136407925 0.06266388960340798 
0.472880805456317 0.0626470169139459 
0.5024358557973368 0.06264695929988433 
0.9317960376745696 0.06264329133352105 
0.9613510880155894 0.0626432374315064 
0.4686586554075999 0.06264713385337782 
0.4394283858395583 0.06264737481947996 
0.3887625852549529 0.06264844460305426 
0.417343293277038 0.06264795428558269 
0.38454043520623576 0.06264921428745725 
0.35660928873010717 0.0626493790904706 
0.05716141604417019 0.06266733163205825 
0.08249431633647288 0.06266690892678539 
0.19129587528418318 0.06265511859376201 
0.21565443325755115 0.06265479481225894 
0.2708671646638519 0.06265332197158702 
0.2945761610912634 0.06265318677800294 
0.897044494965898 0.0626439995351735 
0.9171809028905489 0.0626439042986697 
0.05456316986034427 0.06267063867919281 
0.03572588502760637 0.0626815410323837 
0.30919129587528416 0.06265217377818993 
0.3280285807080221 0.06265205512261747 
0.7382266969795388 0.06264447303153471 
0.13965573238064308 0.06266227816677397 
0.15686911334848977 0.06266168317478601 
0.028580708022085094 0.0819551853627012 
0.027931146476128613 0.09641433033438514 
0.3501136732705424 0.06265065103167622 
0.3341994153946086 0.06265075067683977 
0.7333549853848652 0.06264458120663448 
0.7187398506008444 0.06264461782841303 
0.6167586878856771 0.06264630934954912 
0.12081844754790516 0.06266355214961875 
0.13348489769405653 0.06266290051471538 
0.03117895420591101 0.06750223454279311 
0.701851250405976 0.0626452872867835 
0.6901591425787593 0.06264537236066922 
0.03052939265995453 0.07714192261357306 
0.03280285807080221 0.06268244956181625 
0.16466385189996752 0.06266139537974837 
0.42286456641766806 0.06264788718950763 
0.4303345241961676 0.06264769007305916 
0.509581032802858 0.06264684574173399 
0.7171159467359532 0.06264465473742122 
0.5186748944462488 0.06264673435694536 
0.18674894446248783 0.06265710985000597 
0.18057810977590127 0.06265772397576345 
0.029555050341019812 0.08195437411015737 
0.6843130886651511 0.06264541543833597 
0.16986034426761937 0.06266056834769283 
0.9272491068528743 0.06264334596394132 
0.891523221825268 0.06264412980930463 
0.9217278337122442 0.06264371988310755 
0.7067229620006495 0.06264508070367976 
0.6216303994803508 0.06264620794938268 
0.6226047417992855 0.06264610838451334 
0.6791165962974992 0.06264554688992842 
0.7122442351412797 0.06264476722201763 
0.5138031828515752 0.06264678978158778 
0.3052939265995453 0.06265253998855401 
0.3010717765508282 0.06265279303902453 
0.35401104254628124 0.06265007899462607 
0.6804157193894121 0.06264545888262113 
0.43553101656381943 0.06264743658997823 
0.9652484572913284 0.06264321074911378 
0.018837284832737902 0.9517865007707553 
0.17700552127314062 0.06265930023187431 
0.13608314387788242 0.06266258580467683 
0.17343293277038 0.06265979195025291 
0.29814874959402404 0.0626530535872868 
0.1701851250405976 0.06266004541333467 
0.9684962650211107 0.06264318424342573 
0.7349788892497564 0.0626445088114583 
0.19064631373822669 0.06265597689386716 
0.18772328678142253 0.06265652833269578 
0.43260798960701524 0.06264749899078768 
0.9184800259824618 0.06264384194549875 
0.9214030529392659 0.06264375007407136 
0.7119194543683014 0.0626448437115432 
0.7070477427736278 0.06264496076838798 
0.7096459889574537 0.06264492143477078 
0.0834686586554076 0.06266609603202994 
0.08574212406625528 0.06266495195792966 
0.4319584280610588 0.06264762572232857 
0.3004222150048717 0.06265292235525763 
0.05651185449821371 0.06266821178550307 
0.33095160766482623 0.06265182272135822 
0.3329002923026957 0.06265105747905395 
0.30724261123741475 0.06265229411682022 
0.32900292302695683 0.06265193811503901 
0.17862942513803182 0.06265837353185308 
0.02013640792465086 0.9517714418954103 
0.055212731406300744 0.06266867019875556 
0.02078596947060734 0.9517685735382019 
0.17960376745696655 0.06265815288899089 

0.02143553101656382 0.9541875547840805 
0.943163364728808 0.06264207047592413 
0.02987983111399805 0.9517659659407395 
0.03052939265995453 0.09641011216201961 
0.8655407599870087 0.06264257428837196 
0.7703799935043846 0.06264268870230129 
0.661253653783696 0.06264305430511785 
0.7112698928223449 0.06264302882370944 
0.2413121143228321 0.06264972060996815 
0.283208834037025 0.06264963369632358 
0.5440077947385514 0.06264396755879585 
0.7171159467359532 0.0626428549838786 
0.754790516401429 0.0626427354689949 
0.8967197141929197 0.06264227177928487 
0.9317960376745696 0.06264212965217068 
0.5781097759012667 0.06264393581413111 
0.32867814225397857 0.06264782079600931 
0.29912309191295877 0.06264795428558269 
0.5066580058460539 0.06264465473742122 
0.4771029555050341 0.06264469193705154 
0.5995453069178305 0.06264360122315236 
0.6284507957128938 0.06264354312493903 
0.35563494641117244 0.06264725313159837 
0.38291653134134457 0.06264673435694536 
0.4533939590776226 0.06264596237085455 
0.42741149723936345 0.0626460592748143 
0.1539460863916856 0.06265495537603709 
0.17862942513803182 0.06265448139176392 
0.35238713868139004 0.06264737481947996 
0.32932770379993503 0.06264749899078768 
0.4001299123091913 0.06264646500354294 
0.4189671971419292 0.06264641263623029 
0.03117895420591101 0.08195210819787978 
0.3988307892172783 0.06264667946015667 
0.03215329652484573 0.06749558786677883 
0.10880155894771029 0.06265930023187431 
0.1243910360506658 0.06265837353185308 
0.5332900292302696 0.06264429818247409 
0.517700552127314 0.06264433262244058 
0.13868139006170835 0.06265793640920156 
0.585254952906788 0.0626436899047562 
0.8778824293601819 0.062642419863823 
0.8918480025982461 0.06264231346511356 
0.0662552776875609 0.06266322254359204 
0.07989607015264696 0.06266290051471538 
0.09873335498538487 0.06266227816677397 
0.08606690483923352 0.06266258580467683 
0.23059434881455018 0.06265035961657521 
0.04904189671971419 0.06266914152505745 
0.03670022734654108 0.062670125162557 
0.20168886001948685 0.06265182272135822 
0.21403052939265996 0.06265137663571968 
0.9421890224098733 0.06264210981371555 
0.8749594024033778 0.0626424852459907 
0.6528093536862618 0.0626431579126927 
0.643715492042871 0.0626432374315064 
0.05358882754140955 0.0626664972008703 
0.06170834686586554 0.06266458920272715 
0.5073075673920104 0.0626444022910751 
0.03280285807080221 0.06267536303224219 
0.5147775251705099 0.06264436732430795 
0.2374147450470932 0.06265017137328013 
0.22474829490094186 0.06265045552534262 
0.4592400129912309 0.06264504039889462 
0.4654108476778175 0.06264496076838798 
0.17992854822994478 0.0626540296255036 
0.1857746021435531 0.06265388370616884 
0.5381617408249432 0.06264416298320048 
0.02273465410847678 0.9517746121849567 
0.027931146476128613 0.9517729863954458 
0.22377395258200714 0.06265065103167622 
0.7164663851899967 0.06264300350722922 
0.5800584605391361 0.06264375007407136 
0.1890224098733355 0.06265266559693973 
0.1938941214680091 0.06265253998855401 
0.4192919779149074 0.06264625841689671 
0.6388437804481975 0.06264329133352105 
0.2942513803182852 0.06264851774433454 
0.1971419291977915 0.06265229411682022 
0.2897044494965898 0.06264889591799963 
0.4238389087366028 0.06264620794938268 
0.4696329977265346 0.0626448437115432 
0.47417992854822993 0.06264480531441086 
0.21955180253329004 0.06265075067683977 
0.6326729457616109 0.06264351437634035 
0.10263072426112374 0.06266168317478601 
0.14387788242936017 0.06265751547627785 
0.1399805131536213 0.06265772397576345 
0.29847353036700225 0.06264809063054803 
0.021760311789542058 0.9517763258549817 
0.45859045144527444 0.06264516231254222 
0.0990581357583631 0.06266197736526893 
0.14907437479701202 0.06265597689386716 
0.2864566417668074 0.06264913331487845 
0.29522572263721986 0.06264815990258688 
0.0630074699577785 0.06266423518861385 
0.10295550503410199 0.06266056834769283 
0.4556674244884703 0.06264541543833597 
0.10652809353686261 0.06266004541333467 
0.15199740175381618 0.06265545325867694 
0.14680090938616433 0.06265652833269578 
0.28580708022085094 0.06264954781736522 
0.1055537512179279 0.0626603041568973 
0.21662877557648588 0.06265126883169034 
0.6362455342643716 0.06264340133763262 
0.04936667749269243 0.06266776576179793 
0.05164014290354011 0.06266733163205825 
0.21890224098733355 0.06265105747905395 
0.3533614810003248 0.06264731366979072 
0.028580708022085094 0.9517714418954103 
0.034751542708671646 0.06267227403217145 
0.10847677817473206 0.06265979195025291 
0.1487495940240338 0.06265615751006319 
0.6346216303994804 0.06264342930796131 
0.1873985060084443 0.06265359855082768 
0.5784345566742449 0.06264387300993822 
0.6342968496265021 0.06264345746986763 
0.05228970444949659 0.06266690892678539 
0.03572588502760637 0.06267116752468342 

0.0220850925625203 0.9662569645049534 
0.8155245209483598 0.0 
0.026956804157193894 0.95176723941857 
0.027931146476128613 0.09641946550074317 
0.7992854822994478 0.009638721156817739 
0.6174082494316336 0.06023550137958729 
0.4696329977265346 0.06264563642117175 
0.5180253329002923 0.06264554688992842 
0.2854822994478727 0.06264822992351267 
0.3332250730756739 0.06264788718950763 
0.34686586554076 0.06264719319577611 
0.38908736602793115 0.06264695929988433 
0.575836310490419 0.06264480531441086 
0.5401104254628126 0.06264496076838798 
0.42124066255277687 0.06264586718200912 
0.45534264371549205 0.06264582021658759 
0.21175706398181227 0.06265217377818993 
0.24520948359857098 0.06265137663571968 
0.16433907112698928 0.06265511859376201 
0.19746670997076973 0.06265495537603709 
0.608314387788243 0.06264472943075006 
0.11822020136407925 0.06265859845904269 
0.14550178629425137 0.06265837353185308 
0.035076323481649886 0.06268244956181625 
0.4017538161740825 0.0626461579406642 
0.5222474829490095 0.06264500042179068 
0.11010068203962325 0.06266083815956912 
0.09386164339071126 0.06266168317478601 
0.05066580058460539 0.06267901366868943 
0.417343293277038 0.06264610838451334 
0.06755440077947386 0.06266570501936278 
0.08216953556349464 0.06266532378201227 
0.03117895420591101 0.06749785377905641 
0.4683338746346216 0.06264577366314343 
0.02890548879506333 0.09641254755964954 
0.029555050341019812 0.08195359183091866 
0.03020461188697629 0.08195283700007432 
0.27801234166937316 0.0626493790904706 
0.26696979538811305 0.06265035961657521 
0.023059434881455017 0.9541936391781592 
0.05456316986034427 0.06267116752468342 
0.0646313738226697 0.06266867019875556 
0.8064306593049692 0.007228885620708116 
0.25332900292302696 0.06265116245552897 
0.800909386164339 0.0072290662470593 
0.8093536862617733 4.0821022892555084E-7 
0.03377720038973693 0.06749558786677883 
0.6128613186099383 0.06023566064849627 
0.1120493666774927 0.06265979195025291 
0.16141604417018512 0.06265615751006319 
0.1555699902565768 0.06265634129496443 
0.3968821045794089 0.06264667946015667 
0.3913608314387788 0.06264690224518259 
0.8142253978564469 3.933361720352393E-8 
0.8077297823968821 0.0024105092259736607 
0.6122117570639818 0.0626445088114583 
0.08963949334199416 0.06266258580467683 
0.15167262098083795 0.0626567187103866 
0.3978564468983436 0.06264646500354294 
0.2562520298798311 0.0626509538748204 
0.33679766157843455 0.06264782079600931 
0.25982461838259174 0.06265065103167622 
0.024358557973367976 0.951780046967036 
0.20656057161416044 0.06265266559693973 
0.28450795712893795 0.06264830070553544 
0.20980837934394284 0.06265241617457376 
0.34329327703799933 0.06264737481947996 
0.26307242611237414 0.06265055265587777 
0.3465410847677817 0.06264725313159837 
0.024033777200389735 0.9541857459101653 
0.08574212406625528 0.06266458920272715 
0.08281909710945112 0.06266495195792966 
0.809028905488795 0.0024098709810819385 
0.7999350438454044 0.009638305675891608 
0.08704124715816823 0.06266290051471538 
0.14680090938616433 0.06265731080247093 
0.20006495615459566 0.06265479481225894 
0.14939915556999026 0.06265710985000597 
0.26567067229620006 0.06265045552534262 
0.6096135108801559 0.06264465473742122 
0.1620656057161416 0.06265562484534944 
0.5199740175381617 0.0626452452815524 
0.2822344917180903 0.06264851774433454 
0.05326404676843131 0.06267406764511575 
0.05131536213056187 0.06267674775641184 
0.20233842156544332 0.0626540296255036 
0.20428710620331275 0.06265388370616884 
0.338746346216304 0.06264769007305916 
0.3403702500811952 0.06264756203160544 
0.3423189347190646 0.06264749899078768 
0.06593049691458265 0.06266609603202994 
0.20493666774926925 0.06265374003174697 
0.27963624553426436 0.06264913331487845 
0.025657681065280935 0.9517763258549817 
0.20103929847353036 0.0626541778427806 
0.5193244559922052 0.06264550269822494 
0.026632023384215654 0.9517699727368402 
0.2806105878531991 0.06264905327301894 
0.2815849301721338 0.06264859169829572 
0.8083793439428386 0.002410413185313775 

0.0220850925625203 0.9542009404510539 
0.7892172783371224 0.0602364001614041 
0.03085417343293277 0.09641946550074317 
0.03020461188697629 0.9517584499245245 
0.6735953231568691 0.06023678789419919 
0.7836960051964924 0.06023668832932986 
0.5875284183176356 0.060237314301761866 
0.6661253653783696 0.060237205028533206 
0.4754790516401429 0.06264610838451334 
0.5459564793764209 0.0626460592748143 
0.292627476453394 0.06265105747905395 
0.2562520298798311 0.06265126883169034 
0.32607989607015264 0.0626493790904706 
0.35953231568691135 0.06264929620708377 
0.22312439103605067 0.0626514858965602 
0.4082494316336473 0.06264756203160544 
0.4319584280610588 0.06264743658997823 
0.38161740824943163 0.06264921428745725 
0.3150373497888925 0.06265055265587777 
0.2971744072750893 0.06265065103167622 
0.140954855472556 0.06265882779656938 
0.15849301721338097 0.06265772397576345 
0.12406625527768757 0.06265930023187431 
0.05066580058460539 0.0626728532196847 
0.06430659304969145 0.06267227403217145 
0.03150373497888925 0.08196183072928366 
0.5631698603442676 0.06023807893560419 
0.5755115297174407 0.06023771379819432 
0.1695355634946411 0.06265710985000597 
0.18155245209483598 0.06265652833269578 
0.07599870087690809 0.06266821178550307 
0.08671646638519 0.06266690892678539 
0.034101981162715164 0.07714089820028429 
0.47093212081844754 0.06264630934954912 
0.43812926274764535 0.06264707509563369 
0.4608639168561221 0.06264657122026202 
0.4481974667099708 0.0626470169139459 
0.09775901266645015 0.06266355214961875 
0.10750243585579734 0.06266227816677397 
0.034751542708671646 0.06750531039818271 
0.20753491393309517 0.06265479481225894 
0.38421565443325756 0.06264897414592353 
0.3926599545306918 0.06264844460305426 
0.19909061383566093 0.06265495537603709 
0.037349788892497564 0.06268066678708066 
0.04546930821695356 0.06267901366868943 
0.16596297499188048 0.06265751547627785 
0.3994803507632348 0.06264822992351267 
0.07340045469308216 0.06267116752468342 
0.06690483923351738 0.06267171239579494 
0.03540110425462813 0.06268540228247212 
0.03215329652484573 0.07714192261357306 
0.1873985060084443 0.06265634129496443 
0.11302370899642741 0.06266197736526893 
0.11886976291003573 0.06266111377385133 
0.5550503410198117 0.06264582021658759 
0.5823319259499837 0.060237539244700836 
0.4040272815849302 0.06264775509410987 
0.5774602143553101 0.06023765504045021 
0.5602468333874635 0.060239246423374644 
0.5505034101981162 0.06264591456490107 
0.5556999025657681 0.06264577366314343 
0.4556674244884703 0.06264684574173399 
0.4514452744397532 0.06264695929988433 
0.4033777200389737 0.06264802209544577 
0.023384215654433257 0.9517729863954458 
0.31633647288080546 0.06264998774945245 
0.0883403702500812 0.0626664972008703 
0.09191295875284183 0.06266609603202994 
0.3199090613835661 0.06264980857711144 
0.19259499837609614 0.06265562484534944 
0.19616758687885677 0.06265511859376201 
0.5495290678791815 0.06264601060556095 
0.2185774602143553 0.06265253998855401 
0.21532965248457292 0.06265279303902453 
0.18837284832737902 0.06265597689386716 
0.19162065605716141 0.06265579936512747 
0.4589152322182527 0.06264667946015667 
0.6703475154270867 0.06023704494835945 
0.3231568691133485 0.06264946295472591 
0.023059434881455017 0.9541840322401403 
0.21045794088989933 0.06265388370616884 
0.7862942513803183 0.06023644712682563 
0.22150048717115947 0.06265170890841276 
0.16661253653783695 0.06265731080247093 
0.43390711269892823 0.06264725313159837 
0.43683013965573236 0.06264719319577611 
0.21305618707372523 0.06265359855082768 
0.12146800909386164 0.0626603041568973 
0.09516076648262423 0.06266532378201227 
0.6683988307892172 0.06023715116507852 
0.02987983111399805 0.9517603782318916 
0.047093212081844756 0.06267536303224219 
0.04904189671971419 0.06267470472075172 
0.12081844754790516 0.06266083815956912 
0.09386164339071126 0.06266570501936278 
0.04579408898993179 0.06267823138945074 
0.0743747970120169 0.06266867019875556 
0.025008119519324457 0.95176723941857 
0.028255927249106853 0.9517614026451804 
0.026956804157193894 0.9517647490619239 
0.04936667749269243 0.06267406764511575 
0.5612211757063982 0.06023853423039919 
0.5625202987983111 0.06023827001787567 
0.027281584930172135 0.951762470650524 
0.025982461838259176 0.9517659659407395 
0.050341019811627155 0.06267345079410315 

0.017862942513803184 0.9493651921297732 
0.9434881455017863 0.06264212965217068 
0.027931146476128613 0.9493553290067404 
0.02987983111399805 0.09399473474955684 
0.7564144202663202 0.06264310576920831 
0.8402078596947061 0.06264305430511785 
0.6677492692432608 0.06264393581413111 
0.5647937642091588 0.06264469193705154 
0.6128613186099383 0.06264465473742122 
0.38746346216303995 0.06264719319577611 
0.4345566742448847 0.06264707509563369 
0.28418317635595974 0.06264859169829572 
0.24001299123091913 0.06264874209904822 
0.9126339720688535 0.06264264251297427 
0.8700876908087041 0.06264266553613727 
0.3747970120168886 0.06264769007305916 
0.3354985384865216 0.06264788718950763 
0.2923026956804157 0.06264809063054803 
0.3312763884378045 0.06264802209544577 
0.5212731406300747 0.06264577366314343 
0.4855472556024683 0.06264586718200912 
0.7245859045144527 0.06264321074911378 
0.638194218902241 0.06264409688023458 
0.22442351412796363 0.06265007899462607 
0.196492367651835 0.06265017137328013 
0.12146800909386164 0.0626567187103866 
0.09451120493666774 0.06265751547627785 
0.15427086716466384 0.0626541778427806 
0.1276388437804482 0.06265495537603709 
0.06073400454693082 0.06266083815956912 
0.0850925625202988 0.06266004541333467 
0.6901591425787593 0.0626439042986697 
0.058460539136083144 0.06266867019875556 
0.03702500811951932 0.0626696263178251 
0.9230269568041571 0.06264229256089653 
0.4517700552127314 0.06264667946015667 
0.4689834361805781 0.06264625841689671 
0.5397856446898344 0.06264504039889462 
0.5563494641117246 0.06264492143477078 
0.8622929522572264 0.06264287934360013 
0.8467034751542709 0.06264290385897481 
0.37544657356284505 0.06264743658997823 
0.03085417343293277 0.06990500792196232 
0.5319909061383566 0.06264559146259481 
0.43585579733679763 0.0626470169139459 
0.4465735628450796 0.06264690224518259 
0.03052939265995453 0.07953710791096787 
0.03020461188697629 0.08436379416534086 
0.17310815199740176 0.06265105747905395 
0.18285157518674894 0.0626508516160964 
0.19194543683013965 0.06265065103167622 
0.03540110425462813 0.0674900076350504 
0.7174407275089315 0.06264334596394132 
0.03605066580058461 0.062670125162557 
0.6963299772653458 0.0626436899047562 
0.7025008119519325 0.06264357207318076 
0.6329977265345892 0.06264426400145474 
0.47970120168886005 0.06264591456490107 
0.6271516726209808 0.06264429818247409 
0.9175056836635271 0.06264235564572954 
0.8645664176680741 0.06264268870230129 
0.026632023384215654 0.9493591534830184 
0.02143553101656382 0.9493620218402269 
0.1711594673595323 0.06265170890841276 
0.16368950958103282 0.06265292235525763 
0.16596297499188048 0.06265229411682022 
0.15849301721338097 0.0626534592135587 
0.559597271841507 0.06264480531441086 
0.2348164988632673 0.0626488185740071 
0.28743098408574214 0.06264822992351267 
0.47385514777525173 0.0626460592748143 
0.47515427086716466 0.06264601060556095 
0.6921078272166288 0.06264378047991744 
0.6213056187073726 0.06264447303153471 
0.8421565443325755 0.06264295336268962 
0.7067229620006495 0.06264354312493903 
0.715492042871062 0.06264340133763262 
0.6170834686586554 0.0626445088114583 
0.6372198765833063 0.06264412980930463 
0.7112698928223449 0.06264345746986763 
0.5358882754140954 0.06264550269822494 
0.6235790841182202 0.06264433262244058 
0.8457291328353361 0.06264292853149933 
0.03280285807080221 0.06990232781066621 
0.22962000649561545 0.06264905327301894 
0.23286781422539785 0.06264889591799963 
0.7099707697304319 0.06264348582532653 
0.44949658980188373 0.06264684574173399 
0.9136083143877882 0.06264257428837196 
0.09288730107177655 0.06265793640920156 
0.09028905488795064 0.06265859845904269 
0.12341669373173109 0.06265579936512747 
0.8629425138031829 0.06264278282394882 
0.12569015914257875 0.06265511859376201 
0.621955180253329 0.06264436732430795 
0.6141604417018512 0.06264461782841303 
0.19421890224098734 0.06265045552534262 
0.22767132185774602 0.06264921428745725 
0.0883403702500812 0.06265882779656938 
0.2257226372198766 0.06264972060996815 
0.1562195518025333 0.06265388370616884 
0.8415069827866191 0.06264302882370944 
0.6151347840207859 0.06264454486874566 
0.5378369600519649 0.0626453296449997 
0.9155569990256577 0.0626424852459907 
0.08671646638519 0.06265930023187431 
0.059434881455017866 0.06266423518861385 
0.157193894121468 0.06265374003174697 
0.536537836960052 0.06264537236066922 
0.19519324455992204 0.06265035961657521 
0.9162065605716142 0.06264246332064531 
0.03182851575186749 0.06990430382492688 

0.01818772328678142 0.9541875547840805 
0.330626826891848 0.043379924090314416 
0.026307242611237416 0.09641625864175223 
0.025008119519324457 0.9517603782318916 
0.2783371224423514 0.043380616452399226 
0.3173108151997402 0.04338043892365953 
0.16921078272166287 0.043388874747145915 
0.20656057161416044 0.04338852916194005 
0.0932120818447548 0.06266495195792966 
0.12893796687236114 0.06266458920272715 
0.2315686911334849 0.04338603493828044 
0.2620980837934394 0.0433857533323834 
0.06495615459564794 0.06266914152505745 
0.09028905488795064 0.06266867019875556 
0.20980837934394284 0.043386917725306035 
0.22897044494965899 0.043386616923801004 
0.14192919779149074 0.04339476472108907 
0.1604417018512504 0.04339426587635717 
0.04514452744397532 0.06268244956181625 
0.03280285807080221 0.06268339443242613 
0.047093212081844756 0.06267823138945074 
0.0581357583631049 0.0626774765586064 
0.27054238389087365 0.04338135826891867 
0.2676193569340695 0.04338323801757475 
0.13705748619681715 0.048220227425310895 
0.13218577460214356 0.06266258580467683 
0.027281584930172135 0.08195781000328418 
0.029555050341019812 0.07714299061891668 
0.26307242611237414 0.043384431508784974 
0.03020461188697629 0.06750321797955032 
0.03085417343293277 0.06268437786918334 
0.13868139006170835 0.0482175473140148 
0.13965573238064308 0.04339934427928378 
0.06235790841182202 0.062670125162557 
0.027931146476128613 0.08195690147385162 
0.20753491393309517 0.04338786210212411 
0.1627151672620981 0.043392405320329994 
0.16303994803507632 0.04339197119059032 
0.165313413445924 0.04339073559056201 
0.01948684637869438 0.9541793927920236 
0.14127963624553427 0.04339809035263521 
0.06073400454693082 0.06267536303224219 
0.1669373173108152 0.04339034457789485 
0.059110100682039625 0.06267674775641184 
0.02240987333549854 0.95176723941857 
0.02111075024358558 0.9517685735382019 
0.1679116596297499 0.043389591516461726 
0.1308866515102306 0.06266322254359204 
0.01981162715167262 0.9517729863954458 
0.062033127638843784 0.0626728532196847 
0.02273465410847678 0.9517647490619239 
0.023708996427411498 0.9517635850908827 
0.06105878531990906 0.06267406764511575 
0.09158817797986359 0.0626664972008703 
0.09256252029879831 0.06266609603202994 
0.1292627476453394 0.06266423518861385 
0.1302370899642741 0.06266355214961875 
0.024358557973367976 0.9517614026451804 
0.02013640792465086 0.9517714418954103 
0.02078596947060734 0.9517699727368402 
0.09093861643390712 0.06266776576179793 
0.26274764533939593 0.04338547771810118 

0.01981162715167262 0.9541894670222195 
0.6576810652809354 0.045779221926257774 
0.023384215654433257 0.9517699727368402 
0.026956804157193894 0.096415275204995 
0.5008119519324457 0.048189687618281726 
0.5755115297174407 0.04818953894371335 
0.6440402728158493 0.04578063083397758 
0.5872036375446573 0.04818872495045144 
0.31049041896719715 0.048195895843472815 
0.2731406300746996 0.048196019657453064 
0.23449171809028904 0.04819653325618586 
0.2698928223449172 0.048196272707923586 
0.35790841182202016 0.04819393519424167 
0.3900617083468659 0.04819383928547426 
0.45696654758038324 0.04819178037443449 
0.4267619356934069 0.048191924271953304 
0.1276388437804482 0.06265479481225894 
0.15362130561870738 0.0626541778427806 
0.0974342318934719 0.06266258580467683 
0.4754790516401429 0.04819049658284495 
0.4933419941539461 0.04819038191408164 
0.0802208509256252 0.06266322254359204 
0.21695355634946412 0.04819765751167965 
0.23189347190646314 0.04819721970064601 
0.323806430659305 0.04819464212442803 
0.33809678467034754 0.04819443354371946 
0.35076323481649885 0.04819433128499545 
0.03280285807080221 0.06750223454279311 
0.02890548879506333 0.09641011216201961 
0.46443650535888276 0.04819091625887728 
0.03215329652484573 0.08195973831065127 
0.03150373497888925 0.08196076272394004 
0.10425462812601494 0.06265882779656938 
0.11432283208834038 0.06265859845904269 
0.04124715816823644 0.06267604365937642 
0.05099058135758363 0.06267536303224219 
0.41539460863916855 0.0481926129837775 
0.40565118544982137 0.04819285875936964 
0.06852874309840858 0.06266495195792966 
0.07794738551477752 0.06266458920272715 
0.19356934069503084 0.04820079047136998 
0.20298798311139982 0.04820058951890502 
0.1864241636895096 0.0482012036446625 
0.39330951607664827 0.04819337728592384 
0.31698603442676193 0.04819474850058939 
0.17473205586229296 0.04820843162682871 
0.39980513153621305 0.04819302748626427 
0.16986034426761937 0.05784070349727047 
0.1578434556674245 0.06265374003174697 
0.1269892822344917 0.06265579936512747 
0.6524845729132835 0.04577926323862801 
0.17408249431633646 0.05302802479862881 
0.17245859045144527 0.05302841581129598 
0.06365703150373497 0.06266776576179793 
0.035076323481649886 0.06749950689744764 
0.651835011367327 0.045779431974384784 
0.5800584605391361 0.04818889510723502 
0.12244235141279636 0.06265615751006319 
0.41994153946086393 0.048192298242906155 
0.5846053913608315 0.048188852029568276 
0.03670022734654108 0.06268339443242613 
0.1594673595323157 0.05784983008838858 
0.05456316986034427 0.06267470472075172 
0.6479376420915882 0.045780070219276506 
0.058460539136083144 0.06267406764511575 
0.11854498213705748 0.06265634129496443 
0.35466060409223776 0.04819413070057527 
0.49723936342968494 0.04819032541063304 
0.42351412796362453 0.04819222176794727 
0.2088340370250081 0.04819982096386348 
0.4631373822669698 0.04819123476300892 
0.31373822669697954 0.048195417783938065 
0.20558622929522571 0.04820039218720514 
0.1669373173108152 0.05784343805640698 
0.17830464436505358 0.04820516284368506 
0.1841506982786619 0.048203525082233724 
0.1162715167262098 0.06265691251830609 
0.18122767132185774 0.04820404801659188 
0.4598895745371874 0.04819157029944709 
0.17733030204611888 0.0482080688716262 
0.16726209808379344 0.05784146404653032 
0.16433907112698928 0.05784438243322505 
0.5781097759012667 0.04818949027446 
0.2143553101656382 0.04819811650711817 
0.15524520948359857 0.0626540296255036 
0.3111399805131536 0.04819577378571927 
0.0220850925625203 0.951778134728897 
0.16141604417018512 0.05784686490899579 
0.10198116271516726 0.0626590616754332 
0.16368950958103282 0.05784539507824686 
0.42448847028255926 0.04819199741323359 
0.06040922377395258 0.06267345079410315 
0.06170834686586554 0.06266867019875556 
0.10003247807729783 0.0626603041568973 
0.20915881779798637 0.04819910451424849 
0.09808379343942839 0.06266139537974837 
0.037674569665475804 0.06268244956181625 
0.03962325430334524 0.0626815410323837 
0.3926599545306918 0.048193467418351496 
0.49886326729457614 0.04819015912905573 
0.46118869762910036 0.048191433954481736 
0.21078272166287756 0.048198598262661055 
0.5855797336797661 0.04818880931389875 
0.02240987333549854 0.9517714418954103 
0.040922377395258204 0.06268066678708066 
0.03377720038973693 0.06750038114275068 
0.11562195518025332 0.06265837353185308 
0.2331925949983761 0.048197078219726734 
0.3913608314387788 0.04819365104217918 
0.21175706398181227 0.04819843504493614 
0.21305618707372523 0.04819827448115799 
0.027931146476128613 0.09641254755964954 
0.1604417018512504 0.057849371675136076 

0.02111075024358558 0.9541708227003639 
1.0 0.06264193625494029 
0.02890548879506333 0.9493578193633865 
0.029230269568041572 0.09642184635060004 
0.661253653783696 0.06264409688023458 
0.7456966547580384 0.06264406419329005 
0.6040922377395258 0.06264516231254222 
0.5290678791815524 0.06264520362491245 
0.8229944787268594 0.06264363057696996 
0.4124715816823644 0.0626470169139459 
0.47417992854822993 0.06264695929988433 
0.8713868139006171 0.06264357207318076 
0.16141604417018512 0.06265562484534944 
0.7645339395907762 0.0626439042986697 
0.8051315362130562 0.06264384194549875 
0.6492367651835012 0.06264465473742122 
0.6102630724261123 0.06264476722201763 
0.37512179278986685 0.06264731366979072 
0.19356934069503084 0.06265528453178235 
0.20298798311139982 0.0626543284127128 
0.2325430334524196 0.0626540296255036 
0.26144852224748294 0.06265137663571968 
0.2897044494965898 0.06265105747905395 
0.3452419616758688 0.06264762572232857 
0.371224423514128 0.06264743658997823 
0.12893796687236114 0.06265772397576345 
0.1497239363429685 0.06265615751006319 
0.4933419941539461 0.06264591456490107 
0.5141279636245534 0.0626457275162796 
0.1162715167262098 0.06266258580467683 
0.09678467034751542 0.06266290051471538 
0.322507307567392 0.06264795428558269 
0.34134459240012993 0.06264775509410987 
0.03150373497888925 0.06750321797955032 
0.02987983111399805 0.08196183072928366 
0.8070802208509257 0.06264371988310755 
0.9356934069503086 0.06264250730421696 
0.9516076648262423 0.06264244152698367 
0.07924650860669048 0.06266532378201227 
0.06365703150373497 0.06266867019875556 
0.903864891198441 0.06264302882370944 
0.09451120493666774 0.06266322254359204 
0.7508931471256901 0.06264403174581033 
0.050341019811627155 0.062670125162557 
0.974342318934719 0.06264223057958831 
0.962000649561546 0.06264225111920312 
0.8723611562195518 0.06264348582532653 
0.9184800259824618 0.06264283077833252 
0.2413121143228321 0.06265229411682022 
0.2530042221500487 0.06265217377818993 
0.9749918804806755 0.06264218985756938 
0.9298473530367002 0.0626427354689949 
0.8834037025008119 0.06264337355693324 
0.9857096459889575 0.06264216967310046 
0.6515102305943488 0.06264436732430795 
0.91328353361481 0.06264300350722922 
0.30302046118869763 0.06264946295472591 
0.3111399805131536 0.06264921428745725 
0.03345241961675869 0.06750223454279311 
0.25982461838259174 0.06265193811503901 
0.04222150048717116 0.06268066678708066 
0.03605066580058461 0.0626815410323837 
0.52029879831114 0.06264568177069282 
0.8976940565118545 0.06264310576920831 
0.03540110425462813 0.06268244956181625 
0.9941539460863917 0.06264197406518535 
0.9564793764209158 0.06264227177928487 
0.888924975641442 0.06264334596394132 
0.6053913608314387 0.06264480531441086 
0.9555050341019812 0.062642419863823 
0.3176355959727184 0.06264866647855813 
0.5245209483598571 0.0626452872867835 
0.4855472556024683 0.06264646500354294 
0.481000324780773 0.06264657122026202 
0.8931471256901592 0.06264321074911378 
0.9876583306268268 0.06264209008862298 
0.9922052614485223 0.06264203158388673 
0.9178304644365054 0.06264287934360013 
0.04287106203312764 0.0626774765586064 
0.046118869762910034 0.06267345079410315 
0.24001299123091913 0.06265318677800294 
0.3186099382916531 0.06264830070553544 
0.291328353361481 0.06265065103167622 
0.23611562195518027 0.06265359855082768 
0.487820721013316 0.0626460592748143 
0.29522572263721986 0.06265045552534262 
0.023384215654433257 0.9541660872049725 
0.026307242611237416 0.9517746121849567 
0.1971419291977915 0.06265511859376201 
0.3140630074699578 0.06264889591799963 
0.027931146476128613 0.9517714418954103 
0.028255927249106853 0.9493620218402269 
0.1997401753816174 0.06265495537603709 
0.4910685287430984 0.06264601060556095 
0.9330951607664826 0.0626427120128028 
0.12081844754790516 0.06265954360763745 
0.12374147450470932 0.0626590616754332 
0.30009743423189345 0.06264972060996815 
0.4780772978239688 0.06264684574173399 
0.2978239688210458 0.06265035961657521 
0.1286131860993829 0.06265815288899089 
0.126014939915557 0.06265882779656938 
0.47677817473205586 0.06264690224518259 
0.11854498213705748 0.06266197736526893 
0.04806755440077947 0.06267116752468342 
0.4871711594673595 0.06264610838451334 
0.6508606690483923 0.06264447303153471 
0.23384215654433257 0.06265388370616884 
0.8911984410522897 0.06264329133352105 
0.29035401104254627 0.0626509538748204 
0.3114647612861319 0.06264905327301894 
0.11919454368301396 0.06266056834769283 
0.046768431308866515 0.06267227403217145 
0.02240987333549854 0.9541669614502756 
0.12049366677492693 0.06266004541333467 
0.9343942838583956 0.06264261963149224 
0.29912309191295877 0.06264980857711144 
0.3127638843780448 0.06264897414592353 
0.027281584930172135 0.9517729863954458 

