0.600739371534196 0.3250347920210298 
0.11275415896487985 0.3408071748878923 
0.2255083179297597 0.3300448430493273 
0.31053604436229204 0.3273542600896862 
0.2828096118299446 0.3292761050608584 
0.29944547134935307 0.32793916942873863 
0.5785582255083179 0.32543241511851373 
0.03512014787430684 0.3542600896860987 
0.038817005545286505 0.3461883408071748 
0.6561922365988909 0.32466367713004485 
0.41589648798521256 0.3258594917787744 
0.37153419593345655 0.32631942048982404 
0.15711645101663585 0.33289369559482984 
0.14602587800369685 0.3369634849455477 
0.17744916820702403 0.3318385650224215 
0.36414048059149723 0.3268161434977579 
