886.0 4.04 
669.0 4.111111111111111 
749.0 4.052631578947368 
855.0 4.0476190476190474 
673.0 4.1 
721.0 4.083333333333333 
701.0 4.090909090909091 
730.0 4.071428571428571 
869.0 4.041666666666667 
740.0 4.0588235294117645 
734.0 4.066666666666666 

650.0 4.111111111111111 
958.0 4.04 
815.0 4.0476190476190474 
933.0 4.045454545454546 
777.0 4.066666666666666 
703.0 4.071428571428571 
654.0 4.1 
673.0 4.090909090909091 
680.0 4.076923076923077 
801.0 4.05 
784.0 4.0588235294117645 
678.0 4.083333333333333 
788.0 4.055555555555555 
945.0 4.043478260869565 

919.0 4.0344827586206895 
655.0 4.083333333333333 
691.0 4.076923076923077 
707.0 4.0588235294117645 
716.0 4.05 
762.0 4.041666666666667 
810.0 4.04 
747.0 4.0476190476190474 
851.0 4.038461538461538 
894.0 4.037037037037037 
709.0 4.055555555555555 
756.0 4.043478260869565 
907.0 4.035714285714286 

672.0 4.083333333333333 
613.0 4.125 
615.0 4.1 
669.0 4.090909090909091 

666.0 4.125 
949.0 4.033333333333333 
819.0 4.037037037037037 
921.0 4.035714285714286 
668.0 4.1 
725.0 4.0588235294117645 
795.0 4.038461538461538 
766.0 4.055555555555555 
721.0 4.071428571428571 
691.0 4.090909090909091 
702.0 4.083333333333333 
780.0 4.0476190476190474 
711.0 4.076923076923077 
778.0 4.052631578947368 
936.0 4.0344827586206895 

667.0 4.111111111111111 
948.0 4.038461538461538 
924.0 4.045454545454546 
774.0 4.05 
720.0 4.083333333333333 
673.0 4.1 
750.0 4.0588235294117645 
741.0 4.066666666666666 
729.0 4.071428571428571 
723.0 4.076923076923077 
764.0 4.055555555555555 
932.0 4.04 
926.0 4.041666666666667 
769.0 4.052631578947368 

987.0 4.035714285714286 
663.0 4.1 
804.0 4.043478260869565 
968.0 4.041666666666667 
666.0 4.090909090909091 
744.0 4.055555555555555 
693.0 4.083333333333333 
715.0 4.066666666666666 
760.0 4.0476190476190474 
795.0 4.045454545454546 
708.0 4.076923076923077 
714.0 4.071428571428571 
750.0 4.052631578947368 
754.0 4.05 
973.0 4.04 
979.0 4.038461538461538 
983.0 4.037037037037037 

661.0 4.111111111111111 
886.0 4.037037037037037 
797.0 4.038461538461538 
665.0 4.083333333333333 
716.0 4.05 
777.0 4.045454545454546 
679.0 4.0588235294117645 
673.0 4.071428571428571 
690.0 4.055555555555555 
784.0 4.043478260869565 
791.0 4.04 

769.0 4.045454545454546 
635.0 6.125 
653.0 6.1 
691.0 4.125 
694.0 4.083333333333333 
724.0 4.066666666666666 
748.0 4.05 
637.0 6.111111111111111 
738.0 4.052631578947368 
729.0 4.055555555555555 
726.0 4.0588235294117645 

827.0 4.041666666666667 
656.0 4.125 
658.0 4.1 
727.0 4.055555555555555 
816.0 4.043478260869565 
708.0 4.076923076923077 
713.0 4.0588235294117645 

