0.6598890942698706 0.3239910313901346 
0.11275415896487985 0.33873749568816824 
0.24953789279112754 0.32631942048982404 
0.20702402957486138 0.3292761050608584 
0.24214417744916822 0.3273542600896862 
0.2255083179297597 0.32857725234406865 
0.1478743068391867 0.3369634849455477 
0.07024029574861368 0.3408071748878923 
0.14972273567467653 0.33408071748878926 
0.16635859519408502 0.33289369559482984 
0.17744916820702403 0.3318385650224215 
0.3659889094269871 0.3258594917787744 
0.22920517560073936 0.32793916942873863 
0.20147874306839186 0.3300448430493273 
0.8724584103512015 0.32339752044315484 
0.4491682070240296 0.32431650513525245 
0.6746765249537893 0.32368528332653895 
0.4269870609981516 0.32466367713004485 
0.4029574861367837 0.32543241511851373 
0.4214417744916821 0.3250347920210298 
0.1866913123844732 0.3308945008260561 
