951.0 4.03125 
655.0 4.076923076923077 
729.0 4.038461538461538 
854.0 4.032258064516129 
823.0 4.037037037037037 
681.0 4.066666666666666 
696.0 4.0625 
697.0 4.055555555555555 
706.0 4.0476190476190474 
705.0 4.052631578947368 
725.0 4.041666666666667 
827.0 4.035714285714286 
844.0 4.0344827586206895 
716.0 4.045454545454546 
719.0 4.043478260869565 
846.0 4.033333333333333 

641.0 6.090909090909091 
1030.0 4.03125 
644.0 6.083333333333333 
661.0 4.111111111111111 
905.0 4.032258064516129 
869.0 4.038461538461538 
769.0 4.04 
720.0 4.045454545454546 
759.0 4.043478260869565 
871.0 4.035714285714286 
891.0 4.0344827586206895 
892.0 4.033333333333333 
698.0 4.0588235294117645 
687.0 4.0625 
704.0 4.052631578947368 
663.0 4.090909090909091 
714.0 4.05 
678.0 4.066666666666666 
670.0 4.083333333333333 
765.0 4.041666666666667 
674.0 4.071428571428571 
716.0 4.0476190476190474 

632.0 4.083333333333333 
815.0 4.038461538461538 
729.0 4.05 
811.0 4.04 
668.0 4.076923076923077 
675.0 4.0625 
697.0 4.052631578947368 
674.0 4.071428571428571 
684.0 4.0588235294117645 
690.0 4.055555555555555 

647.0 4.111111111111111 
897.0 4.032258064516129 
792.0 4.037037037037037 
893.0 4.033333333333333 
745.0 4.066666666666666 
651.0 4.1 
753.0 4.05 
688.0 4.090909090909091 
713.0 4.071428571428571 
766.0 4.041666666666667 
697.0 4.083333333333333 
709.0 4.076923076923077 
786.0 4.04 

939.0 4.033333333333333 
679.0 4.083333333333333 
690.0 4.071428571428571 
699.0 4.052631578947368 
757.0 4.038461538461538 
848.0 4.037037037037037 
851.0 4.035714285714286 
718.0 4.043478260869565 
731.0 4.04 
703.0 4.05 
686.0 4.076923076923077 

1066.0 4.029411764705882 
678.0 4.083333333333333 
837.0 4.032258064516129 
955.0 4.03125 
959.0 4.03030303030303 
742.0 4.043478260869565 
806.0 4.041666666666667 
687.0 4.076923076923077 
701.0 4.0588235294117645 
709.0 4.052631578947368 
711.0 4.05 
688.0 4.071428571428571 
692.0 4.066666666666666 
736.0 4.0476190476190474 
699.0 4.0625 
809.0 4.037037037037037 
807.0 4.04 
825.0 4.033333333333333 
738.0 4.045454545454546 
812.0 4.035714285714286 
822.0 4.0344827586206895 

810.0 4.038461538461538 
683.0 4.111111111111111 
758.0 4.04 
687.0 4.1 
705.0 4.076923076923077 
706.0 4.0625 
716.0 4.0588235294117645 
726.0 4.055555555555555 
732.0 4.052631578947368 
736.0 4.05 
742.0 4.0476190476190474 
745.0 4.045454545454546 
751.0 4.043478260869565 
754.0 4.041666666666667 

825.0 4.035714285714286 
642.0 4.125 
690.0 4.083333333333333 
710.0 4.076923076923077 
732.0 4.0588235294117645 
781.0 4.041666666666667 
752.0 4.052631578947368 
804.0 4.038461538461538 
772.0 4.045454545454546 
810.0 4.037037037037037 
742.0 4.055555555555555 
775.0 4.043478260869565 

695.0 4.052631578947368 
830.0 4.033333333333333 
726.0 4.045454545454546 
808.0 4.043478260869565 
709.0 4.0476190476190474 
819.0 4.037037037037037 
825.0 4.035714285714286 
810.0 4.041666666666667 

864.0 4.037037037037037 
650.0 4.111111111111111 
765.0 4.0476190476190474 
841.0 4.045454545454546 
652.0 4.1 
701.0 4.0625 
689.0 4.090909090909091 
696.0 4.076923076923077 
730.0 4.055555555555555 
755.0 4.052631578947368 
720.0 4.0588235294117645 
692.0 4.083333333333333 
852.0 4.043478260869565 
854.0 4.038461538461538 
756.0 4.05 

