0.6598890942698706 0.3239910313901346 
0.11275415896487985 0.33873749568816824 
0.24953789279112754 0.32631942048982404 
0.4805914972273567 0.32431650513525245 
0.4232902033271719 0.3258594917787744 
0.16081330868761554 0.3354260089686098 
0.18853974121996303 0.33408071748878926 
0.19038817005545286 0.3318385650224215 
0.20702402957486138 0.3292761050608584 
0.20517560073937152 0.3308945008260561 
0.24214417744916822 0.3273542600896862 
0.43068391866913125 0.32543241511851373 
0.46210720887245843 0.3250347920210298 
0.2255083179297597 0.32857725234406865 
0.23105360443622922 0.32793916942873863 
0.4658040665434381 0.32466367713004485 

0.08687615526802218 0.9889930697105584 
0.8059149722735675 0.3239910313901346 
0.09242144177449169 0.9865470852017936 
0.12384473197781885 0.34977578475336313 
0.5748613678373382 0.32431650513525245 
0.5083179297597042 0.32631942048982404 
0.3234750462107209 0.3268161434977579 
0.23290203327171904 0.32857725234406865 
0.3049907578558225 0.32793916942873863 
0.512014787430684 0.32543241511851373 
0.5489833641404805 0.3250347920210298 
0.5508317929759704 0.32466367713004485 
0.1922365988909427 0.33289369559482984 
0.17190388170055454 0.33408071748878926 
0.2033271719038817 0.3308945008260561 
0.12754158964879853 0.3432531593966571 
0.22181146025878004 0.3300448430493273 
0.15526802218114602 0.3354260089686098 
0.14048059149722736 0.3408071748878923 
0.31608133086876156 0.3273542600896862 
0.1478743068391867 0.3369634849455477 
0.2255083179297597 0.3292761050608584 

0.07024029574861368 0.3408071748878923 
0.40850277264325324 0.32631942048982404 
0.24953789279112754 0.3300448430493273 
0.4011090573012939 0.3268161434977579 
0.1367837338262477 0.33873749568816824 
0.14972273567467653 0.33408071748878926 
0.19038817005545286 0.3308945008260561 
0.1478743068391867 0.3369634849455477 
0.16635859519408502 0.33289369559482984 
0.17744916820702403 0.3318385650224215 

0.09796672828096119 0.34977578475336313 
0.5600739371534196 0.32431650513525245 
0.3659889094269871 0.3258594917787744 
0.5526802218114603 0.32466367713004485 
0.27911275415896486 0.3354260089686098 
0.10536044362292052 0.3461883408071748 
0.29390018484288355 0.3300448430493273 
0.17375231053604437 0.3432531593966571 
0.2199630314232902 0.3369634849455477 
0.3179297597042514 0.3273542600896862 
0.19038817005545286 0.3408071748878923 
0.21256931608133087 0.33873749568816824 
0.35489833641404805 0.3268161434977579 

0.6377079482439926 0.32466367713004485 
0.15711645101663585 0.3408071748878923 
0.17744916820702403 0.3369634849455477 
0.19408502772643252 0.3308945008260561 
0.30129390018484287 0.32631942048982404 
0.46950092421441775 0.3258594917787744 
0.47504621072088726 0.32543241511851373 
0.22920517560073936 0.32793916942873863 
0.2532347504621072 0.3268161434977579 
0.20147874306839186 0.3300448430493273 
0.17005545286506468 0.33873749568816824 

0.8724584103512015 0.32339752044315484 
0.15526802218114602 0.3408071748878923 
0.4491682070240296 0.32431650513525245 
0.66728280961183 0.3239910313901346 
0.6746765249537893 0.32368528332653895 
0.2735674676524954 0.32793916942873863 
0.39186691312384475 0.3273542600896862 
0.17190388170055454 0.33873749568816824 
0.1977818853974122 0.33289369559482984 
0.21256931608133087 0.3308945008260561 
0.21626617375231053 0.3300448430493273 
0.17375231053604437 0.3369634849455477 
0.18114602587800369 0.3354260089686098 
0.26247689463955637 0.3292761050608584 
0.19408502772643252 0.33408071748878926 
0.3974121996303142 0.3258594917787744 
0.39371534195933455 0.3268161434977579 
0.4269870609981516 0.32466367713004485 
0.266173752310536 0.32857725234406865 
0.4029574861367837 0.32543241511851373 
0.4214417744916821 0.3250347920210298 

0.39926062846580407 0.32631942048982404 
0.1645101663585952 0.34977578475336313 
0.3031423290203327 0.3268161434977579 
0.17190388170055454 0.3461883408071748 
0.20517560073937152 0.33873749568816824 
0.20702402957486138 0.33408071748878926 
0.2255083179297597 0.33289369559482984 
0.24399260628465805 0.3318385650224215 
0.25508317929759705 0.3308945008260561 
0.26247689463955637 0.3300448430493273 
0.2735674676524954 0.3292761050608584 
0.27911275415896486 0.32857725234406865 
0.2902033271719039 0.32793916942873863 
0.2957486136783734 0.3273542600896862 

0.4269870609981516 0.32543241511851373 
0.08872458410351201 0.3542600896860987 
0.17744916820702403 0.3408071748878923 
0.2144177449168207 0.33873749568816824 
0.25508317929759705 0.33289369559482984 
0.3456561922365989 0.3273542600896862 
0.2920517560073937 0.3308945008260561 
0.38817005545286504 0.32631942048982404 
0.3290203327171904 0.32857725234406865 
0.39926062846580407 0.3258594917787744 
0.2735674676524954 0.3318385650224215 
0.3345656192236599 0.32793916942873863 

0.1866913123844732 0.3308945008260561 
0.43622920517560076 0.32466367713004485 
0.24399260628465805 0.32857725234406865 
0.3955637707948244 0.32793916942873863 
0.21256931608133087 0.3292761050608584 
0.41589648798521256 0.3258594917787744 
0.4269870609981516 0.32543241511851373 
0.39926062846580407 0.3273542600896862 

0.49907578558225507 0.3258594917787744 
0.10351201478743069 0.34977578475336313 
0.31608133086876156 0.3292761050608584 
0.4565619223659889 0.32857725234406865 
0.10720887245841035 0.3461883408071748 
0.1977818853974122 0.33408071748878926 
0.1756007393715342 0.3432531593966571 
0.18853974121996303 0.33873749568816824 
0.2513863216266174 0.3318385650224215 
0.2975970425138632 0.3308945008260561 
0.23290203327171904 0.33289369559482984 
0.18114602587800369 0.3408071748878923 
0.47689463955637706 0.32793916942873863 
0.4805914972273567 0.32631942048982404 
0.29944547134935307 0.3300448430493273 

