0.133086876155268 0.9955156950672645 
0.5526802218114603 0.32631942048982404 
0.14048059149722736 0.9919282511210761 
0.16081330868761554 0.3461883408071748 
0.23475046210720887 0.3308945008260561 
0.3900184842883549 0.3300448430493273 
0.3974121996303142 0.3292761050608584 
0.49722735674676527 0.32857725234406865 
0.16820702402957485 0.3408071748878923 
0.1922365988909427 0.33873749568816824 
0.5046210720887245 0.32793916942873863 
0.5286506469500925 0.3273542600896862 
0.21256931608133087 0.3369634849455477 
0.21626617375231053 0.3318385650224215 
0.5360443622920518 0.3268161434977579 
0.1645101663585952 0.3432531593966571 

0.23844731977818853 0.32857725234406865 
0.14602587800369685 0.3408071748878923 
0.19038817005545286 0.3369634849455477 
0.1977818853974122 0.3308945008260561 
0.19593345656192238 0.3354260089686098 
0.20517560073937152 0.3300448430493273 
0.22181146025878004 0.3292761050608584 

0.1256931608133087 0.3408071748878923 
0.32162661737523107 0.32857725234406865 
0.19593345656192238 0.3300448430493273 
0.2975970425138632 0.3292761050608584 
0.1645101663585952 0.3308945008260561 
0.13493530499075784 0.3369634849455477 
0.1589648798521257 0.33408071748878926 
0.14972273567467653 0.3354260089686098 

0.14972273567467653 0.3542600896860987 
0.5360443622920518 0.32543241511851373 
0.15157116451016636 0.3461883408071748 
0.2828096118299446 0.3432531593966571 
0.3068391866913124 0.3408071748878923 
0.3974121996303142 0.33408071748878926 
0.36414048059149723 0.3354260089686098 
0.33271719038817005 0.33873749568816824 
0.40850277264325324 0.3308945008260561 
0.3456561922365989 0.3369634849455477 
0.41035120147874304 0.3300448430493273 
0.43807763401109057 0.3292761050608584 
0.4805914972273567 0.3268161434977579 
0.5046210720887245 0.32631942048982404 
0.512014787430684 0.3258594917787744 
0.4565619223659889 0.32857725234406865 
0.4676524953789279 0.3273542600896862 
0.4602587800369686 0.32793916942873863 

0.14417744916820702 0.3461883408071748 
0.6617375231053605 0.3273542600896862 
0.33086876155268025 0.3300448430493273 
0.4602587800369686 0.3292761050608584 
0.1977818853974122 0.3408071748878923 
0.29944547134935307 0.3369634849455477 
0.5600739371534196 0.32793916942873863 
0.16081330868761554 0.3432531593966571 
0.4676524953789279 0.32857725234406865 
0.25693160813308685 0.33873749568816824 
0.3197781885397412 0.3308945008260561 
0.3049907578558225 0.33408071748878926 

0.13123844731977818 0.34977578475336313 
0.711645101663586 0.32431650513525245 
0.6469500924214417 0.3250347920210298 
0.4879852125693161 0.32543241511851373 
0.24399260628465805 0.3308945008260561 
0.3900184842883549 0.3300448430493273 
0.14972273567467653 0.3432531593966571 
0.22365988909426987 0.33873749568816824 
0.22735674676524953 0.3369634849455477 
0.22920517560073936 0.33289369559482984 
0.14602587800369685 0.3461883408071748 
0.4565619223659889 0.3268161434977579 
0.4269870609981516 0.32857725234406865 
0.41035120147874304 0.3292761050608584 
0.23290203327171904 0.3318385650224215 
0.4805914972273567 0.3258594917787744 

0.09796672828096119 0.34977578475336313 
0.5693160813308688 0.32466367713004485 
0.17190388170055454 0.33408071748878926 
0.1256931608133087 0.3432531593966571 
0.43253234750462105 0.3250347920210298 
0.09981515711645102 0.3461883408071748 
0.23844731977818853 0.33289369559482984 
0.3456561922365989 0.3258594917787744 
0.41035120147874304 0.32543241511851373 
0.26062846580406657 0.3318385650224215 
0.2828096118299446 0.3300448430493273 
0.3142329020332717 0.32857725234406865 
0.3031423290203327 0.3292761050608584 
0.2754158964879852 0.3308945008260561 
0.3234750462107209 0.3268161434977579 
0.3419593345656192 0.32631942048982404 
0.3197781885397412 0.3273542600896862 

0.12199630314232902 0.3542600896860987 
0.5711645101663586 0.32793916942873863 
0.3364140480591497 0.3300448430493273 
0.5637707948243993 0.32857725234406865 
0.1256931608133087 0.3461883408071748 
0.2088724584103512 0.3408071748878923 
0.21256931608133087 0.33873749568816824 
0.25508317929759705 0.3369634849455477 
0.29944547134935307 0.3308945008260561 
0.2809611829944547 0.3318385650224215 
0.266173752310536 0.3354260089686098 
0.2698706099815157 0.33408071748878926 
0.27726432532347506 0.33289369559482984 

0.10351201478743069 0.34977578475336313 
0.21256931608133087 0.3369634849455477 
0.13123844731977818 0.3432531593966571 
0.10536044362292052 0.3461883408071748 
0.1645101663585952 0.3408071748878923 
0.1977818853974122 0.33873749568816824 

0.08872458410351201 0.34977578475336313 
0.36968576709796674 0.3268161434977579 
0.11275415896487985 0.3408071748878923 
0.2033271719038817 0.3292761050608584 
0.3142329020332717 0.32857725234406865 
0.16266173752310537 0.3318385650224215 
0.14602587800369685 0.3369634849455477 
0.1367837338262477 0.33873749568816824 
0.17929759704251386 0.3308945008260561 
0.3345656192236599 0.32793916942873863 
0.19593345656192238 0.3300448430493273 
0.35304990757855825 0.3273542600896862 

