0.31952662721893493 0.3279816513761467 
0.20315581854043394 0.3297655453618756 
0.11045364891518737 0.347604485219164 
0.46548323471400394 0.3258875149581173 
0.23865877712031558 0.3288266537904393 
0.4437869822485207 0.3265221017514597 
0.6015779092702169 0.3247706422018349 
0.5838264299802761 0.3253058103975536 
0.42011834319526625 0.32721712538226294 
0.1893491124260355 0.33333333333333326 
0.11439842209072978 0.33868501529051975 
0.15779092702169625 0.3348623853211008 
0.14595660749506903 0.33662667607621727 
