1462.0 97.01923076923077 
1453.0 464.0344827586207 
1452.0 465.03333333333336 
1459.0 109.0204081632653 
1613.0 95.01408450704226 
1539.0 95.01449275362319 
1529.0 95.01470588235294 
1461.0 103.01923076923077 
2229.0 95.00869565217391 
1939.0 95.01030927835052 
2215.0 95.00934579439253 
1834.0 95.01149425287356 
1826.0 95.01176470588236 
1709.0 95.01190476190476 
1464.0 95.01724137931035 
1474.0 95.01694915254237 
1624.0 95.01298701298701 
1498.0 95.01515151515152 
1492.0 95.01538461538462 
1448.0 465.037037037037 
