0.03424442349984291 0.025354803723139255 
0.031416902293433864 0.9544166426209868 
0.03110273327049953 0.956945131414563 
0.0333019164310399 0.05573456554013134 
0.08168394596292805 0.02027897958910064 
0.058435438265786996 0.020280013023861586 
0.05529374803644361 0.02028055253759709 
0.033930254476908575 0.04054319440492006 
0.27521206409048066 0.020265338250256 
0.18410304743952247 0.020269422981053442 
0.27081369776939995 0.020266984019258517 
0.1511153000314169 0.020272422623720764 
0.1486019478479422 0.020273107248047206 
0.11184417216462457 0.020273461785644802 
0.034872761545711596 0.02028697089065735 
0.038014451775054976 0.02028623114827072 
0.08513980521520578 0.02027620139435364 
0.04555450832547911 0.020281680611771314 
0.043669494187873074 0.02028227068133938 
0.029846057178762174 0.9569545069643665 
