1454.0 465.037037037037 
1953.0 97.01063829787235 
1458.0 459.03333333333336 
1463.0 109.02325581395348 
1829.0 97.01298701298701 
1746.0 97.01315789473684 
1843.0 97.01149425287356 
1924.0 97.01136363636364 
1520.0 97.01694915254237 
1577.0 97.01587301587301 
1695.0 97.01333333333334 
1618.0 97.01470588235294 
1663.0 97.01428571428572 
1670.0 97.01351351351352 
1596.0 97.01492537313433 
1945.0 97.01086956521739 
1480.0 97.02127659574468 
1499.0 97.02083333333333 
1593.0 97.015625 
1470.0 98.02222222222223 
1515.0 97.01818181818182 
1506.0 97.01960784313725 
1466.0 104.02272727272727 
1467.0 103.02173913043478 
1836.0 97.01204819277109 
1669.0 97.01408450704226 
1476.0 98.02127659574468 
1479.0 98.02083333333333 
1519.0 97.01754385964912 
1502.0 97.0204081632653 
1505.0 97.02 
1595.0 97.01538461538462 
