1433.0 467.037037037037 
2109.0 89.0091743119266 
1435.0 465.037037037037 
1460.0 111.02439024390245 
1700.0 95.01149425287356 
1920.0 89.01298701298701 
1599.0 95.01408450704226 
1685.0 95.01298701298701 
1946.0 89.01234567901234 
2006.0 89.01204819277109 
2014.0 89.01162790697674 
2061.0 89.01052631578948 
1524.0 95.01694915254237 
1565.0 95.01666666666667 
2072.0 89.00980392156863 
1488.0 95.01818181818182 
1517.0 95.01785714285714 
1924.0 89.01282051282051 
1462.0 105.02272727272727 
1480.0 97.01851851851852 
1584.0 95.01492537313433 
1596.0 95.01470588235294 
1577.0 95.01639344262296 
1477.0 101.01851851851852 
2065.0 89.01041666666667 
1464.0 103.02173913043478 
1467.0 101.02173913043478 
1485.0 95.01923076923077 
1518.0 95.01724137931035 
1695.0 95.01190476190476 
1689.0 95.0126582278481 
1581.0 95.01612903225806 
1473.0 101.0204081632653 
1470.0 101.02083333333333 
1583.0 95.015625 
