0.027281584930172135 0.9397292255790642 
0.029230269568041572 0.09642445394806237 
0.03150373497888925 0.06750128967218323 
0.028255927249106853 0.11329179353298516 
0.029555050341019812 0.08677857842101826 
0.028580708022085094 0.09883126640578353 
0.03020461188697629 0.08195875487389406 
0.03247807729782397 0.06750038114275068 
0.03280285807080221 0.0626815410323837 
0.034101981162715164 0.06267982492123328 
0.023708996427411498 0.9541914917449549 
0.02987983111399805 0.08196294516964221 
0.025332900292302694 0.9493878370551039 
0.03085417343293277 0.07714410505927523 
0.026632023384215654 0.9493795095664339 
0.026956804157193894 0.9469754497338426 
0.17083468658655407 0.0626567187103866 
0.13868139006170835 0.06265837353185308 
0.08898993179603767 0.06266495195792966 
0.0597596622279961 0.06266570501936278 
0.08736602793114648 0.06266532378201227 
0.03864891198441052 0.06267116752468342 
0.05456316986034427 0.0626696263178251 
0.12828840532640468 0.06266056834769283 
0.13380967846703476 0.0626603041568973 
0.03572588502760637 0.06267536303224219 
0.13673270542383892 0.0626590616754332 
0.056187073725235466 0.06266690892678539 
0.058460539136083144 0.06266609603202994 
0.024033777200389735 0.9517865007707553 
0.055862292952257225 0.06266821178550307 
0.025008119519324457 0.951778134728897 
0.037674569665475804 0.06267345079410315 
0.03670022734654108 0.06267470472075172 
0.02013640792465086 0.9590287043394028 
0.2396882104579409 0.04820079047136998 
0.02078596947060734 0.9542098642290359 
0.10685287430984086 0.06266290051471538 
0.17830464436505358 0.04820997686976935 
0.18674894446248783 0.04820843162682871 
0.2062357908411822 0.0482077148575129 
0.2088340370250081 0.048206702212491084 
0.2240987333549854 0.04820404801659188 
0.22767132185774602 0.04820230746546843 
0.17960376745696655 0.04820957570092899 
0.22539785644689833 0.048203783825796355 
0.10522897044494967 0.06266388960340798 
