1439.0 469.03225806451616 
1765.0 100.01204819277109 
1461.0 469.0285714285714 
1462.0 114.02173913043478 
1572.0 100.01369863013699 
1624.0 100.01315789473684 
1693.0 100.0125 
1737.0 100.01219512195122 
1655.0 100.01282051282051 
1519.0 100.01538461538462 
1555.0 100.01515151515152 
1478.0 100.01639344262296 
1511.0 100.015625 
1443.0 469.03125 
1561.0 100.01428571428572 
1464.0 108.02083333333333 
1467.0 106.02173913043478 
1468.0 102.0204081632653 
1556.0 100.01492537313433 
1472.0 100.01923076923077 
1470.0 102.02 
1475.0 100.01724137931035 
