1441.0 468.03846153846155 
3034.0 95.00892857142857 
1447.0 466.0357142857143 
1462.0 117.02380952380952 
2780.0 95.01041666666667 
2271.0 95.01052631578948 
1876.0 95.01190476190476 
2179.0 95.01162790697674 
2818.0 95.00970873786407 
3018.0 95.00952380952381 
1776.0 95.01298701298701 
1645.0 95.01492537313433 
1725.0 95.01428571428572 
1626.0 95.01639344262296 
1547.0 95.01694915254237 
1488.0 95.01886792452831 
1540.0 95.01851851851852 
2223.0 95.01149425287356 
1474.0 109.02439024390245 
1745.0 95.01351351351352 
1476.0 103.02222222222223 
1478.0 103.0204081632653 
1480.0 97.02083333333333 
2804.0 95.01030927835052 
1465.0 112.02380952380952 
1743.0 95.01408450704226 
2225.0 95.01123595505618 
2242.0 95.01098901098901 
2257.0 95.01075268817205 
1464.0 115.02380952380952 
1627.0 95.01587301587301 
1641.0 95.01538461538462 
2258.0 95.01063829787235 
1443.0 466.037037037037 
1485.0 95.01960784313725 
1482.0 97.01960784313725 
3024.0 95.00934579439253 
1543.0 95.01724137931035 
1541.0 95.01818181818182 
1643.0 95.01515151515152 
