1444.0 465.03225806451616 
2658.0 95.00763358778626 
1468.0 462.02941176470586 
1473.0 107.01818181818182 
1897.0 95.00892857142857 
2356.0 95.00884955752213 
2535.0 95.00813008130082 
2403.0 95.00840336134453 
1798.0 95.00961538461539 
2625.0 95.0078125 
1731.0 95.01204819277109 
1645.0 95.01234567901234 
1555.0 95.0126582278481 
1640.0 95.0125 
1490.0 95.01492537313433 
1539.0 95.01428571428572 
2381.0 95.00854700854701 
1762.0 95.01149425287356 
1741.0 95.01162790697674 
1766.0 95.01052631578948 
1783.0 95.01041666666667 
2365.0 95.00862068965517 
1474.0 103.01960784313725 
1475.0 101.01724137931035 
1478.0 97.01886792452831 
1481.0 95.01666666666667 
1462.0 462.030303030303 
1792.0 95.00990099009901 
1479.0 97.01639344262296 
1459.0 463.03125 
1455.0 464.0263157894737 
1544.0 95.01315789473684 
1551.0 95.01282051282051 
1445.0 464.03125 
1735.0 95.01176470588236 
1451.0 464.02702702702703 
1543.0 95.01369863013699 
1448.0 464.02777777777777 
1487.0 95.01587301587301 
1484.0 95.01639344262296 
