1440.0 472.04 
2612.0 95.00833333333334 
1449.0 471.037037037037 
1461.0 109.02380952380952 
1977.0 95.00952380952381 
2180.0 95.00934579439253 
2206.0 95.00892857142857 
2407.0 95.00884955752213 
2456.0 95.00869565217391 
1805.0 95.01234567901234 
1705.0 95.0125 
1878.0 95.01162790697674 
1810.0 95.01176470588236 
1557.0 95.01492537313433 
1608.0 95.01470588235294 
1964.0 95.01030927835052 
1915.0 95.01063829787235 
2453.0 95.00877192982456 
1646.0 95.01449275362319 
1554.0 95.015625 
1522.0 95.01587301587301 
1468.0 97.01960784313725 
1476.0 95.01923076923077 
1499.0 95.01851851851852 
1466.0 103.02127659574468 
1463.0 103.02222222222223 
1899.0 95.01086956521739 
1462.0 109.02272727272727 
1654.0 95.01408450704226 
1670.0 95.01351351351352 
2194.0 95.0091743119266 
1693.0 95.0126582278481 
1676.0 95.01333333333334 
2205.0 95.00909090909092 
1687.0 95.01282051282051 
1473.0 95.02 
1513.0 95.01639344262296 
1444.0 472.03846153846155 
1445.0 471.03846153846155 
1506.0 95.01694915254237 
1649.0 95.01428571428572 
1502.0 95.01754385964912 
1501.0 95.01785714285714 
