1439.0 469.03225806451616 
1765.0 100.01204819277109 
1461.0 469.0285714285714 
1462.0 114.02173913043478 
1572.0 100.01369863013699 
1624.0 100.01315789473684 
1693.0 100.0125 
1737.0 100.01219512195122 
1655.0 100.01282051282051 
1519.0 100.01538461538462 
1555.0 100.01515151515152 
1478.0 100.01639344262296 
1511.0 100.015625 
1443.0 469.03125 
1561.0 100.01428571428572 
1464.0 108.02083333333333 
1467.0 106.02173913043478 
1468.0 102.0204081632653 
1556.0 100.01492537313433 
1472.0 100.01923076923077 
1470.0 102.02 
1475.0 100.01724137931035 

1453.0 470.03225806451616 
2158.0 95.01333333333334 
1459.0 459.0263157894737 
1473.0 109.02272727272727 
1979.0 95.01470588235294 
1794.0 95.015625 
2005.0 95.01388888888889 
1778.0 95.01639344262296 
1719.0 95.01666666666667 
1534.0 95.01851851851852 
1586.0 95.01785714285714 
1638.0 95.01724137931035 
1684.0 95.01694915254237 
1630.0 95.01754385964912 
1516.0 95.01960784313725 
1490.0 95.0204081632653 
1480.0 95.02083333333333 
1455.0 459.02702702702703 
1476.0 103.02222222222223 

1440.0 472.04 
2612.0 95.00833333333334 
1449.0 471.037037037037 
1461.0 109.02380952380952 
1977.0 95.00952380952381 
2180.0 95.00934579439253 
2206.0 95.00892857142857 
2407.0 95.00884955752213 
2456.0 95.00869565217391 
1805.0 95.01234567901234 
1705.0 95.0125 
1878.0 95.01162790697674 
1810.0 95.01176470588236 
1557.0 95.01492537313433 
1608.0 95.01470588235294 
1964.0 95.01030927835052 
1915.0 95.01063829787235 
2453.0 95.00877192982456 
1646.0 95.01449275362319 
1554.0 95.015625 
1522.0 95.01587301587301 
1468.0 97.01960784313725 
1476.0 95.01923076923077 
1499.0 95.01851851851852 
1466.0 103.02127659574468 
1463.0 103.02222222222223 
1899.0 95.01086956521739 
1462.0 109.02272727272727 
1654.0 95.01408450704226 
1670.0 95.01351351351352 
2194.0 95.0091743119266 
1693.0 95.0126582278481 
1676.0 95.01333333333334 
2205.0 95.00909090909092 
1687.0 95.01282051282051 
1473.0 95.02 
1513.0 95.01639344262296 
1444.0 472.03846153846155 
1445.0 471.03846153846155 
1506.0 95.01694915254237 
1649.0 95.01428571428572 
1502.0 95.01754385964912 
1501.0 95.01785714285714 

1441.0 468.03846153846155 
3034.0 95.00892857142857 
1447.0 466.0357142857143 
1462.0 117.02380952380952 
2780.0 95.01041666666667 
2271.0 95.01052631578948 
1876.0 95.01190476190476 
2179.0 95.01162790697674 
2818.0 95.00970873786407 
3018.0 95.00952380952381 
1776.0 95.01298701298701 
1645.0 95.01492537313433 
1725.0 95.01428571428572 
1626.0 95.01639344262296 
1547.0 95.01694915254237 
1488.0 95.01886792452831 
1540.0 95.01851851851852 
2223.0 95.01149425287356 
1474.0 109.02439024390245 
1745.0 95.01351351351352 
1476.0 103.02222222222223 
1478.0 103.0204081632653 
1480.0 97.02083333333333 
2804.0 95.01030927835052 
1465.0 112.02380952380952 
1743.0 95.01408450704226 
2225.0 95.01123595505618 
2242.0 95.01098901098901 
2257.0 95.01075268817205 
1464.0 115.02380952380952 
1627.0 95.01587301587301 
1641.0 95.01538461538462 
2258.0 95.01063829787235 
1443.0 466.037037037037 
1485.0 95.01960784313725 
1482.0 97.01960784313725 
3024.0 95.00934579439253 
1543.0 95.01724137931035 
1541.0 95.01818181818182 
1643.0 95.01515151515152 

1435.0 472.0357142857143 
2624.0 97.00847457627118 
1447.0 471.0344827586207 
1458.0 116.02439024390245 
1735.0 97.01234567901234 
1879.0 97.01219512195122 
2061.0 97.00980392156863 
2175.0 97.00943396226415 
2253.0 97.00934579439253 
2359.0 97.00925925925925 
1634.0 97.01315789473684 
2383.0 97.00884955752213 
2460.0 97.00862068965517 
2543.0 97.00854700854701 
1957.0 97.01052631578948 
2022.0 97.01020408163265 
1568.0 97.01369863013699 
1628.0 97.01333333333334 
1544.0 97.01754385964912 
1498.0 97.01785714285714 
1473.0 97.01851851851852 
1462.0 105.0204081632653 
1902.0 97.01204819277109 
2038.0 97.00990099009901 
1459.0 110.02272727272727 
1471.0 99.01923076923077 
1492.0 97.01818181818182 
1907.0 97.01149425287356 
1921.0 97.01136363636364 
2372.0 97.0091743119266 
1946.0 97.01086956521739 
1934.0 97.0111111111111 
1444.0 471.037037037037 
1437.0 472.03333333333336 
1928.0 97.01123595505618 
1562.0 97.01388888888889 
1553.0 97.01449275362319 
1558.0 97.01408450704226 
1548.0 97.01694915254237 
1549.0 97.01587301587301 

1464.0 103.02 
2429.0 95.01 
1469.0 101.01818181818182 
1471.0 97.01923076923077 
1472.0 95.01923076923077 
1467.0 103.01960784313725 
1468.0 101.02083333333333 
2233.0 95.0111111111111 
2401.0 95.01086956521739 
1966.0 95.01136363636364 
2119.0 95.01123595505618 
1910.0 95.01234567901234 
1811.0 95.0125 
1788.0 95.01388888888889 
1725.0 95.01408450704226 
1541.0 95.01587301587301 
1599.0 95.015625 
1487.0 95.01724137931035 
1918.0 95.01162790697674 
1678.0 95.01428571428572 
1642.0 95.01449275362319 
1633.0 95.01538461538462 
2414.0 95.01020408163265 
2411.0 95.01075268817205 
1797.0 95.01315789473684 
1914.0 95.01190476190476 
1634.0 95.01492537313433 
1805.0 95.0126582278481 
1476.0 95.01851851851852 
1482.0 95.01754385964912 

1476.0 95.0204081632653 
1444.0 465.02941176470586 
1456.0 462.03333333333336 
1461.0 109.02439024390245 
1463.0 103.02173913043478 
1449.0 463.0357142857143 
1470.0 101.02127659574468 
1474.0 97.02127659574468 
1466.0 101.02173913043478 
1453.0 463.03225806451616 
1454.0 462.0344827586207 

1454.0 465.037037037037 
1953.0 97.01063829787235 
1458.0 459.03333333333336 
1463.0 109.02325581395348 
1829.0 97.01298701298701 
1746.0 97.01315789473684 
1843.0 97.01149425287356 
1924.0 97.01136363636364 
1520.0 97.01694915254237 
1577.0 97.01587301587301 
1695.0 97.01333333333334 
1618.0 97.01470588235294 
1663.0 97.01428571428572 
1670.0 97.01351351351352 
1596.0 97.01492537313433 
1945.0 97.01086956521739 
1480.0 97.02127659574468 
1499.0 97.02083333333333 
1593.0 97.015625 
1470.0 98.02222222222223 
1515.0 97.01818181818182 
1506.0 97.01960784313725 
1466.0 104.02272727272727 
1467.0 103.02173913043478 
1836.0 97.01204819277109 
1669.0 97.01408450704226 
1476.0 98.02127659574468 
1479.0 98.02083333333333 
1519.0 97.01754385964912 
1502.0 97.0204081632653 
1505.0 97.02 
1595.0 97.01538461538462 

1444.0 465.03225806451616 
2658.0 95.00763358778626 
1468.0 462.02941176470586 
1473.0 107.01818181818182 
1897.0 95.00892857142857 
2356.0 95.00884955752213 
2535.0 95.00813008130082 
2403.0 95.00840336134453 
1798.0 95.00961538461539 
2625.0 95.0078125 
1731.0 95.01204819277109 
1645.0 95.01234567901234 
1555.0 95.0126582278481 
1640.0 95.0125 
1490.0 95.01492537313433 
1539.0 95.01428571428572 
2381.0 95.00854700854701 
1762.0 95.01149425287356 
1741.0 95.01162790697674 
1766.0 95.01052631578948 
1783.0 95.01041666666667 
2365.0 95.00862068965517 
1474.0 103.01960784313725 
1475.0 101.01724137931035 
1478.0 97.01886792452831 
1481.0 95.01666666666667 
1462.0 462.030303030303 
1792.0 95.00990099009901 
1479.0 97.01639344262296 
1459.0 463.03125 
1455.0 464.0263157894737 
1544.0 95.01315789473684 
1551.0 95.01282051282051 
1445.0 464.03125 
1735.0 95.01176470588236 
1451.0 464.02702702702703 
1543.0 95.01369863013699 
1448.0 464.02777777777777 
1487.0 95.01587301587301 
1484.0 95.01639344262296 

1433.0 467.037037037037 
2109.0 89.0091743119266 
1435.0 465.037037037037 
1460.0 111.02439024390245 
1700.0 95.01149425287356 
1920.0 89.01298701298701 
1599.0 95.01408450704226 
1685.0 95.01298701298701 
1946.0 89.01234567901234 
2006.0 89.01204819277109 
2014.0 89.01162790697674 
2061.0 89.01052631578948 
1524.0 95.01694915254237 
1565.0 95.01666666666667 
2072.0 89.00980392156863 
1488.0 95.01818181818182 
1517.0 95.01785714285714 
1924.0 89.01282051282051 
1462.0 105.02272727272727 
1480.0 97.01851851851852 
1584.0 95.01492537313433 
1596.0 95.01470588235294 
1577.0 95.01639344262296 
1477.0 101.01851851851852 
2065.0 89.01041666666667 
1464.0 103.02173913043478 
1467.0 101.02173913043478 
1485.0 95.01923076923077 
1518.0 95.01724137931035 
1695.0 95.01190476190476 
1689.0 95.0126582278481 
1581.0 95.01612903225806 
1473.0 101.0204081632653 
1470.0 101.02083333333333 
1583.0 95.015625 

