0.05355465079862198 0.05305874191896377 
0.017225180081428124 0.15826775480229247 
0.03288443470090824 0.15821604841334608 
0.043532727842154714 0.10567516331112459 
0.045098653304102725 0.10564014794640034 
0.023175696836830566 0.1582355143480081 
0.028186658315064204 0.1582255942082285 
0.021609771374882555 0.1582458312933791 
0.017851550266207328 0.15825656933856114 
0.01252740369558409 0.21087299073072197 
0.00845599749451926 0.7108337553726605 
0.009708737864077669 0.5529407414001198 
0.010021922956467273 0.3687572702719286 
0.011274663326025681 0.2108841761944533 
0.009082367679298466 0.6581874891583823 
0.010648293141246476 0.263524427487607 
