0.018477920450986535 0.2898088082826945 
0.014719699342311305 0.7108337553726605 
0.017538365173817728 0.34242522967485534 
0.01659880989664892 0.5002983237523306 
0.01534606952709051 0.6581874891583823 
0.015972439711869714 0.6055710677662216 
0.016285624804259317 0.5529546463740608 

0.015032884434700909 0.7108337553726605 
0.046664578766050735 0.1582355143480081 
0.026933917945505793 0.1582458312933791 
0.01816473535859693 0.15826775480229247 
0.01659880989664892 0.5003110330328603 
0.01691199498903852 0.31615355816029744 
0.01534606952709051 0.5529407414001198 

0.015972439711869714 0.31615355816029744 
0.05355465079862198 0.05305874191896377 
0.017225180081428124 0.15826775480229247 
0.03288443470090824 0.15821604841334608 
0.043532727842154714 0.10567516331112459 
0.045098653304102725 0.10564014794640034 
0.023175696836830566 0.1582355143480081 
0.028186658315064204 0.1582255942082285 
0.018477920450986535 0.15825656933856114 
0.021609771374882555 0.1582458312933791 

0.01096147823363608 0.5529546463740608 
0.038208581271531476 0.2897765678284101 
0.01252740369558409 0.39506548096800903 
0.018477920450986535 0.28979762281896315 
0.03069213905418102 0.2897868847737811 
0.017225180081428124 0.2898088082826945 
0.011274663326025681 0.500324320007959 

0.010021922956467273 0.7108497969645483 
0.01534606952709051 0.28979762281896315 
0.01096147823363608 0.4214135928936587 
0.010648293141246476 0.5793087434841462 
0.014093329157532102 0.2898088082826945 
0.01252740369558409 0.36876997955245827 
0.013466958972752897 0.34244905957584826 

0.031005324146570624 0.1582355143480081 
0.015032884434700909 0.7108337553726605 
0.017851550266207328 0.15825656933856114 
0.017225180081428124 0.44769461164069946 
0.02505480739116818 0.1582458312933791 
0.015972439711869714 0.5266464356779803 
0.01534606952709051 0.6581874891583823 
0.01659880989664892 0.5003110330328603 

0.01252740369558409 0.21087299073072197 
0.00845599749451926 0.7108337553726605 
0.009708737864077669 0.5529407414001198 
0.010021922956467273 0.3687572702719286 
0.011274663326025681 0.2108841761944533 
0.009082367679298466 0.6581874891583823 
0.010648293141246476 0.263524427487607 

0.020043845912934545 0.28979762281896315 
0.015032884434700909 0.7108337553726605 
0.015972439711869714 0.5529407414001198 
0.017225180081428124 0.39506548096800903 
0.018791105543376135 0.2898088082826945 
0.01659880989664892 0.5002983237523306 
0.01816473535859693 0.34242522967485534 

0.014406514249921704 0.6582173339804996 
0.031005324146570624 0.15825656933856114 
0.01816473535859693 0.15826775480229247 
0.01659880989664892 0.263524427487607 
0.015972439711869714 0.5266464356779803 
0.017538365173817728 0.2108841761944533 
0.01534606952709051 0.5792927018922583 
0.014719699342311305 0.6581874891583823 
0.015032884434700909 0.6055710677662216 

0.01534606952709051 0.6581874891583823 
0.020357031005324145 0.15825656933856114 
0.01973066082054494 0.28979762281896315 
0.01691199498903852 0.5003110330328603 
0.017225180081428124 0.34244905957584826 
0.016285624804259317 0.5529546463740608 
0.018791105543376135 0.2898088082826945 
0.017851550266207328 0.34242522967485534 

