1487.0 100.02083333333333 
1475.0 116.02439024390245 
1484.0 102.02083333333333 
1481.0 108.02173913043478 
1477.0 114.02325581395348 
1479.0 112.02325581395348 
1480.0 110.02325581395348 

1476.0 116.02439024390245 
1577.0 95.01960784313725 
1514.0 95.02 
1486.0 95.02083333333333 
1481.0 108.02222222222223 
1482.0 101.02222222222223 
1477.0 110.02272727272727 

1479.0 101.02222222222223 
1599.0 91.02173913043478 
1483.0 95.02083333333333 
1533.0 95.01886792452831 
1567.0 93.02173913043478 
1572.0 93.0204081632653 
1502.0 95.01960784313725 
1518.0 95.01923076923077 
1487.0 95.0204081632653 
1497.0 95.02 

1463.0 110.02325581395348 
1550.0 100.01960784313725 
1468.0 104.02173913043478 
1487.0 100.0204081632653 
1526.0 100.02 
1483.0 100.02083333333333 
1464.0 108.02272727272727 

1460.0 116.025 
1477.0 100.0204081632653 
1463.0 105.02325581395348 
1462.0 111.025 
1473.0 100.02083333333333 
1468.0 103.02222222222223 
1471.0 102.02173913043478 

1527.0 95.01960784313725 
1476.0 116.02439024390245 
1485.0 95.0204081632653 
1483.0 106.02222222222223 
1508.0 95.02 
1479.0 109.02325581395348 
1477.0 114.02325581395348 
1481.0 108.02222222222223 

1468.0 97.0204081632653 
1455.0 116.02439024390245 
1459.0 110.02272727272727 
1460.0 103.02173913043478 
1464.0 97.02083333333333 
1457.0 114.02325581395348 
1462.0 99.02173913043478 

1492.0 100.0204081632653 
1476.0 116.02439024390245 
1479.0 110.02272727272727 
1483.0 104.02173913043478 
1488.0 100.02083333333333 
1481.0 108.02173913043478 
1486.0 102.02083333333333 

1474.0 114.02439024390245 
1527.0 95.0204081632653 
1486.0 95.02083333333333 
1481.0 99.02173913043478 
1479.0 109.02325581395348 
1484.0 97.02083333333333 
1477.0 111.02439024390245 
1475.0 114.02325581395348 
1476.0 112.02325581395348 

1477.0 114.02325581395348 
1493.0 95.0204081632653 
1491.0 100.0204081632653 
1482.0 108.02222222222223 
1483.0 102.02173913043478 
1480.0 110.02325581395348 
1488.0 100.02083333333333 
1485.0 102.02083333333333 

