860.0 99.01923076923077 
809.0 584.0714285714286 
824.0 525.0625 
828.0 200.03225806451613 
838.0 184.03333333333333 
813.0 584.0666666666667 
814.0 541.0625 
839.0 113.02380952380952 
854.0 99.01960784313725 
849.0 99.02 
822.0 535.047619047619 
818.0 535.0526315789474 
830.0 198.03030303030303 
834.0 194.02857142857144 
836.0 192.02777777777777 
841.0 111.02272727272727 
845.0 105.02127659574468 
843.0 107.02222222222223 
847.0 101.02083333333333 
840.0 113.02325581395348 
844.0 107.02173913043478 
848.0 101.0204081632653 
