813.0 584.0666666666667 
866.0 94.01960784313725 
828.0 525.0625 
832.0 200.03125 
842.0 184.03225806451613 
843.0 113.02380952380952 
817.0 584.0625 
818.0 541.0588235294117 
822.0 541.0555555555555 
857.0 99.01960784313725 
858.0 96.02083333333333 
853.0 99.02 
838.0 192.02777777777777 
862.0 96.0204081632653 
849.0 105.02127659574468 
852.0 101.02083333333333 
834.0 198.03030303030303 
836.0 194.02857142857144 
846.0 111.02222222222223 
847.0 107.02222222222223 
864.0 94.02 
844.0 113.02325581395348 
