858.0 99.01960784313725 
825.0 542.0588235294117 
829.0 200.03125 
833.0 194.02857142857144 
836.0 113.02325581395348 
853.0 99.02 
848.0 101.02 
840.0 107.02173913043478 
844.0 101.0204081632653 

859.0 99.01960784313725 
813.0 608.0666666666667 
822.0 559.05 
825.0 224.03225806451613 
835.0 205.03333333333333 
837.0 115.02380952380952 
817.0 602.0555555555555 
818.0 565.0588235294117 
858.0 101.01923076923077 
852.0 101.01960784313725 
848.0 101.02 
832.0 216.02777777777777 
828.0 222.03030303030303 
829.0 218.02941176470588 
841.0 109.02222222222223 
844.0 107.02127659574468 
839.0 113.02272727272727 
846.0 103.02083333333333 

852.0 99.01960784313725 
813.0 584.0666666666667 
824.0 539.05 
828.0 200.03125 
836.0 113.02325581395348 
834.0 192.02777777777777 
816.0 582.0588235294117 
818.0 541.0588235294117 
840.0 107.02173913043478 
820.0 539.0526315789474 
844.0 107.02127659574468 
831.0 194.02857142857144 
830.0 198.03030303030303 
848.0 105.02083333333333 
849.0 101.02083333333333 
846.0 105.02127659574468 
851.0 99.02 

813.0 584.0666666666667 
866.0 94.01960784313725 
828.0 525.0625 
832.0 200.03125 
842.0 184.03225806451613 
843.0 113.02380952380952 
817.0 584.0625 
818.0 541.0588235294117 
822.0 541.0555555555555 
857.0 99.01960784313725 
858.0 96.02083333333333 
853.0 99.02 
838.0 192.02777777777777 
862.0 96.0204081632653 
849.0 105.02127659574468 
852.0 101.02083333333333 
834.0 198.03030303030303 
836.0 194.02857142857144 
846.0 111.02222222222223 
847.0 107.02222222222223 
864.0 94.02 
844.0 113.02325581395348 

815.0 584.0625 
858.0 99.01960784313725 
832.0 523.0526315789474 
833.0 200.03225806451613 
843.0 184.03333333333333 
844.0 113.02380952380952 
817.0 582.0555555555555 
820.0 541.0555555555555 
849.0 101.02083333333333 
826.0 539.047619047619 
854.0 99.02 
845.0 107.02222222222223 
837.0 194.02941176470588 
841.0 188.02702702702703 
830.0 525.0588235294117 
822.0 539.05 
835.0 198.03030303030303 

860.0 99.01923076923077 
809.0 584.0714285714286 
824.0 525.0625 
828.0 200.03225806451613 
838.0 184.03333333333333 
813.0 584.0666666666667 
814.0 541.0625 
839.0 113.02380952380952 
854.0 99.01960784313725 
849.0 99.02 
822.0 535.047619047619 
818.0 535.0526315789474 
830.0 198.03030303030303 
834.0 194.02857142857144 
836.0 192.02777777777777 
841.0 111.02272727272727 
845.0 105.02127659574468 
843.0 107.02222222222223 
847.0 101.02083333333333 
840.0 113.02325581395348 
844.0 107.02173913043478 
848.0 101.0204081632653 

813.0 608.0714285714286 
853.0 99.01960784313725 
828.0 546.0625 
829.0 224.03225806451613 
837.0 194.02857142857144 
839.0 113.02380952380952 
817.0 608.0666666666667 
818.0 565.0625 
822.0 565.0588235294117 
833.0 198.03030303030303 
845.0 105.02127659574468 
849.0 103.02083333333333 
831.0 200.03225806451613 
841.0 111.02272727272727 
844.0 107.02222222222223 
851.0 101.02 
850.0 101.02083333333333 
852.0 99.02 

810.0 584.0625 
855.0 96.0204081632653 
827.0 517.0555555555555 
828.0 200.03125 
846.0 96.02083333333333 
836.0 170.02941176470588 
840.0 113.02325581395348 
832.0 176.03225806451613 
818.0 517.0625 
842.0 102.02222222222223 
822.0 517.0588235294117 
813.0 560.0714285714286 
815.0 541.0555555555555 

857.0 99.01960784313725 
816.0 584.0714285714286 
825.0 541.0588235294117 
829.0 200.03225806451613 
837.0 188.02702702702703 
839.0 113.02325581395348 
820.0 584.0666666666667 
821.0 541.0625 
833.0 194.02941176470588 
842.0 107.02222222222223 
849.0 101.02083333333333 
846.0 107.02127659574468 
853.0 101.02 
848.0 104.02222222222223 

856.0 99.01960784313725 
810.0 584.0666666666667 
829.0 200.03125 
825.0 525.0625 
837.0 192.02702702702703 
838.0 113.02325581395348 
814.0 584.0625 
815.0 541.0588235294117 
823.0 541.0526315789474 
833.0 198.02941176470588 
844.0 111.02173913043478 
840.0 111.02222222222223 
852.0 99.02 
819.0 541.0555555555555 
848.0 105.02127659574468 
834.0 194.02857142857144 
845.0 107.02173913043478 
850.0 101.0204081632653 

