1451.0 465.03125 
2260.0 95.00925925925925 
1456.0 464.030303030303 
1458.0 114.02439024390245 
2135.0 95.00943396226415 
2005.0 95.01 
2120.0 95.00970873786407 
1808.0 95.0125 
1893.0 95.01219512195122 
1693.0 95.01369863013699 
1771.0 95.01333333333334 
2001.0 95.01041666666667 
1942.0 95.01063829787235 
1531.0 95.01694915254237 
1477.0 95.01724137931035 
1614.0 95.01428571428572 
1663.0 95.01388888888889 
1571.0 95.01515151515152 
1608.0 95.01449275362319 
1535.0 95.015625 
1569.0 95.01538461538462 
1460.0 109.02222222222223 
1462.0 103.01886792452831 
1930.0 95.01086956521739 
1464.0 101.01886792452831 
1466.0 97.01960784313725 
1781.0 95.01315789473684 
1902.0 95.01190476190476 
1912.0 95.01176470588236 
1901.0 95.01204819277109 
1795.0 95.01282051282051 
1803.0 95.0126582278481 
1468.0 95.01923076923077 
1788.0 95.01298701298701 
1471.0 95.01754385964912 
1916.0 95.01162790697674 
1922.0 95.01136363636364 
1454.0 465.02941176470586 
1925.0 95.01098901098901 
1533.0 95.01639344262296 
1924.0 95.01123595505618 
