1437.0 473.03225806451616 
2367.0 100.00819672131148 
1463.0 464.0357142857143 
1466.0 108.02222222222223 
1819.0 100.0111111111111 
2033.0 100.01098901098901 
2131.0 100.00892857142857 
2281.0 100.00877192982456 
1713.0 100.01298701298701 
1621.0 100.01351351351352 
1745.0 100.01176470588236 
2045.0 100.01052631578948 
2103.0 100.01030927835052 
2334.0 100.00869565217391 
1535.0 100.01639344262296 
1585.0 100.01612903225806 
1489.0 100.01886792452831 
1531.0 100.01818181818182 
1468.0 102.02083333333333 
2349.0 100.00840336134453 
2365.0 100.00833333333334 
1458.0 470.0416666666667 
1459.0 465.03846153846155 
1482.0 100.01960784313725 
1726.0 100.0125 
2130.0 100.00980392156863 
1608.0 100.01470588235294 
1733.0 100.01190476190476 
1596.0 100.01492537313433 
2118.0 100.00990099009901 
1455.0 471.037037037037 
1446.0 472.03333333333336 
1594.0 100.01538461538462 
2042.0 100.01086956521739 
2109.0 100.01010101010101 
1613.0 100.01388888888889 
1442.0 472.0344827586207 
1440.0 473.030303030303 
1461.0 464.037037037037 
1485.0 100.01923076923077 
1532.0 100.01785714285714 
