1437.0 465.030303030303 
2235.0 95.00689655172414 
1461.0 464.0232558139535 
1463.0 109.01818181818182 
2029.0 95.00735294117646 
1661.0 95.01204819277109 
1729.0 95.01162790697674 
1805.0 95.00961538461539 
1865.0 95.0091743119266 
1919.0 95.00840336134453 
1740.0 95.01123595505618 
1971.0 95.00833333333334 
1792.0 95.0111111111111 
1483.0 95.01612903225806 
1528.0 95.015625 
1553.0 95.01492537313433 
1595.0 95.01470588235294 
1882.0 95.00892857142857 
1633.0 95.01428571428572 
1601.0 95.01449275362319 
1441.0 464.0285714285714 
1459.0 464.0243902439024 
1988.0 95.008 
1465.0 103.01851851851852 
1541.0 95.01538461538462 
1803.0 95.01098901098901 
2013.0 95.00769230769231 
1999.0 95.0079365079365 
2002.0 95.0077519379845 
1467.0 101.01785714285714 
1468.0 97.01785714285714 
1470.0 95.01724137931035 
1660.0 95.01282051282051 
1650.0 95.01333333333334 
1641.0 95.01388888888889 
2022.0 95.00746268656717 
1549.0 95.01515151515152 
1871.0 95.00909090909092 
1878.0 95.009009009009 
1476.0 95.01694915254237 
1477.0 95.01639344262296 
1438.0 464.030303030303 
