1441.0 465.02777777777777 
2046.0 95.01162790697674 
1446.0 464.02702702702703 
1462.0 114.0204081632653 
1734.0 95.01351351351352 
1838.0 95.01315789473684 
1955.0 95.01219512195122 
1879.0 95.01234567901234 
1624.0 95.01470588235294 
1698.0 95.01449275362319 
1513.0 95.01639344262296 
1559.0 95.01612903225806 
1615.0 95.01538461538462 
1579.0 95.015625 
1847.0 95.01298701298701 
1870.0 95.0125 
1712.0 95.01369863013699 
1509.0 95.01724137931035 
1492.0 95.01785714285714 
1564.0 95.01587301587301 
1468.0 104.02 
1470.0 98.02222222222223 
1465.0 104.02272727272727 
1464.0 108.02 
1463.0 110.02439024390245 
1705.0 95.01428571428572 
1479.0 95.01923076923077 
1482.0 95.01851851851852 
1488.0 95.01818181818182 
1477.0 97.01923076923077 
1620.0 95.01492537313433 
1475.0 98.02 
1445.0 464.030303030303 
1472.0 98.0204081632653 
1442.0 465.0263157894737 
