1436.0 465.0357142857143 
2034.0 100.00847457627118 
1441.0 465.0344827586207 
1457.0 114.01923076923077 
1800.0 100.00980392156863 
1925.0 100.00952380952381 
1652.0 100.01234567901234 
1761.0 100.01219512195122 
1992.0 100.00934579439253 
1933.0 100.00943396226415 
1562.0 100.01388888888889 
1605.0 100.01333333333334 
1480.0 100.01694915254237 
1510.0 100.01639344262296 
2014.0 100.00892857142857 
1625.0 100.01298701298701 
1530.0 100.01515151515152 
1544.0 100.01470588235294 
1793.0 100.01020408163265 
1558.0 100.01428571428572 
1546.0 100.01449275362319 
1459.0 108.01818181818182 
1461.0 108.01666666666667 
1463.0 102.01923076923077 
1641.0 100.0125 
1778.0 100.0111111111111 
1788.0 100.01030927835052 
2023.0 100.00884955752213 
2032.0 100.00854700854701 
1473.0 100.01785714285714 
1519.0 100.015625 
1526.0 100.01538461538462 
1632.0 100.01282051282051 
1639.0 100.0126582278481 
1468.0 100.01851851851852 
1767.0 100.01204819277109 
1465.0 102.01666666666667 
1772.0 100.01190476190476 
1515.0 100.01587301587301 
1775.0 100.01162790697674 
1471.0 100.01818181818182 
