1441.0 465.0357142857143 
2162.0 95.00869565217391 
1445.0 464.03125 
1460.0 109.02222222222223 
1676.0 95.01123595505618 
2037.0 95.009009009009 
1776.0 95.0111111111111 
2067.0 95.00884955752213 
1579.0 95.01219512195122 
1669.0 95.01190476190476 
1851.0 95.01020408163265 
1929.0 95.01010101010101 
1960.0 95.00925925925925 
1796.0 95.01063829787235 
1486.0 95.01449275362319 
1532.0 95.01428571428572 
1545.0 95.01351351351352 
1572.0 95.01333333333334 
2062.0 95.00892857142857 
1463.0 103.02272727272727 
1948.0 95.00961538461539 
1786.0 95.01075268817205 
1480.0 95.01470588235294 
1475.0 101.01754385964912 
1478.0 97.01515151515152 
1542.0 95.01369863013699 
1937.0 95.01 
1473.0 103.01754385964912 
1953.0 95.00934579439253 
1779.0 95.01086956521739 
1941.0 95.00980392156863 
1536.0 95.01388888888889 
1674.0 95.01176470588236 
1442.0 464.0357142857143 
1576.0 95.01315789473684 
1469.0 103.02 
1466.0 103.02083333333333 
1534.0 95.01408450704226 
