1456.0 111.02325581395348 
2134.0 97.01086956521739 
1465.0 97.01785714285714 
1461.0 103.01851851851852 
1899.0 97.01098901098901 
1459.0 109.01960784313725 
1460.0 105.01923076923077 
1884.0 97.01162790697674 
1766.0 97.01176470588236 
1458.0 111.01886792452831 
1681.0 97.0125 
1754.0 97.01190476190476 
1588.0 97.01428571428572 
1535.0 97.01449275362319 
1479.0 97.01538461538462 
1531.0 97.01492537313433 
1594.0 97.01369863013699 
1644.0 97.01351351351352 
1652.0 97.01298701298701 
1676.0 97.01282051282051 
1893.0 97.01136363636364 
1471.0 97.01666666666667 
1649.0 97.01333333333334 
1897.0 97.0111111111111 
1477.0 97.01612903225806 
1474.0 97.01639344262296 

1435.0 471.03225806451616 
2246.0 95.01010101010101 
1443.0 465.03125 
1456.0 110.02173913043478 
1893.0 95.01098901098901 
2206.0 95.01063829787235 
1757.0 95.01176470588236 
1656.0 95.01219512195122 
1735.0 95.01190476190476 
1549.0 95.01538461538462 
1616.0 95.01492537313433 
1477.0 95.01754385964912 
1536.0 95.01666666666667 
2236.0 95.01030927835052 
2217.0 95.01041666666667 
1462.0 104.01886792452831 
1460.0 110.02 
1437.0 466.03225806451616 
1436.0 471.030303030303 
1466.0 98.01923076923077 
1465.0 102.01960784313725 
1647.0 95.01234567901234 
2215.0 95.01052631578948 
1623.0 95.01369863013699 
1631.0 95.01351351351352 
1468.0 96.01960784313725 
1439.0 465.03225806451616 
1464.0 102.0204081632653 
1474.0 96.01639344262296 
1622.0 95.01428571428572 
1544.0 95.01587301587301 
1617.0 95.01449275362319 
1642.0 95.01282051282051 
1540.0 95.01639344262296 
1635.0 95.01315789473684 
1639.0 95.01298701298701 
1471.0 96.01724137931035 
1459.0 110.02083333333333 

1441.0 465.02777777777777 
2046.0 95.01162790697674 
1446.0 464.02702702702703 
1462.0 114.0204081632653 
1734.0 95.01351351351352 
1838.0 95.01315789473684 
1955.0 95.01219512195122 
1879.0 95.01234567901234 
1624.0 95.01470588235294 
1698.0 95.01449275362319 
1513.0 95.01639344262296 
1559.0 95.01612903225806 
1615.0 95.01538461538462 
1579.0 95.015625 
1847.0 95.01298701298701 
1870.0 95.0125 
1712.0 95.01369863013699 
1509.0 95.01724137931035 
1492.0 95.01785714285714 
1564.0 95.01587301587301 
1468.0 104.02 
1470.0 98.02222222222223 
1465.0 104.02272727272727 
1464.0 108.02 
1463.0 110.02439024390245 
1705.0 95.01428571428572 
1479.0 95.01923076923077 
1482.0 95.01851851851852 
1488.0 95.01818181818182 
1477.0 97.01923076923077 
1620.0 95.01492537313433 
1475.0 98.02 
1445.0 464.030303030303 
1472.0 98.0204081632653 
1442.0 465.0263157894737 

2294.0 100.0091743119266 
1435.0 465.037037037037 
1445.0 464.03333333333336 
1462.0 111.02325581395348 
2156.0 100.00925925925925 
2030.0 100.01063829787235 
1925.0 100.01162790697674 
1840.0 100.01176470588236 
1757.0 100.01190476190476 
1952.0 100.01075268817205 
1688.0 100.0125 
1591.0 100.01538461538462 
1649.0 100.01515151515152 
1745.0 100.01204819277109 
1583.0 100.01612903225806 
1528.0 100.01639344262296 
2102.0 100.00943396226415 
2144.0 100.00934579439253 
1483.0 100.01694915254237 
1524.0 100.01666666666667 
2061.0 100.01020408163265 
2074.0 100.00952380952381 
1677.0 100.01351351351352 
1656.0 100.01369863013699 
1464.0 105.02173913043478 
1941.0 100.01136363636364 
1466.0 103.02127659574468 
1470.0 101.02173913043478 
2066.0 100.01 
2073.0 100.00970873786407 
1474.0 101.02127659574468 
1476.0 100.01818181818182 
1440.0 464.037037037037 
1588.0 100.015625 
1441.0 464.0357142857143 
1652.0 100.01428571428572 
1480.0 100.01754385964912 
1651.0 100.01492537313433 

1437.0 473.03225806451616 
2367.0 100.00819672131148 
1463.0 464.0357142857143 
1466.0 108.02222222222223 
1819.0 100.0111111111111 
2033.0 100.01098901098901 
2131.0 100.00892857142857 
2281.0 100.00877192982456 
1713.0 100.01298701298701 
1621.0 100.01351351351352 
1745.0 100.01176470588236 
2045.0 100.01052631578948 
2103.0 100.01030927835052 
2334.0 100.00869565217391 
1535.0 100.01639344262296 
1585.0 100.01612903225806 
1489.0 100.01886792452831 
1531.0 100.01818181818182 
1468.0 102.02083333333333 
2349.0 100.00840336134453 
2365.0 100.00833333333334 
1458.0 470.0416666666667 
1459.0 465.03846153846155 
1482.0 100.01960784313725 
1726.0 100.0125 
2130.0 100.00980392156863 
1608.0 100.01470588235294 
1733.0 100.01190476190476 
1596.0 100.01492537313433 
2118.0 100.00990099009901 
1455.0 471.037037037037 
1446.0 472.03333333333336 
1594.0 100.01538461538462 
2042.0 100.01086956521739 
2109.0 100.01010101010101 
1613.0 100.01388888888889 
1442.0 472.0344827586207 
1440.0 473.030303030303 
1461.0 464.037037037037 
1485.0 100.01923076923077 
1532.0 100.01785714285714 

1437.0 465.030303030303 
2235.0 95.00689655172414 
1461.0 464.0232558139535 
1463.0 109.01818181818182 
2029.0 95.00735294117646 
1661.0 95.01204819277109 
1729.0 95.01162790697674 
1805.0 95.00961538461539 
1865.0 95.0091743119266 
1919.0 95.00840336134453 
1740.0 95.01123595505618 
1971.0 95.00833333333334 
1792.0 95.0111111111111 
1483.0 95.01612903225806 
1528.0 95.015625 
1553.0 95.01492537313433 
1595.0 95.01470588235294 
1882.0 95.00892857142857 
1633.0 95.01428571428572 
1601.0 95.01449275362319 
1441.0 464.0285714285714 
1459.0 464.0243902439024 
1988.0 95.008 
1465.0 103.01851851851852 
1541.0 95.01538461538462 
1803.0 95.01098901098901 
2013.0 95.00769230769231 
1999.0 95.0079365079365 
2002.0 95.0077519379845 
1467.0 101.01785714285714 
1468.0 97.01785714285714 
1470.0 95.01724137931035 
1660.0 95.01282051282051 
1650.0 95.01333333333334 
1641.0 95.01388888888889 
2022.0 95.00746268656717 
1549.0 95.01515151515152 
1871.0 95.00909090909092 
1878.0 95.009009009009 
1476.0 95.01694915254237 
1477.0 95.01639344262296 
1438.0 464.030303030303 

1451.0 465.03125 
2260.0 95.00925925925925 
1456.0 464.030303030303 
1458.0 114.02439024390245 
2135.0 95.00943396226415 
2005.0 95.01 
2120.0 95.00970873786407 
1808.0 95.0125 
1893.0 95.01219512195122 
1693.0 95.01369863013699 
1771.0 95.01333333333334 
2001.0 95.01041666666667 
1942.0 95.01063829787235 
1531.0 95.01694915254237 
1477.0 95.01724137931035 
1614.0 95.01428571428572 
1663.0 95.01388888888889 
1571.0 95.01515151515152 
1608.0 95.01449275362319 
1535.0 95.015625 
1569.0 95.01538461538462 
1460.0 109.02222222222223 
1462.0 103.01886792452831 
1930.0 95.01086956521739 
1464.0 101.01886792452831 
1466.0 97.01960784313725 
1781.0 95.01315789473684 
1902.0 95.01190476190476 
1912.0 95.01176470588236 
1901.0 95.01204819277109 
1795.0 95.01282051282051 
1803.0 95.0126582278481 
1468.0 95.01923076923077 
1788.0 95.01298701298701 
1471.0 95.01754385964912 
1916.0 95.01162790697674 
1922.0 95.01136363636364 
1454.0 465.02941176470586 
1925.0 95.01098901098901 
1533.0 95.01639344262296 
1924.0 95.01123595505618 

1430.0 465.037037037037 
2171.0 95.00826446280992 
1458.0 109.02439024390245 
1452.0 463.0238095238095 
1917.0 95.00869565217391 
2132.0 95.00833333333334 
1733.0 95.00980392156863 
1814.0 95.00961538461539 
1873.0 95.00909090909092 
1677.0 95.01052631578948 
1719.0 95.01041666666667 
1834.0 95.00934579439253 
1866.0 95.00925925925925 
1534.0 95.01538461538462 
1560.0 95.01515151515152 
1602.0 95.01298701298701 
1578.0 95.01351351351352 
1512.0 95.01587301587301 
1673.0 95.01136363636364 
1608.0 95.0125 
1652.0 95.01176470588236 
1494.0 95.01612903225806 
1634.0 95.01190476190476 
1623.0 95.01234567901234 
1575.0 95.01388888888889 
1561.0 95.01492537313433 
1467.0 101.0204081632653 
1463.0 107.02173913043478 
1625.0 95.01204819277109 
1479.0 100.0204081632653 
1473.0 100.02083333333333 
1485.0 95.01851851851852 
1436.0 464.03333333333336 
1443.0 464.03125 
1726.0 95.01010101010101 
1466.0 103.02173913043478 
1483.0 97.01923076923077 
1481.0 99.01923076923077 
1464.0 105.02272727272727 
1867.0 95.0091743119266 
1434.0 465.0344827586207 
1448.0 464.02941176470586 
1449.0 463.02564102564105 
1488.0 95.01785714285714 
1491.0 95.01639344262296 
1445.0 464.030303030303 
1435.0 464.0357142857143 

1436.0 465.0357142857143 
2034.0 100.00847457627118 
1441.0 465.0344827586207 
1457.0 114.01923076923077 
1800.0 100.00980392156863 
1925.0 100.00952380952381 
1652.0 100.01234567901234 
1761.0 100.01219512195122 
1992.0 100.00934579439253 
1933.0 100.00943396226415 
1562.0 100.01388888888889 
1605.0 100.01333333333334 
1480.0 100.01694915254237 
1510.0 100.01639344262296 
2014.0 100.00892857142857 
1625.0 100.01298701298701 
1530.0 100.01515151515152 
1544.0 100.01470588235294 
1793.0 100.01020408163265 
1558.0 100.01428571428572 
1546.0 100.01449275362319 
1459.0 108.01818181818182 
1461.0 108.01666666666667 
1463.0 102.01923076923077 
1641.0 100.0125 
1778.0 100.0111111111111 
1788.0 100.01030927835052 
2023.0 100.00884955752213 
2032.0 100.00854700854701 
1473.0 100.01785714285714 
1519.0 100.015625 
1526.0 100.01538461538462 
1632.0 100.01282051282051 
1639.0 100.0126582278481 
1468.0 100.01851851851852 
1767.0 100.01204819277109 
1465.0 102.01666666666667 
1772.0 100.01190476190476 
1515.0 100.01587301587301 
1775.0 100.01162790697674 
1471.0 100.01818181818182 

1441.0 465.0357142857143 
2162.0 95.00869565217391 
1445.0 464.03125 
1460.0 109.02222222222223 
1676.0 95.01123595505618 
2037.0 95.009009009009 
1776.0 95.0111111111111 
2067.0 95.00884955752213 
1579.0 95.01219512195122 
1669.0 95.01190476190476 
1851.0 95.01020408163265 
1929.0 95.01010101010101 
1960.0 95.00925925925925 
1796.0 95.01063829787235 
1486.0 95.01449275362319 
1532.0 95.01428571428572 
1545.0 95.01351351351352 
1572.0 95.01333333333334 
2062.0 95.00892857142857 
1463.0 103.02272727272727 
1948.0 95.00961538461539 
1786.0 95.01075268817205 
1480.0 95.01470588235294 
1475.0 101.01754385964912 
1478.0 97.01515151515152 
1542.0 95.01369863013699 
1937.0 95.01 
1473.0 103.01754385964912 
1953.0 95.00934579439253 
1779.0 95.01086956521739 
1941.0 95.00980392156863 
1536.0 95.01388888888889 
1674.0 95.01176470588236 
1442.0 464.0357142857143 
1576.0 95.01315789473684 
1469.0 103.02 
1466.0 103.02083333333333 
1534.0 95.01408450704226 

