0.027606365703150372 0.10124195993879746 
0.24780772978239687 0.06748023549011535 
0.03052939265995453 0.06749707149981772 
0.029230269568041572 0.0819551853627012 
0.17148424813251056 0.067480523285153 
0.028580708022085094 0.09641433033438514 
0.02890548879506333 0.08677574158421861 
0.16661253653783695 0.06748206265395902 
0.12828840532640468 0.06748239225998573 
0.028255927249106853 0.10123138767001652 
0.10068203962325431 0.06748416389237925 
0.1243910360506658 0.06748272971377496 
0.070477427736278 0.06748846642819209 
0.05326404676843131 0.06748896527292399 
0.035076323481649886 0.06749111414253843 
0.05196492367651835 0.0674900076350504 
0.07242611237414745 0.06748705189587004 
0.08866515102305944 0.0674866058721649 
0.09126339720688535 0.06748533731123728 
0.0990581357583631 0.06748493614239692 
0.1695355634946411 0.06748142591504382 
0.03247807729782397 0.06749420314260918 
0.09028905488795064 0.06748617174242523 
0.17083468658655407 0.06748081747563592 
0.034426761935693405 0.06749290775548274 
0.03345241961675869 0.0674935448311187 

0.02078596947060734 0.9686548700079018 
0.28418317635595974 0.06265954360763745 
0.023384215654433257 0.9541959208259387 
0.027606365703150372 0.09882888555592664 
0.1695355634946411 0.06266168317478601 
0.2711919454368301 0.06266083815956912 
0.12536537836960052 0.06266355214961875 
0.09256252029879831 0.06266458920272715 
0.11822020136407925 0.06266388960340798 
0.05781097759012666 0.06267227403217145 
0.07957128937966873 0.06267116752468342 
0.034426761935693405 0.0626774765586064 
0.05358882754140955 0.06267536303224219 
0.28093536862617735 0.06266004541333467 
0.27476453393959077 0.0626603041568973 
0.029555050341019812 0.08436544728373209 
0.02890548879506333 0.0988246952601785 
0.02143553101656382 0.9566077697319845 
0.02111075024358558 0.9686501595092601 
0.03085417343293277 0.06990980119793418 
0.03052939265995453 0.07954838994810069 
0.08963949334199416 0.06266495195792966 
0.2741149723936343 0.06266056834769283 
0.08184475479051641 0.06266821178550307 
0.08444300097434232 0.06266776576179793 
0.03150373497888925 0.06509186961699974 
0.0220850925625203 0.954198349676801 
0.03020461188697629 0.07955031825546778 
0.03345241961675869 0.06508412477593521 
0.08151997401753816 0.0626696263178251 
0.056187073725235466 0.06267345079410315 
0.07989607015264696 0.062670125162557 
0.08801558947710296 0.06266609603202994 
0.05488795063332251 0.06267470472075172 
0.08574212406625528 0.06266690892678539 
0.08704124715816823 0.0626664972008703 
0.03247807729782397 0.06508616781159533 
0.028580708022085094 0.09882670311022448 

0.02273465410847678 0.9541875547840805 
0.21922702176031178 0.06266322254359204 
0.024358557973367976 0.9517763258549817 
0.029555050341019812 0.10846335891766969 
0.117895420591101 0.06266776576179793 
0.15167262098083795 0.06266690892678539 
0.18967197141929198 0.06266458920272715 
0.16498863267294575 0.06266495195792966 
0.08216953556349464 0.06267063867919281 
0.10620331276388438 0.062670125162557 
0.046118869762910034 0.06267470472075172 
0.06105878531990906 0.06267406764511575 
0.07924650860669048 0.06267227403217145 
0.06755440077947386 0.0626728532196847 
0.15459564793764208 0.0626664972008703 
0.1620656057161416 0.06266532378201227 
0.11075024358557974 0.06266821178550307 
0.04481974667099708 0.06267674775641184 
0.039298473530367 0.06267823138945074 
0.06268268918480026 0.06267345079410315 
0.03150373497888925 0.08436817492907756 
0.03215329652484573 0.06991700886476591 
0.03052939265995453 0.0843747460746826 
0.03020461188697629 0.09400585514981151 
0.02987983111399805 0.0988352732018842 
0.10847677817473206 0.0626696263178251 
0.035076323481649886 0.0626815410323837 
0.03605066580058461 0.06267982492123328 
0.037999350438454045 0.06267901366868943 
0.034426761935693405 0.06750038114275068 
0.08087041247158168 0.06267116752468342 
0.03377720038973693 0.0699116545979766 
0.024033777200389735 0.9517842191229757 
0.03280285807080221 0.06991263803473381 
0.023059434881455017 0.9541840322401403 

0.29977265345891524 0.07470441107838838 
0.02078596947060734 0.9542098642290359 
0.024033777200389735 0.9517915203958703 
0.029555050341019812 0.10124195993879746 
0.25495290678791815 0.07470461575219531 
0.21403052939265996 0.07470793843548658 
0.17992854822994478 0.0747103228195095 
0.15232218252679441 0.0747106524255362 
0.12536537836960052 0.07471098987932544 
0.18869762910035726 0.0747082140497688 
0.10295550503410199 0.07471242405792973 
0.07145177005521273 0.0747193743080889 
0.09028905488795064 0.0747188126717124 
0.12146800909386164 0.0747113354645313 
0.06885352387138681 0.0747211679210332 
0.05099058135758363 0.07472180499666917 
0.2374147450470932 0.07470503668511902 
0.2510555375121793 0.0747048242516809 
0.03637544657356284 0.07472314393529386 
0.049691458265670674 0.07472246330815964 
0.2240987333549854 0.07470689222617036 
0.2283208834037025 0.07470525316490835 
0.09938291653134135 0.07471486603771538 
0.09256252029879831 0.07471531206142051 
0.03020461188697629 0.0867817852800092 
0.18512504059759663 0.07470968608059429 
0.03085417343293277 0.08196183072928366 
0.03215329652484573 0.07714410505927523 
0.2257226372198766 0.07470640050779177 
0.22799610263072426 0.07470569873496014 
0.03345241961675869 0.07714299061891668 
0.034101981162715164 0.07472611394460689 
0.02240987333549854 0.9518004441738523 
0.070477427736278 0.07471995349560216 
0.02273465410847678 0.9517972571102874 
0.09126339720688535 0.07471672659374255 
0.03540110425462813 0.07472457683452384 
0.09093861643390712 0.07471826780060088 

0.02143553101656382 0.9734737101182689 
0.3234816498863267 0.07470205565195455 
0.02987983111399805 0.9517972571102874 
0.03085417343293277 0.09401120941660084 
0.14550178629425137 0.0747090776411864 
0.2150048717115947 0.07470878345070348 
0.24683338746346217 0.07470381898630406 
0.2955505034101981 0.07470344157088188 
0.11107502435855797 0.07471359747678775 
0.08119519324455993 0.07471486603771538 
0.12146800909386164 0.0747106524255362 
0.21890224098733355 0.07470766862361028 
0.23773952582007146 0.07470714568925213 
0.3127638843780448 0.07470325778598065 
0.05326404676843131 0.07472180499666917 
0.06950308541734329 0.0747211679210332 
0.038324131211432286 0.07472776706299812 
0.05196492367651835 0.07472611394460689 
0.03150373497888925 0.07955134266875655 
0.3176355959727184 0.0747025535345944 
0.32283208834037025 0.0747023848076998 
0.028255927249106853 0.9662681192274312 
0.028580708022085094 0.9542132964513368 
0.03605066580058461 0.07472954983773371 
0.11529717440727509 0.07471242405792973 
0.2465086066904839 0.07470592807248683 
0.0769730431958428 0.07471773895511027 
0.11757063981812277 0.07471098987932544 
0.07307567392010393 0.07471826780060088 
0.24261123741474505 0.07470616195135066 
0.027281584930172135 0.9686663845601368 
0.024358557973367976 0.9710668808373383 
0.07242611237414745 0.0747193743080889 
0.21792789866839882 0.07470849565566583 
0.2396882104579409 0.07470664388355491 
0.078596947060734 0.07471577047467302 
0.023059434881455017 0.9710696502856775 
0.02240987333549854 0.9734689996196271 
0.029230269568041572 0.9518004441738523 
0.03702500811951932 0.07472864130830116 
0.05228970444949659 0.0747253316653682 

0.02143553101656382 0.9541936391781592 
0.2806105878531991 0.06265182272135822 
0.029230269568041572 0.95176723941857 
0.02987983111399805 0.09641089444125832 
0.21370574861968172 0.06265292235525763 
0.09418642416368951 0.06266423518861385 
0.1162715167262098 0.06266322254359204 
0.140954855472556 0.06265837353185308 
0.1604417018512504 0.06265731080247093 
0.17797986359207535 0.06265545325867694 
0.11984410522897045 0.06266227816677397 
0.1948684637869438 0.06265528453178235 
0.13673270542383892 0.06266197736526893 
0.03637544657356284 0.06267406764511575 
0.05099058135758363 0.0626728532196847 
0.059110100682039625 0.06267116752468342 
0.07275089314712568 0.06267063867919281 
0.16596297499188048 0.0626567187103866 
0.0850925625202988 0.0626696263178251 
0.07469957778499513 0.062670125162557 
0.02273465410847678 0.951780046967036 
0.028580708022085094 0.9517699727368402 
0.2003897369275739 0.06265448139176392 
0.03052939265995453 0.0819551853627012 
0.055212731406300744 0.06267227403217145 
0.14030529392659954 0.06266168317478601 
0.20850925625202987 0.06265374003174697 
0.20396232543033452 0.0626543284127128 
0.20493666774926925 0.06265388370616884 
0.03117895420591101 0.07713475172055168 
0.03150373497888925 0.06749707149981772 
0.03215329652484573 0.06267674775641184 
0.09386164339071126 0.06266609603202994 
0.09061383566092887 0.06266733163205825 
0.08769080870412471 0.06266867019875556 
0.21143228320883403 0.06265318677800294 
0.05781097759012666 0.06267171239579494 
0.16239038648911985 0.06265710985000597 
0.16466385189996752 0.06265691251830609 
0.034101981162715164 0.06267604365937642 
0.034426761935693405 0.06267470472075172 
0.021760311789542058 0.9517842191229757 

0.025982461838259176 0.9541959208259387 
0.28873010717765507 0.06265751547627785 
0.027606365703150372 0.9517842191229757 
0.028255927249106853 0.10847295342261817 
0.24813251055537514 0.06265793640920156 
0.20591101006820398 0.06265930023187431 
0.24326079896070152 0.06265859845904269 
0.14192919779149074 0.06266532378201227 
0.1695355634946411 0.06266458920272715 
0.10457940889899318 0.06266821178550307 
0.12991230919129587 0.06266733163205825 
0.204611886976291 0.0626603041568973 
0.18544982137057486 0.06266083815956912 
0.05196492367651835 0.06267604365937642 
0.034426761935693405 0.06267674775641184 
0.07892172783371225 0.0626696263178251 
0.09483598570964599 0.06266867019875556 
0.06495615459564794 0.06267171239579494 
0.0769730431958428 0.062670125162557 
0.05326404676843131 0.0626728532196847 
0.06430659304969145 0.06267227403217145 
0.02890548879506333 0.09642062947178433 
0.029555050341019812 0.0819560272285486 
0.18155245209483598 0.06266139537974837 
0.03020461188697629 0.07713718711818161 
0.03085417343293277 0.06750128967218323 
0.13316011692107826 0.06266690892678539 
0.17245859045144527 0.06266388960340798 
0.17570639818122766 0.06266355214961875 
0.17213380967846703 0.06266423518861385 
0.13770704774277362 0.06266609603202994 
0.14030529392659954 0.06266570501936278 
0.03150373497888925 0.0626815410323837 
0.13543358233192596 0.0626664972008703 
0.03247807729782397 0.0626774765586064 
0.17700552127314062 0.06266322254359204 
0.17895420591101008 0.06266258580467683 
0.026956804157193894 0.9541914917449549 
0.17992854822994478 0.06266168317478601 
0.05261448522247483 0.06267470472075172 
0.17960376745696655 0.06266227816677397 

0.019162065605716143 0.9542098642290359 
0.25982461838259174 0.06265511859376201 
0.028255927249106853 0.09642585314670071 
0.026307242611237416 0.9493591534830184 
0.17733030204611888 0.06265615751006319 
0.2471581682364404 0.06265528453178235 
0.11757063981812277 0.06265882779656938 
0.14387788242936017 0.06265837353185308 
0.16303994803507632 0.06265710985000597 
0.09938291653134135 0.06266056834769283 
0.11302370899642741 0.0626603041568973 
0.15037349788892498 0.06265772397576345 
0.16076648262422866 0.06265751547627785 
0.052939265995453066 0.06267227403217145 
0.0613835660928873 0.06267171239579494 
0.07502435855797336 0.0626664972008703 
0.06722962000649561 0.06266776576179793 
0.04579408898993179 0.06267345079410315 
0.09808379343942839 0.06266258580467683 
0.0769730431958428 0.06266532378201227 
0.09126339720688535 0.06266355214961875 
0.03994803507632348 0.06267406764511575 
0.08541734329327703 0.06266388960340798 
0.08184475479051641 0.06266495195792966 
0.0662552776875609 0.06266867019875556 
0.06170834686586554 0.06267116752468342 
0.03117895420591101 0.07714089820028429 
0.02987983111399805 0.09160062539037618 
0.08249431633647288 0.06266423518861385 
0.035076323481649886 0.0747314781451008 
0.03312763884378045 0.07473250255838956 
0.03702500811951932 0.06267982492123328 
0.02111075024358558 0.9517915203958703 
0.023384215654433257 0.9517865007707553 
0.11529717440727509 0.06265954360763745 
0.03085417343293277 0.08196294516964221 
0.03637544657356284 0.06750038114275068 
0.03572588502760637 0.07231922125311767 
0.03020461188697629 0.08678416612986609 
0.1610912633972069 0.06265731080247093 
0.020461188697629102 0.9542037098993931 
0.025008119519324457 0.9517820716897715 
0.025332900292302694 0.9493635663402623 
0.037999350438454045 0.06267823138945074 
0.03897369275738876 0.06267470472075172 
0.024033777200389735 0.9517842191229757 
0.02078596947060734 0.9517972571102874 

0.02111075024358558 0.9542066771654708 
0.21532965248457292 0.0747027251212669 
0.02273465410847678 0.9542037098993931 
0.027931146476128613 0.10846052208087004 
0.13933095160766482 0.07470592807248683 
0.17992854822994478 0.07470525316490835 
0.09126339720688535 0.07471205223384712 
0.12666450146151348 0.07471168947864461 
0.20168886001948685 0.0747048242516809 
0.1825267944137707 0.07470503668511902 
0.062033127638843784 0.07471577047467302 
0.07599870087690809 0.0747144319079757 
0.03540110425462813 0.07472314393529386 
0.04514452744397532 0.07472180499666917 
0.2088340370250081 0.07470381898630406 
0.08249431633647288 0.07471359747678775 
0.05164014290354011 0.0747188126717124 
0.056187073725235466 0.07471773895511027 
0.13705748619681715 0.07470689222617036 
0.06073400454693082 0.07471672659374255 
0.05683663527119195 0.07471722543847446 
0.028580708022085094 0.09400147438607483 
0.029230269568041572 0.09399782374962758 
0.02987983111399805 0.07954748141866813 
0.08769080870412471 0.07471242405792973 
0.13218577460214356 0.0747090776411864 
0.13543358233192596 0.07470714568925213 
0.21175706398181227 0.07470362860861324 
0.21468009093861642 0.07470289964104491 
0.03312763884378045 0.0747253316653682 
0.04806755440077947 0.07471995349560216 
0.050341019811627155 0.0747193743080889 
0.08476778174732055 0.0747131963079474 
0.08704124715816823 0.07471280529528024 
0.03150373497888925 0.07472692519715073 
0.1286131860993829 0.0747113354645313 
0.03052939265995453 0.07954130341852662 
0.1302370899642741 0.07471098987932544 
0.046768431308866515 0.07472055107002061 
0.13121143228320883 0.0747103228195095 
0.03247807729782397 0.07472611394460689 

0.02273465410847678 0.9542066771654708 
0.2569015914257876 0.06265615751006319 
0.024033777200389735 0.9517865007707553 
0.02890548879506333 0.09642062947178433 
0.0990581357583631 0.06266227816677397 
0.21630399480350762 0.06265691251830609 
0.13153621305618707 0.06266197736526893 
0.22604741799285483 0.06265652833269578 
0.06755440077947386 0.06266458920272715 
0.09678467034751542 0.06266388960340798 
0.15589477102955504 0.06265979195025291 
0.18122767132185774 0.06265954360763745 
0.19129587528418318 0.06265751547627785 
0.13803182851575188 0.06266083815956912 
0.037349788892497564 0.062670125162557 
0.05228970444949659 0.0626696263178251 
0.05651185449821371 0.06266776576179793 
0.06528093536862618 0.06266733163205825 
0.22442351412796363 0.0626567187103866 
0.02987983111399805 0.0819653260194991 
0.1873985060084443 0.06265837353185308 
0.13478402078596946 0.06266111377385133 
0.03540110425462813 0.06267063867919281 
0.03377720038973693 0.07713399688970733 
0.034751542708671646 0.06749055250616193 
0.055537512179278985 0.06266821178550307 
0.18382591750568367 0.06265930023187431 
0.03312763884378045 0.08195283700007432 
0.1890224098733355 0.06265772397576345 
0.1325105553751218 0.06266139537974837 
0.18512504059759663 0.06265882779656938 
0.05358882754140955 0.06266867019875556 
0.09840857421240662 0.06266355214961875 
0.023059434881455017 0.9517972571102874 
0.06658005846053913 0.06266690892678539 
0.03182851575186749 0.08195875487389406 
0.03085417343293277 0.08196076272394004 
0.052939265995453066 0.06266914152505745 

