907.0 103.02 
820.0 1518.076923076923 
822.0 675.0833333333334 
890.0 118.02439024390245 
852.0 129.02325581395348 
834.0 597.0714285714286 
835.0 291.04 
841.0 272.0344827586207 
842.0 154.02702702702703 
826.0 667.0625 
830.0 605.0909090909091 
896.0 110.02173913043478 
901.0 106.02173913043478 
894.0 112.02272727272727 
837.0 275.0416666666667 
844.0 152.02564102564102 
846.0 137.02631578947367 
824.0 669.0714285714286 
832.0 599.0833333333334 
848.0 135.025 
850.0 131.02439024390245 
839.0 273.03846153846155 
903.0 104.02083333333333 
905.0 104.0204081632653 
