857.0 101.01960784313725 
798.0 1075.0625 
810.0 1063.05 
820.0 675.0833333333334 
831.0 599.0833333333334 
837.0 275.04 
839.0 274.037037037037 
843.0 137.02631578947367 
828.0 605.0909090909091 
825.0 669.0714285714286 
806.0 1063.0526315789473 
845.0 115.02325581395348 
800.0 1067.0588235294117 
822.0 675.0769230769231 
823.0 669.0769230769231 
847.0 113.02222222222223 
849.0 109.02173913043478 
851.0 107.02083333333333 
853.0 103.0204081632653 
802.0 1067.0555555555557 
804.0 1063.0555555555557 
855.0 101.02 
