858.0 101.01960784313725 
793.0 1081.0714285714287 
818.0 1060.05 
820.0 675.0909090909091 
832.0 599.0833333333334 
837.0 275.04 
803.0 1063.05 
839.0 274.037037037037 
843.0 137.02702702702703 
824.0 669.0714285714286 
828.0 605.1 
797.0 1067.0588235294117 
801.0 1063.0555555555557 
845.0 115.02380952380952 
855.0 103.0204081632653 
795.0 1073.0666666666666 
830.0 599.0909090909091 
822.0 669.0833333333334 
847.0 115.02325581395348 
849.0 109.02222222222223 
851.0 109.02173913043478 
853.0 103.02083333333333 
