907.0 103.02 
810.0 1491.076923076923 
816.0 1481.0588235294117 
817.0 675.0909090909091 
844.0 130.02380952380952 
890.0 118.02439024390245 
829.0 597.0714285714286 
832.0 275.0416666666667 
836.0 272.0357142857143 
838.0 138.02777777777777 
821.0 669.0769230769231 
825.0 605.1 
906.0 104.02 
902.0 104.0204081632653 
827.0 599.0833333333334 
819.0 669.0833333333334 
812.0 1485.0714285714287 
814.0 1485.0625 
840.0 136.02564102564102 
842.0 132.025 
892.0 116.02325581395348 
894.0 112.02272727272727 
896.0 110.02173913043478 
898.0 106.02173913043478 
834.0 273.03846153846155 
900.0 104.02083333333333 
