776.0 1158.076923076923 
857.0 101.01960784313725 
796.0 1065.0666666666666 
790.0 1088.0833333333333 
782.0 1135.0625 
824.0 669.0714285714286 
792.0 1071.076923076923 
778.0 1141.0714285714287 
794.0 1065.0714285714287 
780.0 1135.0666666666666 
802.0 1059.05 
845.0 115.02325581395348 
789.0 1125.0833333333333 
784.0 1129.0588235294117 
798.0 1061.0588235294117 
800.0 1059.0526315789473 
786.0 1129.0526315789473 
788.0 1127.047619047619 
817.0 675.0833333333334 
832.0 275.0416666666667 
819.0 669.0769230769231 
825.0 605.1 
836.0 269.037037037037 
841.0 132.02439024390245 
851.0 107.02083333333333 
847.0 113.02222222222223 
849.0 109.02173913043478 
853.0 103.0204081632653 
855.0 101.02 
829.0 597.0714285714286 
838.0 138.02777777777777 
827.0 599.0833333333334 
840.0 136.02564102564102 
834.0 273.03846153846155 
843.0 130.02325581395348 
