907.0 103.02 
817.0 675.0833333333334 
827.0 599.0909090909091 
832.0 275.0416666666667 
890.0 118.025 
852.0 126.02222222222223 
838.0 268.0344827586207 
840.0 138.02777777777777 
819.0 669.0769230769231 
825.0 605.1 
894.0 116.02325581395348 
897.0 112.02325581395348 
904.0 104.0204081632653 
834.0 274.037037037037 
836.0 269.037037037037 
842.0 136.02631578947367 
844.0 132.02564102564102 
846.0 130.02439024390245 
892.0 116.02380952380952 
848.0 128.02380952380952 
850.0 126.02272727272727 
899.0 110.02173913043478 
901.0 106.02173913043478 
898.0 112.02272727272727 
902.0 106.02127659574468 
903.0 104.02083333333333 
