776.0 1158.076923076923 
857.0 101.01960784313725 
796.0 1065.0666666666666 
817.0 692.1 
832.0 599.0769230769231 
833.0 292.04 
839.0 274.0357142857143 
842.0 154.02702702702703 
790.0 1088.0833333333333 
782.0 1135.0625 
824.0 669.0714285714286 
825.0 622.1111111111111 
844.0 132.02380952380952 
792.0 1071.076923076923 
778.0 1141.0714285714287 
835.0 291.037037037037 
837.0 275.03846153846155 
856.0 103.02083333333333 
853.0 107.02083333333333 
846.0 130.02272727272728 
847.0 115.02325581395348 
827.0 616.1 
828.0 605.0909090909091 
819.0 686.0833333333334 
820.0 675.0909090909091 
822.0 669.0769230769231 
830.0 599.0833333333334 
794.0 1065.0714285714287 
780.0 1135.0666666666666 
849.0 113.02222222222223 
851.0 109.02173913043478 
