1435.0 465.03333333333336 
2554.0 95.00892857142857 
1445.0 464.0238095238095 
1454.0 109.02083333333333 
2322.0 95.00952380952381 
2021.0 95.00961538461539 
2471.0 95.00909090909092 
1896.0 95.00980392156863 
1776.0 95.01052631578948 
1872.0 95.01030927835052 
1767.0 95.0111111111111 
1673.0 95.01136363636364 
1559.0 95.01298701298701 
1635.0 95.0126582278481 
1491.0 95.01369863013699 
1556.0 95.01333333333334 
1641.0 95.01234567901234 
1667.0 95.01149425287356 
1456.0 107.02 
1459.0 103.02 
1461.0 101.01923076923077 
1467.0 95.01785714285714 
1464.0 97.01960784313725 
1883.0 95.01 
1465.0 97.01851851851852 
1479.0 95.01515151515152 
1482.0 95.01449275362319 
1438.0 464.0263157894737 
1442.0 464.02564102564105 
1473.0 95.01587301587301 
1773.0 95.01075268817205 
