1452.0 465.03846153846155 
2379.0 95.0091743119266 
1456.0 464.0243902439024 
1459.0 114.02380952380952 
2012.0 95.01041666666667 
2146.0 95.01030927835052 
2251.0 95.01010101010101 
1831.0 95.01204819277109 
2269.0 95.00961538461539 
2366.0 95.00952380952381 
1928.0 95.01149425287356 
1714.0 95.01470588235294 
1630.0 95.01492537313433 
1724.0 95.01388888888889 
1802.0 95.01369863013699 
1943.0 95.01136363636364 
1563.0 95.015625 
2003.0 95.01098901098901 
1516.0 95.01886792452831 
1558.0 95.01666666666667 
1528.0 95.01724137931035 
1493.0 95.01923076923077 
1466.0 102.02127659574468 
1464.0 108.02173913043478 
1475.0 102.0204081632653 
1815.0 95.01315789473684 
1461.0 108.02222222222223 
1481.0 100.0204081632653 
1485.0 100.02 
1488.0 97.02 
1491.0 97.01851851851852 
2259.0 95.01 
1822.0 95.0125 
1524.0 95.01818181818182 
