1439.0 470.0357142857143 
3813.0 97.00471698113208 
1443.0 469.0344827586207 
1461.0 114.02083333333333 
2150.0 97.00847457627118 
2539.0 97.00840336134453 
3073.0 97.00641025641026 
3262.0 97.0060606060606 
3616.0 97.00602409638554 
2884.0 97.00645161290322 
2592.0 97.00819672131148 
2744.0 97.00746268656717 
1568.0 100.01818181818182 
2013.0 97.0126582278481 
1919.0 97.01282051282051 
2818.0 97.00694444444444 
1480.0 100.01886792452831 
1632.0 97.01785714285714 
1792.0 97.01351351351352 
1577.0 97.01851851851852 
1872.0 97.01333333333334 
3694.0 97.00531914893617 
2791.0 97.00740740740741 
3768.0 97.00502512562814 
2085.0 97.01052631578948 
1662.0 97.01639344262296 
1732.0 97.01408450704226 
1470.0 100.02 
1788.0 97.01369863013699 
1466.0 108.0204081632653 
2094.0 97.01010101010101 
3647.0 97.00584795321637 
2140.0 97.00884955752213 
