2969.0 95.00558659217877 
1433.0 470.02777777777777 
1450.0 463.0243902439024 
1458.0 109.02325581395348 
2780.0 95.0060975609756 
2472.0 95.00632911392405 
2017.0 95.00833333333334 
2289.0 95.00757575757575 
2405.0 95.0068493150685 
2825.0 95.00584795321637 
2932.0 95.00581395348837 
2178.0 95.00787401574803 
2194.0 95.0077519379845 
2083.0 95.00826446280992 
1503.0 95.01612903225806 
1581.0 95.01538461538462 
1954.0 95.00862068965517 
1857.0 95.00909090909092 
1908.0 95.009009009009 
1805.0 95.00943396226415 
1438.0 464.02702702702703 
1849.0 95.00925925925925 
1623.0 95.01388888888889 
1643.0 95.01315789473684 
1685.0 95.0126582278481 
2429.0 95.00671140939598 
2470.0 95.00645161290322 
1801.0 95.00952380952381 
1752.0 95.01162790697674 
1713.0 95.01176470588236 
1462.0 103.02173913043478 
1766.0 95.01086956521739 
1488.0 97.01851851851852 
1464.0 101.02083333333333 
1692.0 95.01234567901234 
2801.0 95.0059880239521 
2945.0 95.00578034682081 
