1460.0 465.02941176470586 
3068.0 95.0048309178744 
1465.0 109.0204081632653 
2450.0 95.0077519379845 
2881.0 95.005 
2662.0 95.00729927007299 
2319.0 95.0078125 
2529.0 95.00735294117646 
2066.0 95.01098901098901 
2154.0 95.01041666666667 
1964.0 95.01149425287356 
2052.0 95.0111111111111 
1798.0 95.0125 
1952.0 95.01190476190476 
1881.0 95.01219512195122 
2827.0 95.00507614213198 
2520.0 95.00769230769231 
1594.0 95.01785714285714 
1668.0 95.01492537313433 
1732.0 95.01470588235294 
1601.0 95.01612903225806 
1661.0 95.01587301587301 
1534.0 95.01818181818182 
2674.0 95.0068493150685 
2733.0 95.00591715976331 
2230.0 95.00869565217391 
2210.0 95.00943396226415 
2278.0 95.00833333333334 
1475.0 95.02 
1764.0 95.01449275362319 
1470.0 97.02083333333333 
2769.0 95.00540540540541 
2809.0 95.00518134715026 
1512.0 95.01886792452831 
2309.0 95.0079365079365 
1467.0 103.02083333333333 
2762.0 95.00558659217877 
1775.0 95.01369863013699 
