1445.0 465.0344827586207 
2617.0 94.00704225352112 
1463.0 109.02380952380952 
1449.0 464.0357142857143 
2098.0 94.00934579439253 
2404.0 94.00833333333334 
2568.0 94.008 
2249.0 94.0091743119266 
1596.0 95.01428571428572 
2399.0 94.00892857142857 
2282.0 94.009009009009 
1711.0 95.01351351351352 
1950.0 94.01020408163265 
2040.0 94.00990099009901 
1723.0 95.0125 
1790.0 95.01234567901234 
1528.0 95.01612903225806 
1591.0 95.01587301587301 
1942.0 94.01030927835052 
1899.0 94.01041666666667 
2054.0 94.00970873786407 
2083.0 94.00943396226415 
1472.0 109.02127659574468 
1474.0 103.02 
1517.0 95.01851851851852 
1493.0 95.01923076923077 
1811.0 95.01176470588236 
1876.0 94.01052631578948 
1841.0 94.01162790697674 
1820.0 95.01149425287356 
2598.0 94.00746268656717 
1480.0 101.02173913043478 
1484.0 95.02083333333333 
2586.0 94.00751879699249 
1860.0 94.01086956521739 
1481.0 97.0204081632653 
1796.0 95.01190476190476 
1845.0 94.01123595505618 
