1435.0 465.0285714285714 
1906.0 95.00869565217391 
1443.0 464.02222222222224 
1455.0 109.02173913043478 
1789.0 95.01 
1865.0 95.00980392156863 
1706.0 95.01136363636364 
1779.0 95.01123595505618 
1655.0 95.01538461538462 
1593.0 95.015625 
1493.0 95.01785714285714 
1538.0 95.01754385964912 
1552.0 95.01639344262296 
1584.0 95.01612903225806 
1476.0 103.02173913043478 
1885.0 95.00884955752213 
1457.0 109.02083333333333 
1704.0 95.01234567901234 
1688.0 95.0125 
1872.0 95.00952380952381 
1683.0 95.01282051282051 
1780.0 95.01098901098901 
1547.0 95.01694915254237 
1668.0 95.01351351351352 
1677.0 95.01315789473684 
1482.0 95.0204081632653 
1478.0 101.02127659574468 
1480.0 97.02127659574468 
1662.0 95.01428571428572 
1441.0 465.025 
1438.0 465.0263157894737 
1487.0 95.01851851851852 
