1436.0 470.02941176470586 
3670.0 100.00413223140495 
1448.0 469.03125 
1458.0 114.02380952380952 
2795.0 100.00617283950618 
2834.0 100.00549450549451 
2577.0 100.00666666666666 
3035.0 100.00540540540541 
3567.0 100.00438596491227 
3382.0 100.00442477876106 
2000.0 100.00833333333334 
2168.0 100.00826446280992 
3200.0 100.0047619047619 
2259.0 100.00757575757575 
2402.0 100.00740740740741 
3317.0 100.00460829493088 
1488.0 100.01886792452831 
1714.0 100.01333333333334 
1813.0 100.01123595505618 
2179.0 100.00813008130082 
2562.0 100.00680272108843 
2472.0 100.00709219858156 
3170.0 100.0048076923077 
3649.0 100.00418410041841 
1484.0 108.0204081632653 
3583.0 100.00436681222708 
1923.0 100.00943396226415 
2466.0 100.00714285714285 
1553.0 100.01694915254237 
1606.0 100.01515151515152 
1669.0 100.01470588235294 
1937.0 100.00934579439253 
1873.0 100.00990099009901 
3377.0 100.00454545454545 
3112.0 100.0051282051282 
3056.0 100.00515463917526 
1543.0 100.01851851851852 

1435.0 465.0285714285714 
1906.0 95.00869565217391 
1443.0 464.02222222222224 
1455.0 109.02173913043478 
1789.0 95.01 
1865.0 95.00980392156863 
1706.0 95.01136363636364 
1779.0 95.01123595505618 
1655.0 95.01538461538462 
1593.0 95.015625 
1493.0 95.01785714285714 
1538.0 95.01754385964912 
1552.0 95.01639344262296 
1584.0 95.01612903225806 
1476.0 103.02173913043478 
1885.0 95.00884955752213 
1457.0 109.02083333333333 
1704.0 95.01234567901234 
1688.0 95.0125 
1872.0 95.00952380952381 
1683.0 95.01282051282051 
1780.0 95.01098901098901 
1547.0 95.01694915254237 
1668.0 95.01351351351352 
1677.0 95.01315789473684 
1482.0 95.0204081632653 
1478.0 101.02127659574468 
1480.0 97.02127659574468 
1662.0 95.01428571428572 
1441.0 465.025 
1438.0 465.0263157894737 
1487.0 95.01851851851852 

1452.0 467.03125 
2831.0 91.0059880239521 
1469.0 464.02272727272725 
1472.0 113.02380952380952 
1856.0 97.009009009009 
1985.0 97.00840336134453 
2202.0 97.00769230769231 
2083.0 97.00819672131148 
2666.0 91.00649350649351 
2775.0 91.00636942675159 
2411.0 97.00568181818181 
2503.0 95.00735294117646 
2294.0 97.00636942675159 
1798.0 97.01219512195122 
1716.0 97.01333333333334 
2371.0 97.00632911392405 
2565.0 95.00704225352112 
1704.0 97.01388888888889 
2814.0 91.00621118012423 
1574.0 97.01694915254237 
2628.0 94.00751879699249 
1542.0 97.01754385964912 
1488.0 97.01960784313725 
1597.0 97.01587301587301 
1648.0 97.01470588235294 
1485.0 97.02 
1474.0 110.02325581395348 
1660.0 97.01449275362319 
2585.0 95.00653594771242 
2524.0 95.00709219858156 
2382.0 97.00613496932516 
1807.0 97.01162790697674 
1847.0 97.0091743119266 
2257.0 97.00671140939598 
2227.0 97.00675675675676 
2654.0 91.00704225352112 

1439.0 470.0357142857143 
3813.0 97.00471698113208 
1443.0 469.0344827586207 
1461.0 114.02083333333333 
2150.0 97.00847457627118 
2539.0 97.00840336134453 
3073.0 97.00641025641026 
3262.0 97.0060606060606 
3616.0 97.00602409638554 
2884.0 97.00645161290322 
2592.0 97.00819672131148 
2744.0 97.00746268656717 
1568.0 100.01818181818182 
2013.0 97.0126582278481 
1919.0 97.01282051282051 
2818.0 97.00694444444444 
1480.0 100.01886792452831 
1632.0 97.01785714285714 
1792.0 97.01351351351352 
1577.0 97.01851851851852 
1872.0 97.01333333333334 
3694.0 97.00531914893617 
2791.0 97.00740740740741 
3768.0 97.00502512562814 
2085.0 97.01052631578948 
1662.0 97.01639344262296 
1732.0 97.01408450704226 
1470.0 100.02 
1788.0 97.01369863013699 
1466.0 108.0204081632653 
2094.0 97.01010101010101 
3647.0 97.00584795321637 
2140.0 97.00884955752213 

2969.0 95.00558659217877 
1433.0 470.02777777777777 
1450.0 463.0243902439024 
1458.0 109.02325581395348 
2780.0 95.0060975609756 
2472.0 95.00632911392405 
2017.0 95.00833333333334 
2289.0 95.00757575757575 
2405.0 95.0068493150685 
2825.0 95.00584795321637 
2932.0 95.00581395348837 
2178.0 95.00787401574803 
2194.0 95.0077519379845 
2083.0 95.00826446280992 
1503.0 95.01612903225806 
1581.0 95.01538461538462 
1954.0 95.00862068965517 
1857.0 95.00909090909092 
1908.0 95.009009009009 
1805.0 95.00943396226415 
1438.0 464.02702702702703 
1849.0 95.00925925925925 
1623.0 95.01388888888889 
1643.0 95.01315789473684 
1685.0 95.0126582278481 
2429.0 95.00671140939598 
2470.0 95.00645161290322 
1801.0 95.00952380952381 
1752.0 95.01162790697674 
1713.0 95.01176470588236 
1462.0 103.02173913043478 
1766.0 95.01086956521739 
1488.0 97.01851851851852 
1464.0 101.02083333333333 
1692.0 95.01234567901234 
2801.0 95.0059880239521 
2945.0 95.00578034682081 

1440.0 464.0243902439024 
2218.0 95.00819672131148 
1448.0 464.02222222222224 
1460.0 111.02222222222223 
1705.0 95.00980392156863 
1833.0 95.00943396226415 
1925.0 95.00892857142857 
2031.0 95.00877192982456 
1872.0 95.009009009009 
2100.0 95.00869565217391 
1618.0 95.01098901098901 
1680.0 95.01086956521739 
2159.0 95.00826446280992 
2109.0 95.00862068965517 
1567.0 95.01388888888889 
1846.0 95.00925925925925 
1543.0 95.01408450704226 
1477.0 105.02127659574468 
1462.0 109.02222222222223 
1686.0 95.01030927835052 
1495.0 95.01851851851852 
1513.0 95.01754385964912 
1539.0 95.01515151515152 
1612.0 95.01176470588236 
1595.0 95.01190476190476 
1522.0 95.01694915254237 
1483.0 97.02 
1589.0 95.0125 
1485.0 95.01923076923077 
1569.0 95.01351351351352 
1838.0 95.00934579439253 
1481.0 101.02083333333333 
1580.0 95.01298701298701 

1445.0 465.0344827586207 
2617.0 94.00704225352112 
1463.0 109.02380952380952 
1449.0 464.0357142857143 
2098.0 94.00934579439253 
2404.0 94.00833333333334 
2568.0 94.008 
2249.0 94.0091743119266 
1596.0 95.01428571428572 
2399.0 94.00892857142857 
2282.0 94.009009009009 
1711.0 95.01351351351352 
1950.0 94.01020408163265 
2040.0 94.00990099009901 
1723.0 95.0125 
1790.0 95.01234567901234 
1528.0 95.01612903225806 
1591.0 95.01587301587301 
1942.0 94.01030927835052 
1899.0 94.01041666666667 
2054.0 94.00970873786407 
2083.0 94.00943396226415 
1472.0 109.02127659574468 
1474.0 103.02 
1517.0 95.01851851851852 
1493.0 95.01923076923077 
1811.0 95.01176470588236 
1876.0 94.01052631578948 
1841.0 94.01162790697674 
1820.0 95.01149425287356 
2598.0 94.00746268656717 
1480.0 101.02173913043478 
1484.0 95.02083333333333 
2586.0 94.00751879699249 
1860.0 94.01086956521739 
1481.0 97.0204081632653 
1796.0 95.01190476190476 
1845.0 94.01123595505618 

1452.0 465.03846153846155 
2379.0 95.0091743119266 
1456.0 464.0243902439024 
1459.0 114.02380952380952 
2012.0 95.01041666666667 
2146.0 95.01030927835052 
2251.0 95.01010101010101 
1831.0 95.01204819277109 
2269.0 95.00961538461539 
2366.0 95.00952380952381 
1928.0 95.01149425287356 
1714.0 95.01470588235294 
1630.0 95.01492537313433 
1724.0 95.01388888888889 
1802.0 95.01369863013699 
1943.0 95.01136363636364 
1563.0 95.015625 
2003.0 95.01098901098901 
1516.0 95.01886792452831 
1558.0 95.01666666666667 
1528.0 95.01724137931035 
1493.0 95.01923076923077 
1466.0 102.02127659574468 
1464.0 108.02173913043478 
1475.0 102.0204081632653 
1815.0 95.01315789473684 
1461.0 108.02222222222223 
1481.0 100.0204081632653 
1485.0 100.02 
1488.0 97.02 
1491.0 97.01851851851852 
2259.0 95.01 
1822.0 95.0125 
1524.0 95.01818181818182 

1435.0 465.03333333333336 
2554.0 95.00892857142857 
1445.0 464.0238095238095 
1454.0 109.02083333333333 
2322.0 95.00952380952381 
2021.0 95.00961538461539 
2471.0 95.00909090909092 
1896.0 95.00980392156863 
1776.0 95.01052631578948 
1872.0 95.01030927835052 
1767.0 95.0111111111111 
1673.0 95.01136363636364 
1559.0 95.01298701298701 
1635.0 95.0126582278481 
1491.0 95.01369863013699 
1556.0 95.01333333333334 
1641.0 95.01234567901234 
1667.0 95.01149425287356 
1456.0 107.02 
1459.0 103.02 
1461.0 101.01923076923077 
1467.0 95.01785714285714 
1464.0 97.01960784313725 
1883.0 95.01 
1465.0 97.01851851851852 
1479.0 95.01515151515152 
1482.0 95.01449275362319 
1438.0 464.0263157894737 
1442.0 464.02564102564105 
1473.0 95.01587301587301 
1773.0 95.01075268817205 

1460.0 465.02941176470586 
3068.0 95.0048309178744 
1465.0 109.0204081632653 
2450.0 95.0077519379845 
2881.0 95.005 
2662.0 95.00729927007299 
2319.0 95.0078125 
2529.0 95.00735294117646 
2066.0 95.01098901098901 
2154.0 95.01041666666667 
1964.0 95.01149425287356 
2052.0 95.0111111111111 
1798.0 95.0125 
1952.0 95.01190476190476 
1881.0 95.01219512195122 
2827.0 95.00507614213198 
2520.0 95.00769230769231 
1594.0 95.01785714285714 
1668.0 95.01492537313433 
1732.0 95.01470588235294 
1601.0 95.01612903225806 
1661.0 95.01587301587301 
1534.0 95.01818181818182 
2674.0 95.0068493150685 
2733.0 95.00591715976331 
2230.0 95.00869565217391 
2210.0 95.00943396226415 
2278.0 95.00833333333334 
1475.0 95.02 
1764.0 95.01449275362319 
1470.0 97.02083333333333 
2769.0 95.00540540540541 
2809.0 95.00518134715026 
1512.0 95.01886792452831 
2309.0 95.0079365079365 
1467.0 103.02083333333333 
2762.0 95.00558659217877 
1775.0 95.01369863013699 

