123.0 15.0625 
128.0 15.043478260869565 

123.0 14.066666666666666 
242.0 14.027027027027026 
202.0 14.035714285714286 
138.0 14.045454545454545 
128.0 14.047619047619047 
225.0 14.03125 
210.0 14.033333333333333 

123.0 14.066666666666666 
238.0 14.03125 
128.0 14.043478260869565 
180.0 14.03448275862069 
173.0 14.035714285714286 

123.0 14.066666666666666 
202.0 14.026315789473685 
154.0 14.038461538461538 
128.0 14.05 
135.0 14.047619047619047 
175.0 14.03448275862069 
186.0 14.033333333333333 
193.0 14.030303030303031 
195.0 14.027777777777779 

123.0 14.0625 
194.0 14.027777777777779 
128.0 14.047619047619047 
168.0 14.043478260869565 
173.0 14.035714285714286 
185.0 14.03448275862069 
192.0 14.03225806451613 

149.0 14.037037037037036 
128.0 14.047619047619047 
138.0 14.045454545454545 
123.0 14.0625 

123.0 14.0625 
161.0 14.033333333333333 
151.0 14.043478260869565 
128.0 14.05 
134.0 14.045454545454545 
155.0 14.035714285714286 
132.0 14.047619047619047 

130.0 14.066666666666666 
175.0 14.03125 
161.0 14.038461538461538 
136.0 14.05 
135.0 14.052631578947368 

123.0 14.071428571428571 
221.0 14.027777777777779 
128.0 14.047619047619047 
154.0 14.038461538461538 
181.0 14.035714285714286 
199.0 14.028571428571428 
190.0 14.029411764705882 
170.0 14.037037037037036 

125.0 14.0625 
177.0 14.027777777777779 
130.0 14.047619047619047 
138.0 14.043478260869565 
159.0 14.035714285714286 
166.0 14.03448275862069 

