0.28730822873082285 0.9110477548111189 
0.13249651324965134 0.9467213114754093 
0.13668061366806136 0.9360655737704913 
0.21478382147838215 0.928073770491803 
0.2496513249651325 0.924783027965284 
0.25383542538354253 0.9218579234972673 
0.2649930264993027 0.9168852459016389 
0.2691771269177127 0.9147540983606552 
0.28172942817294283 0.9128166915052162 
0.08507670850767085 0.9535022354694482 
0.601115760111576 0.006885245901639317 
0.5160390516039052 0.017734724292101378 
0.5704323570432357 0.007914075749010681 
0.5285913528591353 0.015965787598004523 
0.5453277545327755 0.011475409836065528 
0.5564853556485355 0.010200364298725178 
0.5369595536959554 0.01434426229508191 
0.5439330543933054 0.01285245901639355 
0.5634588563458857 0.009016393442622915 
0.03626220362622036 0.9715846994535512 
0.5132496513249651 0.9079344262295079 
