0.11157601115760112 0.9715846994535512 
0.5746164574616457 0.9094262295081967 
0.28730822873082285 0.9110477548111189 
0.13249651324965134 0.9467213114754093 
0.13668061366806136 0.9360655737704913 
0.21478382147838215 0.928073770491803 
0.2496513249651325 0.924783027965284 
0.25383542538354253 0.9218579234972673 
0.2649930264993027 0.9168852459016389 
0.2691771269177127 0.9147540983606552 
0.28172942817294283 0.9128166915052162 

0.08507670850767085 0.9535022354694482 
0.04881450488145049 0.9715846994535512 

0.07670850767085077 0.9715846994535512 
0.601115760111576 0.006885245901639317 
0.3500697350069735 0.9467213114754093 
0.5160390516039052 0.017734724292101378 
0.08926080892608089 0.9535022354694482 
0.5704323570432357 0.007914075749010681 
0.08786610878661087 0.9616393442622945 
0.5285913528591353 0.015965787598004523 
0.5453277545327755 0.011475409836065528 
0.5564853556485355 0.010200364298725178 
0.5369595536959554 0.01434426229508191 
0.5439330543933054 0.01285245901639355 
0.5634588563458857 0.009016393442622915 

0.11715481171548117 0.9616393442622945 
0.5271966527196653 0.9128166915052162 
0.26638772663877264 0.9467213114754093 
0.5076708507670851 0.9168852459016389 
0.3458856345885635 0.9192407247627259 
0.3179916317991632 0.928073770491803 
0.3263598326359833 0.924783027965284 
0.33751743375174337 0.9218579234972673 

0.03626220362622036 0.9715846994535512 

0.10460251046025104 0.9840163934426226 
0.6582984658298466 0.9110477548111189 
0.10739191073919108 0.9616393442622945 
0.4309623430962343 0.9128166915052162 
0.20920502092050208 0.9409836065573765 
0.29428172942817293 0.9360655737704913 
0.3458856345885635 0.9192407247627259 
0.39330543933054396 0.9168852459016389 
0.31520223152022314 0.9318032786885241 
0.33612273361227335 0.924783027965284 
0.403068340306834 0.9147540983606552 
0.3333333333333333 0.928073770491803 

0.9483960948396095 0.9019672131147537 
0.1603905160390516 0.9715846994535512 
0.5341701534170153 0.9360655737704913 
0.3305439330543933 0.9535022354694482 
0.199442119944212 0.9616393442622945 
0.7433751743375174 0.9052823315118396 
0.5829846582984658 0.924783027965284 
0.6708507670850767 0.9065573770491799 
0.5857740585774058 0.9218579234972673 
0.602510460251046 0.9192407247627259 
0.6457461645746164 0.9094262295081967 
0.6290097629009763 0.9110477548111189 
0.6652719665271967 0.9079344262295079 
0.6080892608089261 0.9168852459016389 
0.6164574616457462 0.9147540983606552 
0.6262203626220363 0.9128166915052162 

0.16317991631799164 0.9715846994535512 
0.6624825662482566 0.9001024590163932 
0.20920502092050208 0.9467213114754093 
0.6234309623430963 0.9029960429621251 
0.4602510460251046 0.9128166915052162 
0.3291492329149233 0.9192407247627259 
0.4309623430962343 0.9168852459016389 
0.26220362622036264 0.9360655737704913 
0.2789400278940028 0.9318032786885241 
0.6317991631799164 0.9010047593865677 
0.30962343096234307 0.9218579234972673 
0.29567642956764295 0.928073770491803 
0.43654114365411434 0.9147540983606552 
0.301255230125523 0.924783027965284 

0.12691771269177127 0.9535022354694482 
0.12412831241283125 0.9715846994535512 
0.12552301255230125 0.9616393442622945 

0.6778242677824268 0.9001024590163932 
0.16457461645746166 0.9715846994535512 
0.17852161785216178 0.9409836065573765 
0.4309623430962343 0.9147540983606552 
0.26778242677824265 0.9360655737704913 
0.5774058577405857 0.9029960429621251 
0.34449093444909346 0.9168852459016389 
0.5132496513249651 0.9079344262295079 
0.28730822873082285 0.9318032786885241 
0.5160390516039052 0.9052823315118396 
0.31520223152022314 0.928073770491803 
0.5536959553695955 0.9040983606557373 
0.3277545327754533 0.924783027965284 
0.3319386331938633 0.9218579234972673 
0.3417015341701534 0.9192407247627259 

