676.0 4.111111111111111 
798.0 4.0588235294117645 
758.0 4.0625 
722.0 4.083333333333333 
700.0 4.1 
741.0 4.071428571428571 
712.0 4.090909090909091 
730.0 4.076923076923077 

675.0 4.111111111111111 
798.0 4.055555555555555 
677.0 4.1 
737.0 4.090909090909091 
763.0 4.071428571428571 
745.0 4.076923076923077 
767.0 4.0625 
777.0 4.0588235294117645 
743.0 4.083333333333333 

676.0 6.125 
1064.0 4.052631578947368 
686.0 6.111111111111111 
687.0 4.142857142857143 
874.0 4.0625 
954.0 4.0588235294117645 
712.0 4.083333333333333 
767.0 4.076923076923077 
819.0 4.066666666666666 
776.0 4.071428571428571 
689.0 4.125 
705.0 4.1 
697.0 4.111111111111111 

670.0 4.142857142857143 
775.0 4.055555555555555 
701.0 4.083333333333333 
763.0 4.071428571428571 
673.0 4.125 
696.0 4.1 
733.0 4.076923076923077 

786.0 4.055555555555555 
679.0 4.125 
727.0 4.1 
682.0 4.111111111111111 
731.0 4.083333333333333 
756.0 4.0625 
742.0 4.071428571428571 
771.0 4.0588235294117645 
738.0 4.076923076923077 

684.0 4.111111111111111 
785.0 4.055555555555555 
732.0 4.0625 
700.0 4.090909090909091 
705.0 4.083333333333333 
760.0 4.0588235294117645 
710.0 4.076923076923077 

687.0 4.111111111111111 
806.0 4.052631578947368 
708.0 4.076923076923077 
761.0 4.0588235294117645 
689.0 4.1 
754.0 4.066666666666666 
729.0 4.071428571428571 

692.0 4.111111111111111 
783.0 4.055555555555555 
733.0 4.076923076923077 
717.0 4.090909090909091 
764.0 4.071428571428571 
729.0 4.083333333333333 
770.0 4.0625 
779.0 4.0588235294117645 
769.0 4.066666666666666 

665.0 4.111111111111111 
843.0 4.052631578947368 
714.0 4.083333333333333 
767.0 4.055555555555555 
766.0 4.0625 
746.0 4.066666666666666 
728.0 4.076923076923077 
738.0 4.071428571428571 

676.0 4.125 
742.0 4.0625 
715.0 4.066666666666666 
709.0 4.076923076923077 
690.0 4.083333333333333 
678.0 4.111111111111111 
684.0 4.090909090909091 
682.0 4.1 

