0.15976331360946747 0.347604485219164 
0.40039447731755423 0.33081489476524545 
0.3214990138067061 0.33199541284403666 
0.2504930966469428 0.33868501529051975 
0.20710059171597633 0.3440366972477063 
0.2879684418145957 0.3348623853211008 
0.23076923076923078 0.3411175979983319 
0.26627218934911245 0.33662667607621727 

0.15779092702169625 0.347604485219164 
0.40039447731755423 0.3297655453618756 
0.16173570019723865 0.3440366972477063 
0.28007889546351084 0.3411175979983319 
0.33136094674556216 0.3348623853211008 
0.2958579881656805 0.33662667607621727 
0.33925049309664695 0.33199541284403666 
0.358974358974359 0.33081489476524545 
0.29191321499013806 0.33868501529051975 

0.15976331360946747 0.9942660550458714 
0.9250493096646942 0.3288266537904393 
0.1794871794871795 0.9898063200815492 
0.1814595660749507 0.35779816513761475 
0.5502958579881657 0.33199541284403666 
0.7080867850098619 0.33081489476524545 
0.23076923076923078 0.33868501529051975 
0.33925049309664695 0.33662667607621727 
0.4418145956607495 0.33333333333333326 
0.35700197238658776 0.3348623853211008 
0.1854043392504931 0.3520642201834862 
0.21696252465483234 0.3440366972477063 
0.20118343195266272 0.347604485219164 

0.14792899408284024 0.35779816513761475 
0.35502958579881655 0.3297655453618756 
0.20907297830374755 0.33868501529051975 
0.33136094674556216 0.3348623853211008 
0.15384615384615385 0.3520642201834862 
0.1992110453648915 0.3440366972477063 
0.27218934911242604 0.33662667607621727 

0.3767258382642998 0.3297655453618756 
0.16568047337278108 0.3520642201834862 
0.2603550295857988 0.3440366972477063 
0.17159763313609466 0.347604485219164 
0.2682445759368836 0.33868501529051975 
0.3175542406311637 0.33199541284403666 
0.28994082840236685 0.3348623853211008 
0.34714003944773175 0.33081489476524545 
0.28205128205128205 0.33662667607621727 

0.1755424063116371 0.347604485219164 
0.3747534516765286 0.3297655453618756 
0.2702169625246548 0.33199541284403666 
0.20710059171597633 0.3411175979983319 
0.21696252465483234 0.33868501529051975 
0.3254437869822485 0.33081489476524545 
0.22682445759368836 0.33662667607621727 

0.1814595660749507 0.347604485219164 
0.4161735700197239 0.3288266537904393 
0.22287968441814596 0.33662667607621727 
0.32741617357001973 0.33081489476524545 
0.1854043392504931 0.3440366972477063 
0.3136094674556213 0.33333333333333326 
0.26429980276134124 0.3348623853211008 

0.1913214990138067 0.347604485219164 
0.3708086785009862 0.3297655453618756 
0.27218934911242604 0.33662667607621727 
0.2406311637080868 0.3411175979983319 
0.3333333333333333 0.3348623853211008 
0.26429980276134124 0.33868501529051975 
0.34516765285996054 0.33199541284403666 
0.3629191321499014 0.33081489476524545 
0.3431952662721893 0.33333333333333326 

0.13806706114398423 0.347604485219164 
0.4891518737672584 0.3288266537904393 
0.23471400394477318 0.33868501529051975 
0.33925049309664695 0.3297655453618756 
0.33727810650887574 0.33199541284403666 
0.2978303747534517 0.33333333333333326 
0.26232741617357 0.33662667607621727 
0.28205128205128205 0.3348623853211008 

0.15976331360946747 0.3520642201834862 
0.28994082840236685 0.33199541284403666 
0.23668639053254437 0.33333333333333326 
0.22485207100591717 0.33662667607621727 
0.1873767258382643 0.33868501529051975 
0.16370808678500987 0.347604485219164 
0.1755424063116371 0.3411175979983319 
0.17159763313609466 0.3440366972477063 

