1718.0 95.01369863013699 
1454.0 472.04 
1466.0 467.0344827586207 
1472.0 111.02272727272727 
1677.0 95.015625 
1595.0 95.01587301587301 
1545.0 95.01639344262296 
1593.0 95.01612903225806 
1486.0 95.01886792452831 
1526.0 95.01851851851852 
1697.0 95.01515151515152 
1539.0 95.01724137931035 
1532.0 95.01818181818182 
1474.0 105.02127659574468 
1460.0 470.0357142857143 
1456.0 470.037037037037 
1482.0 95.01960784313725 
1462.0 467.0357142857143 
1476.0 103.02083333333333 
1478.0 99.0204081632653 
1480.0 97.01960784313725 
1461.0 469.0357142857143 
