0.0722588752748979 0.020289351516156046 
0.033930254476908575 0.0557391576461576 
0.04272698711907006 0.03294719607368281 
0.0373861137291863 0.0506717686462044 
0.05435124096764059 0.025357784176569722 
0.038956958843858 0.035482344740567696 
0.05560791705937795 0.020292006829212318 
0.03455859252277725 0.05067513785443018 
0.05497957901350927 0.020292961353513567 
0.040841972981464025 0.03294808055951335 
0.039271127866792335 0.03548135203529437 
0.03581526861451461 0.050672844921054304 

0.03110273327049953 0.9696151051798776 
0.14011938422871506 0.03293597182391798 
0.033930254476908575 0.9670707252024169 
0.03770028275212064 0.06839876631347824 
0.10116242538485705 0.032940499252394534 
0.1259817781966698 0.03293987142539877 
0.06063462142632736 0.03294396312547469 
0.0845114671693371 0.03294250829878102 
0.05969211435752435 0.03294719607368281 
0.0430411561420044 0.03294808055951335 
0.13949104618284638 0.032939262916156724 
0.03832862079798932 0.05320653630139365 
0.03958529688972667 0.03801585268623696 
0.04115614200439836 0.032948999064029656 
0.032359409362236885 0.9696050333027676 
0.04052780395852969 0.03801374318753116 

0.03110273327049953 0.9746649205433073 
0.1096449890040842 0.025345067575266316 
0.033930254476908575 0.9721364317497311 
0.038014451775054976 0.06840016797374787 
0.08136977693999371 0.025353885218622946 
0.053094564875903236 0.025354803723139255 
0.0860823122840088 0.025350533482844096 
0.10210493245366006 0.025349767784584285 
0.04272698711907006 0.0253557582474405 
0.10744580584354382 0.02534695199098365 
0.03989946591266101 0.025357784176569722 
0.03864278982092366 0.05320213386931197 
0.039271127866792335 0.03801477641138706 
0.03267357838517122 0.9721395492355032 

0.09896324222431668 0.020281108156220223 
0.033930254476908575 0.05067636075223066 
0.03581526861451461 0.020292006829212318 
0.03455859252277725 0.035484454239273495 
0.06974552309142319 0.02028227068133938 
0.06848884699968583 0.02028287919058143 
0.04963870562362551 0.020283507017577196 
0.047753691486019476 0.02028697089065735 
0.03770028275212064 0.02029108832469601 

0.0640904806786051 0.02028227068133938 
0.035186930568645934 0.043083443895404354 
0.03581526861451461 0.027891380972162785 
0.04743952246308514 0.02028415509705671 
0.06314797360980208 0.020283507017577196 
0.0373861137291863 0.02282535250575035 
0.04147031102733271 0.020292006829212318 
0.04398366321080741 0.02029108832469601 
0.046182846371347785 0.02028697089065735 
0.04681118441721646 0.02028623114827072 

0.036757775683317624 0.9999882805627455 
0.16588124410933083 0.02027663396414976 
0.0373861137291863 0.0557404361302217 
0.14263273641218976 0.02027800278090192 
0.05717876217404964 0.02028697089065735 
0.07948476280238768 0.02028623114827072 
0.11153000314169023 0.02028055253759709 
0.1306943135406849 0.020280013023861586 
0.1112158341187559 0.02028287919058143 
0.09393653785736726 0.020283507017577196 
0.04052780395852969 0.02029108832469601 
0.05403707194470625 0.02029020383886547 
0.08294062205466542 0.02028482442504376 
0.13257932767829092 0.02027948892480426 
0.039271127866792335 0.040549544066576314 
0.03989946591266101 0.025356750952713822 
0.03864278982092366 0.04561234096050325 
0.055922086082312285 0.020289351516156046 

0.031416902293433864 0.9695994017155665 
0.2126924285265473 0.02027663396414976 
0.035186930568645934 0.02029108832469601 
0.03424442349984291 0.9670654514556524 
0.13226515865535657 0.02028055253759709 
0.1705937794533459 0.02027897958910064 
0.17781966698083568 0.02027800278090192 
0.060006283380458686 0.020283507017577196 
0.08796732642161482 0.02028227068133938 
0.10493245366006912 0.020281680611771314 
0.13038014451775054 0.020281108156220223 
0.05969211435752435 0.02028697089065735 
0.040841972981464025 0.020289351516156046 
0.03267357838517122 0.9670767523415763 
0.0333019164310399 0.967068003268603 

0.03864278982092366 0.05320653630139365 
0.22368834432924914 0.03293081710113442 
0.040841972981464025 0.032948999064029656 
0.039271127866792335 0.048139336975385034 
0.18818724473766887 0.032932772150908084 
0.07822808671065033 0.03294322338308806 
0.18190386427898209 0.03293499501571926 
0.15017279296261388 0.03293597182391798 
0.12472510210493246 0.0329364811596216 
0.09707822808671066 0.03293987142539877 
0.11624253848570532 0.032939262916156724 
0.05937794533459001 0.03294396312547469 
0.09299403078856425 0.0329418166598611 
0.05529374803644361 0.03294719607368281 
0.1234684260131951 0.032938672846588656 
0.09362236883443292 0.03294114733187405 
0.05655042412818096 0.032946343750973384 

0.2089224002513352 0.02027753417696876 
0.03298774740810556 0.9670736348558042 
0.03455859252277725 0.040549544066576314 
0.1218975808985234 0.02027948892480426 
0.16022620169651272 0.02027897958910064 
0.10367577756833177 0.02028227068133938 
0.0747722274583726 0.02028287919058143 
0.10524662268300346 0.020280013023861586 
0.06314797360980208 0.02028415509705671 
0.047753691486019476 0.02028697089065735 
0.058435438265786996 0.02028551606396368 
0.036757775683317624 0.02029108832469601 
0.04492617027961043 0.020289351516156046 
0.035186930568645934 0.02535886045141962 

0.11467169337103361 0.02027800278090192 
0.03173107131636821 0.9746817965329537 
0.03550109959158027 0.9620108379618773 
0.0373861137291863 0.06080323302414863 
0.10179076343072573 0.02028287919058143 
0.07602890355010995 0.020283507017577196 
0.060320452403393024 0.02028482442504376 
0.07540056550424128 0.02028415509705671 
0.041784480050267046 0.02029108832469601 
0.05435124096764059 0.02029020383886547 
0.1080741438894125 0.020281680611771314 
0.058435438265786996 0.02028697089065735 
0.05623625510524662 0.020289351516156046 
0.038014451775054976 0.04561117010090706 
0.03361608545397424 0.9696081507885397 
0.032359409362236885 0.9696114991991838 
0.04052780395852969 0.020292961353513567 
0.03424442349984291 0.9620139554476493 
0.03864278982092366 0.04054725113320043 
0.039271127866792335 0.03042058107049666 
0.03989946591266101 0.0253557582474405 
0.033930254476908575 0.9670767523415763 

