0.17553191489361702 0.3522292993630573 
0.3599290780141844 0.329936305732484 
0.225177304964539 0.33885350318471325 
0.17907801418439717 0.34777070063694254 
0.29609929078014185 0.3350318471337579 
0.25886524822695034 0.33679568838804497 
0.3067375886524823 0.3321656050955414 
0.3280141843971631 0.3309853877856874 
0.35638297872340424 0.329936305732484 
0.14184397163120568 0.34777070063694254 
0.22872340425531915 0.33679568838804497 
0.29609929078014185 0.3350318471337579 
0.18262411347517732 0.3412854661262304 
0.18617021276595744 0.33885350318471325 
0.3173758865248227 0.3309853877856874 
0.3067375886524823 0.3335031847133757 
0.15602836879432624 0.34777070063694254 
0.5620567375886525 0.3260592633619496 
0.2393617021276596 0.34420382165605085 
0.40602836879432624 0.33679568838804497 
0.45567375886524825 0.3350318471337579 
0.4804964539007092 0.329936305732484 
0.5195035460992907 0.32738853503184706 
0.4698581560283688 0.3309853877856874 
0.09219858156028368 0.34777070063694254 
0.24468085106382978 0.33679568838804497 
0.1879432624113475 0.34420382165605085 
0.20567375886524822 0.3412854661262304 
0.14893617021276595 0.34777070063694254 
0.35106382978723405 0.329936305732484 
0.2375886524822695 0.33679568838804497 
0.17907801418439717 0.33885350318471325 
0.2783687943262411 0.3309853877856874 
0.1702127659574468 0.3412854661262304 
0.2695035460992908 0.3321656050955414 
0.16134751773049646 0.34777070063694254 
0.33687943262411346 0.329936305732484 
0.3102836879432624 0.3309853877856874 
0.22163120567375885 0.33679568838804497 
0.20567375886524822 0.3412854661262304 
0.2074468085106383 0.33885350318471325 
0.14893617021276595 0.3522292993630573 
0.42730496453900707 0.3289976533690914 
0.32092198581560283 0.329936305732484 
0.2322695035460993 0.3321656050955414 
0.3102836879432624 0.3309853877856874 
0.1702127659574468 0.34420382165605085 
0.20035460992907803 0.3335031847133757 
0.17375886524822695 0.33885350318471325 
0.1524822695035461 0.34777070063694254 
0.18085106382978725 0.33679568838804497 
0.1347517730496454 0.3522292993630573 
0.3475177304964539 0.329936305732484 
0.2695035460992908 0.3309853877856874 
0.17907801418439717 0.33885350318471325 
0.2375886524822695 0.33679568838804497 
0.14361702127659576 0.34777070063694254 
0.15780141843971632 0.34420382165605085 
0.24822695035460993 0.3350318471337579 
0.25886524822695034 0.3321656050955414 
0.1702127659574468 0.3412854661262304 
0.17198581560283688 0.3522292993630573 
0.33687943262411346 0.329936305732484 
0.3102836879432624 0.3321656050955414 
0.2074468085106383 0.33885350318471325 
0.24822695035460993 0.33679568838804497 
0.17907801418439717 0.34777070063694254 
0.32092198581560283 0.3309853877856874 
0.15780141843971632 0.34777070063694254 
0.8191489361702128 0.3260592633619496 
0.20921985815602837 0.34420382165605085 
0.5390070921985816 0.3335031847133757 
0.6578014184397163 0.3266936884771281 
0.6312056737588653 0.32738853503184706 
0.6046099290780141 0.329936305732484 
0.549645390070922 0.3321656050955414 
0.5886524822695035 0.3309853877856874 
0.4787234042553192 0.3289976533690914 
0.1453900709219858 0.34777070063694254 
0.3280141843971631 0.329936305732484 
0.26773049645390073 0.3321656050955414 
0.24822695035460993 0.33885350318471325 
0.20921985815602837 0.34420382165605085 
0.2393617021276596 0.3412854661262304 
0.15070921985815602 0.34777070063694254 
0.34397163120567376 0.329936305732484 
0.2198581560283688 0.3350318471337579 
0.2925531914893617 0.3309853877856874 
0.18439716312056736 0.33885350318471325 
0.24645390070921985 0.3321656050955414 
0.17198581560283688 0.34420382165605085 
0.17553191489361702 0.3412854661262304 
0.2429078014184397 0.3335031847133757 
0.35815602836879434 0.329936305732484 
0.14361702127659576 1.0 
0.14893617021276595 0.989808917197452 
0.17553191489361702 0.34777070063694254 
0.28900709219858156 0.3309853877856874 
0.24468085106382978 0.33679568838804497 
0.2854609929078014 0.3321656050955414 
0.19858156028368795 0.34420382165605085 
0.22163120567375885 0.33885350318471325 
0.3599290780141844 0.329936305732484 
0.16489361702127658 0.9942675159235668 
0.16843971631205673 0.3522292993630573 
0.23049645390070922 0.34420382165605085 
0.17553191489361702 0.34777070063694254 
0.31560283687943264 0.3350318471337579 
0.2765957446808511 0.33679568838804497 
0.3280141843971631 0.3309853877856874 
0.25177304964539005 0.33885350318471325 
0.16312056737588654 0.34777070063694254 
0.374113475177305 0.3289976533690914 
0.2429078014184397 0.329936305732484 
0.19148936170212766 0.33885350318471325 
0.2127659574468085 0.3321656050955414 
0.20567375886524822 0.3350318471337579 
0.19326241134751773 0.33679568838804497 
0.22695035460992907 0.3309853877856874 
0.36347517730496454 0.329936305732484 
0.1595744680851064 0.3522292993630573 
0.20212765957446807 0.33885350318471325 
0.2553191489361702 0.33679568838804497 
0.20035460992907803 0.34420382165605085 
0.16666666666666666 0.34777070063694254 
0.3102836879432624 0.3321656050955414 
0.3333333333333333 0.3309853877856874 
0.46808510638297873 0.3289976533690914 
0.13120567375886524 0.3522292993630573 
0.324468085106383 0.329936305732484 
0.20390070921985815 0.3350318471337579 
0.1347517730496454 0.34777070063694254 
0.17198581560283688 0.34420382165605085 
0.17553191489361702 0.3412854661262304 
0.18439716312056736 0.33885350318471325 
0.19680851063829788 0.33679568838804497 
0.15602836879432624 0.3522292993630573 
0.3421985815602837 0.329936305732484 
0.20035460992907803 0.34420382165605085 
0.26773049645390073 0.33679568838804497 
0.1595744680851064 0.34777070063694254 
0.2783687943262411 0.3335031847133757 
0.3067375886524823 0.3321656050955414 
0.31382978723404253 0.3309853877856874 
0.3421985815602837 0.329936305732484 
0.17375886524822695 0.3522292993630573 
0.19680851063829788 0.33885350318471325 
0.2712765957446808 0.3321656050955414 
0.3351063829787234 0.3309853877856874 
0.25177304964539005 0.33679568838804497 
0.1879432624113475 0.34420382165605085 
0.18439716312056736 0.34777070063694254 
0.26063829787234044 0.3350318471337579 
0.12411347517730496 0.35796178343949053 
0.5514184397163121 0.329936305732484 
0.2127659574468085 0.3309853877856874 
0.17198581560283688 0.33679568838804497 
0.13652482269503546 0.3522292993630573 
0.1950354609929078 0.3350318471337579 
0.19858156028368795 0.3321656050955414 
0.46631205673758863 0.3289976533690914 
0.1453900709219858 0.3522292993630573 
0.3102836879432624 0.329936305732484 
0.15602836879432624 0.34777070063694254 
0.17198581560283688 0.3412854661262304 
0.2322695035460993 0.3350318471337579 
0.17907801418439717 0.33679568838804497 
0.2641843971631206 0.3309853877856874 
0.26063829787234044 0.3321656050955414 
0.17553191489361702 0.33885350318471325 
0.12056737588652482 0.017834394904458675 
0.16843971631205673 0.014012738853503275 
0.12943262411347517 0.015776580107790383 
0.29609929078014185 0.32815286624203815 
0.12943262411347517 0.34777070063694254 
0.15070921985815602 0.34420382165605085 
0.2074468085106383 0.33885350318471325 
0.2393617021276596 0.3350318471337579 
0.24822695035460993 0.329936305732484 
0.21808510638297873 0.33679568838804497 
0.2695035460992908 0.3289976533690914 
0.12056737588652482 0.34777070063694254 
0.36347517730496454 0.3289976533690914 
0.1702127659574468 0.34420382165605085 
0.35638297872340424 0.3309853877856874 
0.2624113475177305 0.3350318471337579 
0.25354609929078015 0.33679568838804497 
0.13297872340425532 0.34777070063694254 
0.2925531914893617 0.32738853503184706 
0.1400709219858156 0.33885350318471325 
0.20212765957446807 0.33679568838804497 
0.24645390070921985 0.3350318471337579 
0.2730496453900709 0.3289976533690914 
0.25 0.3335031847133757 
0.26595744680851063 0.3309853877856874 
0.26063829787234044 0.3321656050955414 
0.2801418439716312 0.32815286624203815 
0.29609929078014185 0.329936305732484 
0.13297872340425532 0.989808917197452 
0.16489361702127658 0.34777070063694254 
0.14184397163120568 0.9862420382165603 
0.20212765957446807 0.34420382165605085 
0.2322695035460993 0.33679568838804497 
0.2641843971631206 0.3350318471337579 
0.274822695035461 0.3335031847133757 
0.2854609929078014 0.3309853877856874 
0.11524822695035461 0.34777070063694254 
0.601063829787234 0.32494267515923564 
0.17198581560283688 0.34420382165605085 
0.5833333333333334 0.3260592633619496 
0.39184397163120566 0.3289976533690914 
0.20390070921985815 0.3350318471337579 
0.2393617021276596 0.329936305732484 
0.2127659574468085 0.3309853877856874 
0.12943262411347517 0.3522292993630573 
0.9113475177304965 0.3239915074309979 
0.5088652482269503 0.3266936884771281 
0.7783687943262412 0.3254777070063695 
0.2393617021276596 0.3350318471337579 
0.13297872340425532 0.34777070063694254 
0.3953900709219858 0.3289976533690914 
0.8882978723404256 0.32494267515923564 
0.33156028368794327 0.3335031847133757 
0.16134751773049646 0.34420382165605085 
0.1879432624113475 0.3412854661262304 
0.19858156028368795 0.33885350318471325 
0.22340425531914893 0.33679568838804497 
0.3421985815602837 0.3321656050955414 
0.37056737588652483 0.329936305732484 
0.3599290780141844 0.3309853877856874 
0.5425531914893617 0.3221337579617834 
0.06028368794326241 0.34777070063694254 
0.2322695035460993 0.329936305732484 
0.5319148936170213 0.32280254777070055 
0.10283687943262411 0.3412854661262304 
0.11170212765957446 0.33885350318471325 
0.15425531914893617 0.33679568838804497 
0.16666666666666666 0.3321656050955414 
0.20212765957446807 0.3309853877856874 
0.15602836879432624 0.3350318471337579 
0.1595744680851064 0.3335031847133757 
0.5336879432624113 0.3224573659338401 
0.09929078014184398 0.3522292993630573 
0.3049645390070922 0.329936305732484 
0.19148936170212766 0.3321656050955414 
0.15602836879432624 0.34420382165605085 
0.10283687943262411 0.34777070063694254 
0.274822695035461 0.3309853877856874 
0.16489361702127658 0.33885350318471325 
0.1773049645390071 0.33679568838804497 
0.1453900709219858 0.34777070063694254 
0.37943262411347517 0.3289976533690914 
0.18262411347517732 0.33885350318471325 
0.2730496453900709 0.329936305732484 
0.22872340425531915 0.33679568838804497 
0.24113475177304963 0.3350318471337579 
0.2570921985815603 0.3321656050955414 
0.26063829787234044 0.3309853877856874 
0.4237588652482269 0.3260592633619496 
0.1347517730496454 0.989808917197452 
0.15425531914893617 0.34777070063694254 
0.2854609929078014 0.3289976533690914 
0.22340425531914893 0.3350318471337579 
0.16843971631205673 0.33679568838804497 
0.25886524822695034 0.329936305732484 
0.24822695035460993 0.3309853877856874 
0.16666666666666666 0.33885350318471325 
0.299645390070922 0.3289976533690914 
0.11524822695035461 0.34777070063694254 
0.14716312056737588 0.33885350318471325 
0.1879432624113475 0.33679568838804497 
0.19858156028368795 0.3321656050955414 
0.2393617021276596 0.3309853877856874 
0.3475177304964539 0.3289976533690914 
0.19680851063829788 0.329936305732484 
0.3617021276595745 0.3266936884771281 
0.09929078014184398 0.33885350318471325 
0.4237588652482269 0.3260592633619496 
0.1524822695035461 0.3321656050955414 
0.13120567375886524 0.34420382165605085 
0.3067375886524823 0.3289976533690914 
0.15780141843971632 0.33885350318471325 
0.1879432624113475 0.33679568838804497 
0.2695035460992908 0.329936305732484 
0.2429078014184397 0.3350318471337579 
0.25354609929078015 0.3335031847133757 
0.09397163120567376 0.34777070063694254 
0.29432624113475175 0.329936305732484 
0.17553191489361702 0.33885350318471325 
0.23404255319148937 0.3309853877856874 
0.225177304964539 0.33679568838804497 
0.2872340425531915 0.3289976533690914 
0.09397163120567376 0.34777070063694254 
0.18262411347517732 0.33885350318471325 
0.2198581560283688 0.33679568838804497 
0.23404255319148937 0.3309853877856874 
0.2765957446808511 0.329936305732484 
0.22695035460992907 0.3350318471337579 
0.23049645390070922 0.3321656050955414 
0.1276595744680851 0.34420382165605085 
0.11879432624113476 0.34777070063694254 
0.24113475177304963 0.3289976533690914 
0.12234042553191489 0.34777070063694254 
0.16489361702127658 0.3412854661262304 
0.17375886524822695 0.33679568838804497 
0.21631205673758866 0.3335031847133757 
0.23049645390070922 0.329936305732484 
0.11347517730496454 0.34777070063694254 
0.37056737588652483 0.3260592633619496 
0.3546099290780142 0.3289976533690914 
0.28191489361702127 0.329936305732484 
0.1400709219858156 0.3412854661262304 
0.2198581560283688 0.3309853877856874 
0.1702127659574468 0.3321656050955414 
0.14184397163120568 0.33885350318471325 
0.15780141843971632 0.3335031847133757 
0.15070921985815602 0.3350318471337579 
0.14716312056737588 0.33679568838804497 
0.07624113475177305 0.02675159235668794 
0.08333333333333333 0.023184713375796234 
0.2570921985815603 0.3254777070063695 
0.10815602836879433 0.34777070063694254 
0.13120567375886524 0.33885350318471325 
0.15070921985815602 0.33679568838804497 
0.20567375886524822 0.3289976533690914 
0.16843971631205673 0.329936305732484 
0.16666666666666666 0.3309853877856874 
0.22340425531914893 0.32738853503184706 
0.24822695035460993 0.3260592633619496 
0.07801418439716312 0.34777070063694254 
0.19680851063829788 0.3266936884771281 
0.09929078014184398 0.34420382165605085 
0.1595744680851064 0.329936305732484 
0.17375886524822695 0.3289976533690914 
0.11347517730496454 0.33885350318471325 
0.1276595744680851 0.33679568838804497 
0.10460992907801418 0.3412854661262304 
0.1453900709219858 0.3335031847133757 
0.14184397163120568 0.3350318471337579 
0.005319148936170213 0.02675159235668794 
0.08156028368794327 0.34420382165605085 
0.6914893617021277 0.32280254777070055 
0.4450354609929078 0.32317153525148246 
0.11347517730496454 0.33679568838804497 
0.24822695035460993 0.3254777070063695 
0.31560283687943264 0.32494267515923564 
0.40602836879432624 0.3244487996080352 
0.14893617021276595 0.3335031847133757 
0.15602836879432624 0.3309853877856874 
0.22340425531914893 0.32738853503184706 
0.13829787234042554 0.3350318471337579 
0.1773049645390071 0.3289976533690914 
0.20921985815602837 0.32815286624203815 
0.42907801418439717 0.3239915074309979 
0.16666666666666666 0.329936305732484 
0.21808510638297873 0.3289976533690914 
0.0726950354609929 0.34777070063694254 
0.1099290780141844 0.33679568838804497 
0.1524822695035461 0.3350318471337579 
0.18439716312056736 0.329936305732484 
0.16312056737588654 0.3335031847133757 
0.17375886524822695 0.3309853877856874 
0.06205673758865248 0.33885350318471325 
0.5212765957446809 0.0 
0.10460992907801418 0.012484076433121116 
0.3953900709219858 2.547770700636933E-4 
0.16312056737588654 0.006369426751592333 
0.2198581560283688 0.005040155081694914 
0.24468085106382978 0.003923566878980934 
0.29609929078014185 0.003429691327780487 
0.3173758865248227 0.0021524269712277443 
0.34397163120567376 0.0017834394904458534 
0.37056737588652483 0.0014382576535853931 
0.30141843971631205 0.0029723991507431837 
0.13652482269503546 0.007978545088836825 
0.15070921985815602 0.0071337579617834134 
0.23049645390070922 0.004458598726114633 
0.38475177304964536 0.0011146496815286938 
0.11524822695035461 0.011146496815286655 
0.12588652482269502 0.008917197452229266 
0.39184397163120566 8.106543138390501E-4 
0.15070921985815602 0.34777070063694254 
0.8900709219858156 0.0014382576535853931 
0.4432624113475177 0.005040155081694914 
0.4397163120567376 0.3260592633619496 
0.6382978723404256 0.0021524269712277443 
0.8120567375886525 0.0017834394904458534 
0.3120567375886525 0.3412854661262304 
0.5212765957446809 0.0025477707006369334 
0.37056737588652483 0.3350318471337579 
0.49822695035460995 0.003429691327780487 
0.3191489361702128 0.33885350318471325 
0.3971631205673759 0.3309853877856874 
0.42021276595744683 0.3266936884771281 
0.3776595744680851 0.3321656050955414 
0.047872340425531915 0.34777070063694254 
0.41134751773049644 0.003429691327780487 
0.10815602836879433 0.015776580107790383 
0.2553191489361702 0.005674580196873208 
0.33865248226950356 0.005040155081694914 
0.1773049645390071 0.014012738853503275 
0.3882978723404255 0.004458598726114633 
0.22695035460992907 0.0071337579617834134 
0.19680851063829788 0.008917197452229266 
0.4024822695035461 0.003923566878980934 
0.18262411347517732 0.011146496815286655 
0.19326241134751773 0.00996627950543271 
0.2429078014184397 0.004458598726114633 
0.08333333333333333 0.011146496815286655 
0.13652482269503546 0.0071337579617834134 
0.1595744680851064 0.005040155081694914 
0.15070921985815602 0.005674580196873208 
0.0425531914893617 0.02675159235668794 
0.05319148936170213 0.023184713375796234 
0.8226950354609929 0.3224573659338401 
0.09219858156028368 0.34777070063694254 
0.14361702127659576 0.3350318471337579 
0.574468085106383 0.32280254777070055 
0.5673758865248227 0.3244487996080352 
0.3829787234042553 0.32494267515923564 
0.15425531914893617 0.3309853877856874 
0.21453900709219859 0.32815286624203815 
0.1773049645390071 0.3289976533690914 
0.28900709219858156 0.32738853503184706 
0.3333333333333333 0.3266936884771281 
0.35638297872340424 0.3260592633619496 
0.09042553191489362 0.33885350318471325 
0.3829787234042553 0.32494267515923564 
0.36879432624113473 0.32738853503184706 
0.24468085106382978 0.32815286624203815 
0.17198581560283688 0.3289976533690914 
0.13297872340425532 0.33679568838804497 
0.1347517730496454 0.3350318471337579 
0.14361702127659576 0.3321656050955414 
0.1453900709219858 0.3309853877856874 
0.16312056737588654 0.329936305732484 
0.07446808510638298 0.023184713375796234 
0.5070921985815603 0.0021524269712277443 
0.1400709219858156 0.015776580107790383 
0.21808510638297873 0.0071337579617834134 
0.3280141843971631 0.006369426751592333 
0.1950354609929078 0.012484076433121116 
0.20567375886524822 0.007978545088836825 
0.3900709219858156 0.0029723991507431837 
0.4627659574468085 0.0025477707006369334 
0.18262411347517732 0.014012738853503275 
0.3546099290780142 0.003923566878980934 
0.38120567375886527 0.003429691327780487 
0.34574468085106386 0.005674580196873208 
0.35106382978723405 0.005040155081694914 
0.3528368794326241 0.004458598726114633 
0.07092198581560284 0.34777070063694254 
0.25 0.003923566878980934 
0.12056737588652482 0.33885350318471325 
0.14184397163120568 0.015776580107790383 
0.20567375886524822 0.005040155081694914 
0.18262411347517732 0.0071337579617834134 
0.1453900709219858 0.012484076433121116 
0.16312056737588654 0.00996627950543271 
0.16489361702127658 0.007978545088836825 
0.5691489361702128 0.3221337579617834 
0.0975177304964539 0.34420382165605085 
0.10106382978723404 0.3321656050955414 
0.17198581560283688 0.32494267515923564 
0.30141843971631205 0.3244487996080352 
0.4219858156028369 0.3239915074309979 
0.5035460992907801 0.32356687898089165 
0.1276595744680851 0.3266936884771281 
0.11347517730496454 0.329936305732484 
0.5301418439716312 0.3224573659338401 
0.1524822695035461 0.3254777070063695 
0.12056737588652482 0.32815286624203815 
0.5070921985815603 0.32280254777070055 
0.08687943262411348 0.017834394904458675 
0.37056737588652483 0.003923566878980934 
0.2624113475177305 0.005040155081694914 
0.15070921985815602 0.011146496815286655 
0.3546099290780142 0.004458598726114633 
0.25354609929078015 0.007978545088836825 
0.16489361702127658 0.00996627950543271 
0.225177304964539 0.008917197452229266 
0.03368794326241135 0.017834394904458675 
0.28191489361702127 0.004458598726114633 
0.10460992907801418 0.0071337579617834134 
0.23581560283687944 0.006369426751592333 
0.06914893617021277 0.015776580107790383 
0.2375886524822695 0.005674580196873208 
0.2712765957446808 0.005040155081694914 
0.07092198581560284 0.014012738853503275 
0.0797872340425532 0.012484076433121116 
0.08156028368794327 0.011146496815286655 
0.09042553191489362 0.00996627950543271 
0.09397163120567376 0.008917197452229266 
0.10106382978723404 0.007978545088836825 
0.11879432624113476 0.33679568838804497 
0.25 0.32738853503184706 
0.15780141843971632 0.3289976533690914 
0.2393617021276596 0.32815286624203815 
0.13652482269503546 0.3335031847133757 
0.14716312056737588 0.3309853877856874 
0.07624113475177305 0.023184713375796234 
0.8191489361702128 0.0014382576535853931 
0.11347517730496454 0.015776580107790383 
0.5868794326241135 0.0017834394904458534 
0.17375886524822695 0.014012738853503275 
0.4574468085106383 0.0021524269712277443 
0.26773049645390073 0.005040155081694914 
0.18617021276595744 0.011146496815286655 
0.35638297872340424 0.004458598726114633 
0.41134751773049644 0.003923566878980934 
0.24113475177304963 0.005674580196873208 
0.2393617021276596 0.0071337579617834134 
0.21808510638297873 0.007978545088836825 
0.20390070921985815 0.008917197452229266 
0.19680851063829788 0.00996627950543271 
0.43439716312056736 0.0025477707006369334 
0.4326241134751773 0.0029723991507431837 
0.030141843971631204 0.023184713375796234 
0.16312056737588654 0.007978545088836825 
0.06382978723404255 0.015776580107790383 
0.13120567375886524 0.012484076433121116 
0.14184397163120568 0.011146496815286655 
0.1524822695035461 0.008917197452229266 
0.851063829787234 0.3224573659338401 
0.0851063829787234 0.34777070063694254 
0.11524822695035461 0.33679568838804497 
0.09042553191489362 0.34420382165605085 
0.6524822695035462 0.32280254777070055 
0.21631205673758866 0.3289976533690914 
0.36524822695035464 0.3260592633619496 
0.5301418439716312 0.32356687898089165 
0.20212765957446807 0.3350318471337579 
0.450354609929078 0.3244487996080352 
0.20390070921985815 0.3335031847133757 
0.21453900709219859 0.3309853877856874 
0.41843971631205673 0.32494267515923564 
0.03368794326241135 0.34777070063694254 
0.22163120567375885 0.3289976533690914 
0.12588652482269502 0.329936305732484 
0.06205673758865248 0.3412854661262304 
0.08156028368794327 0.3321656050955414 
0.08865248226950355 0.3309853877856874 
0.07092198581560284 0.33679568838804497 
0.06914893617021277 0.33885350318471325 
0.040780141843971635 0.34777070063694254 
0.1453900709219858 0.329936305732484 
0.0797872340425532 0.3412854661262304 
0.0851063829787234 0.33885350318471325 
0.1099290780141844 0.33679568838804497 
0.12056737588652482 0.3350318471337579 
0.13120567375886524 0.3321656050955414 
0.1347517730496454 0.3309853877856874 
0.38120567375886527 0.3244487996080352 
0.08865248226950355 0.34420382165605085 
0.11879432624113476 0.33679568838804497 
0.2783687943262411 0.32494267515923564 
0.18617021276595744 0.32815286624203815 
0.14361702127659576 0.3309853877856874 
0.21631205673758866 0.3266936884771281 
0.15780141843971632 0.329936305732484 
0.13297872340425532 0.3335031847133757 
0.25177304964539005 0.3254777070063695 
0.24113475177304963 0.3260592633619496 
0.12943262411347517 0.3350318471337579 
0.4929078014184397 0.0 
0.031914893617021274 0.9862420382165603 
0.0851063829787234 0.33885350318471325 
0.09929078014184398 0.014012738853503275 
0.08865248226950355 0.33679568838804497 
0.37056737588652483 5.245410266017216E-4 
0.4734042553191489 2.547770700636933E-4 
0.3120567375886525 0.0021524269712277443 
0.2322695035460993 0.003429691327780487 
0.12943262411347517 0.008917197452229266 
0.1702127659574468 0.007978545088836825 
0.3351063829787234 0.0014382576535853931 
0.35106382978723405 0.0011146496815286938 
0.20035460992907803 0.005674580196873208 
0.21808510638297873 0.004458598726114633 
0.17198581560283688 0.0071337579617834134 
0.18617021276595744 0.006369426751592333 
0.11879432624113476 0.00996627950543271 
0.10815602836879433 0.012484076433121116 
0.225177304964539 0.003923566878980934 
0.0726950354609929 0.34777070063694254 
0.8439716312056738 0.3224573659338401 
0.6329787234042553 0.32280254777070055 
0.4716312056737589 0.32317153525148246 
0.30141843971631205 0.3239915074309979 
0.44858156028368795 0.32356687898089165 
0.07624113475177305 0.34420382165605085 
0.2322695035460993 0.32494267515923564 
0.17907801418439717 0.32815286624203815 
0.10283687943262411 0.3412854661262304 
0.16312056737588654 0.3309853877856874 
0.1099290780141844 0.33679568838804497 
0.10460992907801418 0.33885350318471325 
0.13297872340425532 0.3350318471337579 
0.2854609929078014 0.3244487996080352 
0.20567375886524822 0.3266936884771281 
0.15070921985815602 0.3335031847133757 
0.16134751773049646 0.3321656050955414 
0.1950354609929078 0.32738853503184706 
0.07092198581560284 0.34420382165605085 
0.2872340425531915 0.32494267515923564 
0.11170212765957446 0.33679568838804497 
0.16312056737588654 0.3350318471337579 
0.10638297872340426 0.33885350318471325 
0.18617021276595744 0.32815286624203815 
0.24468085106382978 0.3254777070063695 
0.18262411347517732 0.3309853877856874 
0.20921985815602837 0.32738853503184706 
0.17198581560283688 0.3335031847133757 
0.23404255319148937 0.3260592633619496 
0.05319148936170213 0.34420382165605085 
0.2553191489361702 0.004458598726114633 
0.08333333333333333 0.015776580107790383 
0.16489361702127658 0.007978545088836825 
0.11524822695035461 0.008917197452229266 
0.09397163120567376 0.011146496815286655 
0.012411347517730497 0.6652229299363055 
0.7570921985815603 0.3224573659338401 
0.047872340425531915 0.33885350318471325 
0.03368794326241135 0.6578147966682997 
0.2854609929078014 0.32494267515923564 
0.5177304964539007 0.32356687898089165 
0.6134751773049646 0.32280254777070055 
0.28191489361702127 0.3266936884771281 
0.20212765957446807 0.32738853503184706 
0.5407801418439716 0.32317153525148246 
0.10283687943262411 0.329936305732484 
0.17198581560283688 0.3289976533690914 
0.07801418439716312 0.3309853877856874 
0.18617021276595744 0.32815286624203815 
0.015957446808510637 0.6623045744064852 
0.05673758865248227 0.33679568838804497 
0.026595744680851064 0.659872611464968 
0.0673758865248227 0.3335031847133757 
0.07446808510638298 0.3321656050955414 
0.5531914893617021 0.3221337579617834 
0.09929078014184398 0.3350318471337579 
0.33865248226950356 0.3254777070063695 
0.4858156028368794 0.32280254777070055 
0.21631205673758866 0.3266936884771281 
0.13652482269503546 0.3309853877856874 
0.19326241134751773 0.3289976533690914 
0.11879432624113476 0.3335031847133757 
0.2907801418439716 0.3260592633619496 
0.16489361702127658 0.329936305732484 
0.5177304964539007 0.3224573659338401 
0.06382978723404255 0.34420382165605085 
0.6276595744680851 0.0011146496815286938 
0.1347517730496454 0.329936305732484 
0.13652482269503546 0.014012738853503275 
0.2322695035460993 0.003923566878980934 
0.3953900709219858 0.003429691327780487 
0.5336879432624113 0.0025477707006369334 
0.09574468085106383 0.3335031847133757 
0.09042553191489362 0.33679568838804497 
0.5620567375886525 0.0021524269712277443 
0.5815602836879432 0.0017834394904458534 
0.6046099290780141 0.0014382576535853931 
0.1524822695035461 0.012484076433121116 
0.22340425531914893 0.005040155081694914 
0.18262411347517732 0.007978545088836825 
0.19680851063829788 0.0071337579617834134 
0.20921985815602837 0.006369426751592333 
0.16134751773049646 0.00996627950543271 
0.17198581560283688 0.008917197452229266 
0.040780141843971635 0.017834394904458675 
0.7624113475177305 0.0014382576535853931 
0.5177304964539007 0.0017834394904458534 
0.3173758865248227 0.0029723991507431837 
0.4946808510638298 0.0021524269712277443 
0.09042553191489362 0.015776580107790383 
0.23404255319148937 0.003429691327780487 
0.09574468085106383 0.014012738853503275 
0.17907801418439717 0.005674580196873208 
0.18085106382978725 0.004458598726114633 
0.10460992907801418 0.012484076433121116 
0.11170212765957446 0.011146496815286655 
0.12411347517730496 0.007978545088836825 
0.20212765957446807 0.003923566878980934 
0.15780141843971632 0.006369426751592333 
0.1400709219858156 0.0071337579617834134 
0.11524822695035461 0.00996627950543271 
0.11702127659574468 0.008917197452229266 
0.0 0.02675159235668794 
0.5780141843971631 0.0014382576535853931 
0.2322695035460993 0.003923566878980934 
0.4574468085106383 0.003429691327780487 
0.02304964539007092 0.020266357845975684 
0.5549645390070922 0.0029723991507431837 
0.09042553191489362 0.007978545088836825 
0.16843971631205673 0.006369426751592333 
0.031914893617021274 0.017834394904458675 
0.19680851063829788 0.005674580196873208 
0.03900709219858156 0.015776580107790383 
0.0425531914893617 0.014012738853503275 
0.0726950354609929 0.008917197452229266 
0.05319148936170213 0.011146496815286655 
0.04964539007092199 0.012484076433121116 
0.22163120567375885 0.004458598726114633 
0.06205673758865248 0.00996627950543271 
0.05673758865248227 0.33679568838804497 
0.1524822695035461 0.3289976533690914 
0.09574468085106383 0.3350318471337579 
0.10815602836879433 0.329936305732484 
0.0975177304964539 0.3335031847133757 
0.10638297872340426 0.3309853877856874 
0.28900709219858156 0.3254777070063695 
0.07801418439716312 0.33679568838804497 
0.14184397163120568 0.32815286624203815 
0.1099290780141844 0.3321656050955414 
0.25886524822695034 0.3266936884771281 
0.12056737588652482 0.329936305732484 
0.2765957446808511 0.3260592633619496 
0.11702127659574468 0.3309853877856874 
0.051418439716312055 0.34420382165605085 
0.30141843971631205 0.005674580196873208 
0.21453900709219859 0.32815286624203815 
0.12943262411347517 0.3289976533690914 
0.10460992907801418 0.33679568838804497 
0.10815602836879433 0.3335031847133757 
0.12588652482269502 0.3309853877856874 
0.0 0.02675159235668794 
0.08687943262411348 0.017834394904458675 
0.28900709219858156 0.005040155081694914 
0.13120567375886524 0.014012738853503275 
0.225177304964539 0.006369426751592333 
0.26773049645390073 0.005674580196873208 
0.1879432624113475 0.0071337579617834134 
0.14184397163120568 0.012484076433121116 
0.1524822695035461 0.00996627950543271 
0.16666666666666666 0.007978545088836825 
0.16312056737588654 0.008917197452229266 
0.044326241134751775 0.34420382165605085 
0.3599290780141844 0.32494267515923564 
0.3262411347517731 0.32738853503184706 
0.13829787234042554 0.3289976533690914 
0.07092198581560284 0.33885350318471325 
0.0797872340425532 0.33679568838804497 
0.10283687943262411 0.3350318471337579 
0.3475177304964539 0.3254777070063695 
0.10460992907801418 0.3335031847133757 
0.11524822695035461 0.3309853877856874 
0.11347517730496454 0.3321656050955414 
0.1276595744680851 0.329936305732484 
0.10815602836879433 0.34777070063694254 
0.324468085106383 0.329936305732484 
0.16843971631205673 0.33885350318471325 
0.22872340425531915 0.33679568838804497 
0.2624113475177305 0.3309853877856874 
0.24468085106382978 0.3321656050955414 
0.32092198581560283 0.329936305732484 
0.14361702127659576 0.9942675159235668 
0.14893617021276595 0.34777070063694254 
0.22163120567375885 0.33679568838804497 
0.2907801418439716 0.3321656050955414 
0.19858156028368795 0.3412854661262304 
0.3173758865248227 0.3309853877856874 
0.20035460992907803 0.33885350318471325 
0.17553191489361702 0.34777070063694254 
0.6631205673758865 0.32494267515923564 
0.6294326241134752 0.3266936884771281 
0.3191489361702128 0.3309853877856874 
0.44148936170212766 0.329936305732484 
0.20390070921985815 0.33885350318471325 
0.49822695035460995 0.32738853503184706 
0.19858156028368795 0.34420382165605085 
0.30319148936170215 0.3321656050955414 
0.2907801418439716 0.3350318471337579 
0.24645390070921985 0.33679568838804497 
0.4627659574468085 0.32815286624203815 
0.6453900709219859 0.3254777070063695 
0.13829787234042554 0.34777070063694254 
0.25354609929078015 0.329936305732484 
0.16666666666666666 0.33885350318471325 
0.225177304964539 0.33679568838804497 
0.23581560283687944 0.3350318471337579 
0.2393617021276596 0.3321656050955414 
0.25 0.3309853877856874 
0.3528368794326241 0.329936305732484 
0.13297872340425532 0.34777070063694254 
0.1879432624113475 0.33885350318471325 
0.2553191489361702 0.33679568838804497 
0.274822695035461 0.3309853877856874 
0.15070921985815602 0.34420382165605085 
0.25886524822695034 0.3321656050955414 
0.13297872340425532 0.34777070063694254 
0.3670212765957447 0.3260592633619496 
0.24468085106382978 0.33679568838804497 
0.3191489361702128 0.3321656050955414 
0.1879432624113475 0.3412854661262304 
0.19148936170212766 0.33885350318471325 
0.3475177304964539 0.32815286624203815 
0.3333333333333333 0.329936305732484 
0.16134751773049646 0.34777070063694254 
0.3067375886524823 0.329936305732484 
0.20390070921985815 0.33885350318471325 
0.25 0.33679568838804497 
0.2783687943262411 0.3350318471337579 
0.2872340425531915 0.3309853877856874 
0.28368794326241137 0.3321656050955414 
0.1347517730496454 0.34777070063694254 
0.31382978723404253 0.329936305732484 
0.2322695035460993 0.3321656050955414 
0.1950354609929078 0.33679568838804497 
0.16666666666666666 0.3412854661262304 
0.2854609929078014 0.3309853877856874 
0.1702127659574468 0.33885350318471325 
0.12411347517730496 0.3522292993630573 
0.3351063829787234 0.3289976533690914 
0.16312056737588654 0.34420382165605085 
0.23404255319148937 0.3335031847133757 
0.13120567375886524 0.34777070063694254 
0.18085106382978725 0.33679568838804497 
0.2801418439716312 0.3321656050955414 
0.17375886524822695 0.33885350318471325 
0.3191489361702128 0.329936305732484 
0.4237588652482269 0.32815286624203815 
0.12943262411347517 0.34777070063694254 
0.3351063829787234 0.3289976533690914 
0.16489361702127658 0.3412854661262304 
0.18085106382978725 0.33679568838804497 
0.2624113475177305 0.3309853877856874 
0.23404255319148937 0.3321656050955414 
0.3173758865248227 0.329936305732484 
0.22872340425531915 0.3335031847133757 
0.16843971631205673 0.33885350318471325 
0.3333333333333333 0.3289976533690914 
0.10638297872340426 0.34777070063694254 
0.23049645390070922 0.3321656050955414 
0.225177304964539 0.33679568838804497 
0.1524822695035461 0.33885350318471325 
0.14361702127659576 0.3412854661262304 
0.2854609929078014 0.3309853877856874 
0.3067375886524823 0.329936305732484 
0.6524822695035462 0.3289976533690914 
0.1400709219858156 0.9942675159235668 
0.1453900709219858 0.34777070063694254 
0.14184397163120568 0.989808917197452 
0.32269503546099293 0.329936305732484 
0.18262411347517732 0.33885350318471325 
0.2322695035460993 0.33679568838804497 
0.2801418439716312 0.3350318471337579 
0.2907801418439716 0.3335031847133757 
0.3120567375886525 0.3309853877856874 
0.1453900709219858 0.3522292993630573 
0.3333333333333333 0.329936305732484 
0.14893617021276595 0.3412854661262304 
0.16134751773049646 0.33885350318471325 
0.2641843971631206 0.3309853877856874 
0.23404255319148937 0.3350318471337579 
0.24468085106382978 0.3335031847133757 
0.1276595744680851 0.34777070063694254 
0.32092198581560283 0.3289976533690914 
0.1773049645390071 0.33885350318471325 
0.2393617021276596 0.33679568838804497 
0.25354609929078015 0.3309853877856874 
0.3102836879432624 0.329936305732484 
0.25 0.3321656050955414 
0.13829787234042554 0.3522292993630573 
0.2854609929078014 0.329936305732484 
0.19680851063829788 0.33679568838804497 
0.14184397163120568 0.34777070063694254 
0.24113475177304963 0.3350318471337579 
0.24822695035460993 0.3321656050955414 
0.1773049645390071 0.34420382165605085 
0.18617021276595744 0.33885350318471325 
0.18262411347517732 0.3412854661262304 
0.2854609929078014 0.3289976533690914 
0.10106382978723404 0.989808917197452 
0.12943262411347517 0.34777070063694254 
0.16666666666666666 0.33885350318471325 
0.22340425531914893 0.33679568838804497 
0.24822695035460993 0.3350318471337579 
0.28191489361702127 0.329936305732484 
0.2695035460992908 0.3309853877856874 
0.25886524822695034 0.3321656050955414 
0.14184397163120568 0.34777070063694254 
0.34574468085106386 0.3289976533690914 
0.274822695035461 0.329936305732484 
0.16489361702127658 0.3412854661262304 
0.1773049645390071 0.33885350318471325 
0.225177304964539 0.3350318471337579 
0.23581560283687944 0.3335031847133757 
0.2553191489361702 0.3321656050955414 
0.2624113475177305 0.3309853877856874 
0.16312056737588654 0.34777070063694254 
0.3333333333333333 0.329936305732484 
0.20921985815602837 0.33679568838804497 
0.299645390070922 0.3321656050955414 
0.17198581560283688 0.34420382165605085 
0.3067375886524823 0.3309853877856874 
0.14184397163120568 0.34777070063694254 
0.3351063829787234 0.329936305732484 
0.18439716312056736 0.33885350318471325 
0.2641843971631206 0.3309853877856874 
0.2429078014184397 0.3350318471337579 
0.19326241134751773 0.33679568838804497 
0.25354609929078015 0.3321656050955414 
0.3421985815602837 0.329936305732484 
0.13652482269503546 0.9942675159235668 
0.1702127659574468 0.33885350318471325 
0.16489361702127658 0.9862420382165603 
0.25354609929078015 0.3309853877856874 
0.2198581560283688 0.33679568838804497 
0.1400709219858156 0.989808917197452 
0.24113475177304963 0.3321656050955414 
0.12056737588652482 0.34777070063694254 
0.7216312056737588 0.3224573659338401 
0.5833333333333334 0.32494267515923564 
0.42021276595744683 0.3289976533690914 
0.28191489361702127 0.3335031847133757 
0.374113475177305 0.3321656050955414 
0.20567375886524822 0.33679568838804497 
0.13829787234042554 0.34420382165605085 
0.17198581560283688 0.3412854661262304 
0.648936170212766 0.32317153525148246 
0.19680851063829788 0.33885350318471325 
0.625886524822695 0.32356687898089165 
0.6028368794326241 0.3244487996080352 
0.0797872340425532 0.34420382165605085 
0.5656028368794326 0.32494267515923564 
0.37943262411347517 0.3260592633619496 
0.14361702127659576 0.33885350318471325 
0.16666666666666666 0.3350318471337579 
0.1702127659574468 0.3321656050955414 
0.25 0.3289976533690914 
0.3102836879432624 0.32815286624203815 
0.19858156028368795 0.329936305732484 
0.3262411347517731 0.32738853503184706 
0.1879432624113475 0.3309853877856874 
0.0851063829787234 0.34777070063694254 
0.22340425531914893 0.32815286624203815 
0.1524822695035461 0.33679568838804497 
0.2127659574468085 0.3289976533690914 
0.19680851063829788 0.3335031847133757 
0.18262411347517732 0.3350318471337579 
0.0673758865248227 0.34420382165605085 
0.8014184397163121 0.3224573659338401 
0.23404255319148937 0.3289976533690914 
0.475177304964539 0.3266936884771281 
0.1400709219858156 0.33885350318471325 
0.5283687943262412 0.32356687898089165 
0.650709219858156 0.32317153525148246 
0.15780141843971632 0.33679568838804497 
0.19858156028368795 0.3335031847133757 
0.7304964539007093 0.32280254777070055 
0.2198581560283688 0.3309853877856874 
0.48226950354609927 0.32494267515923564 
0.20921985815602837 0.3321656050955414 
0.5053191489361702 0.3244487996080352 
0.225177304964539 0.329936305732484 
0.10638297872340426 0.34777070063694254 
0.475177304964539 0.3254777070063695 
0.25886524822695034 0.329936305732484 
0.45567375886524825 0.32815286624203815 
0.1347517730496454 0.3412854661262304 
0.20212765957446807 0.3350318471337579 
0.15425531914893617 0.33679568838804497 
0.21631205673758866 0.3321656050955414 
0.14361702127659576 0.33885350318471325 
0.24645390070921985 0.3309853877856874 
0.4627659574468085 0.32738853503184706 
0.3173758865248227 0.329936305732484 
0.09929078014184398 0.34777070063694254 
0.1595744680851064 0.33679568838804497 
0.21099290780141844 0.3309853877856874 
0.18971631205673758 0.3321656050955414 
0.0797872340425532 0.34777070063694254 
0.2872340425531915 0.3289976533690914 
0.19680851063829788 0.329936305732484 
0.14893617021276595 0.33679568838804497 
0.1595744680851064 0.3321656050955414 
0.10638297872340426 0.3412854661262304 
0.1099290780141844 0.33885350318471325 
0.18617021276595744 0.3309853877856874 
0.08156028368794327 0.34777070063694254 
0.4946808510638298 0.3221337579617834 
0.15070921985815602 0.33885350318471325 
0.29609929078014185 0.3254777070063695 
0.4450354609929078 0.3244487996080352 
0.21631205673758866 0.33679568838804497 
0.225177304964539 0.3350318471337579 
0.28368794326241137 0.32815286624203815 
0.22695035460992907 0.3321656050955414 
0.24468085106382978 0.329936305732484 
0.2730496453900709 0.3289976533690914 
0.22872340425531915 0.3309853877856874 
0.4734042553191489 0.32317153525148246 
0.45390070921985815 0.3239915074309979 
0.48936170212765956 0.32280254777070055 
0.41312056737588654 0.3254777070063695 
0.10283687943262411 0.34777070063694254 
0.1773049645390071 0.33885350318471325 
0.16134751773049646 0.34420382165605085 
0.3421985815602837 0.32815286624203815 
0.24822695035460993 0.33679568838804497 
0.3120567375886525 0.329936305732484 
0.3829787234042553 0.3266936884771281 
0.2783687943262411 0.3309853877856874 
0.25 0.3350318471337579 
0.2624113475177305 0.3321656050955414 
0.26063829787234044 0.3335031847133757 
0.24645390070921985 0.007978545088836825 
0.04964539007092199 0.020266357845975684 
0.1702127659574468 0.011146496815286655 
0.0797872340425532 0.015776580107790383 
0.05851063829787234 0.017834394904458675 
0.10815602836879433 0.34777070063694254 
0.2198581560283688 0.329936305732484 
0.14893617021276595 0.34420382165605085 
0.15780141843971632 0.33885350318471325 
0.1879432624113475 0.3335031847133757 
0.1702127659574468 0.33679568838804497 
0.20921985815602837 0.3309853877856874 
0.12234042553191489 0.33885350318471325 
0.8581560283687943 0.32280254777070055 
0.1950354609929078 0.33679568838804497 
0.21631205673758866 0.329936305732484 
0.49822695035460995 0.32738853503184706 
0.2375886524822695 0.3289976533690914 
0.6773049645390071 0.3239915074309979 
0.5514184397163121 0.32494267515923564 
0.6542553191489362 0.3244487996080352 
0.5212765957446809 0.3260592633619496 
0.549645390070922 0.3254777070063695 
0.11702127659574468 0.33885350318471325 
0.375886524822695 0.003923566878980934 
0.14184397163120568 0.015776580107790383 
0.24645390070921985 0.005040155081694914 
0.34574468085106386 0.004458598726114633 
0.17375886524822695 0.00996627950543271 
0.20921985815602837 0.0071337579617834134 
0.22340425531914893 0.006369426751592333 
0.23581560283687944 0.005674580196873208 
0.1524822695035461 0.014012738853503275 
0.16312056737588654 0.011146496815286655 
0.03723404255319149 0.34777070063694254 
0.2198581560283688 0.008917197452229266 
0.16666666666666666 0.014012738853503275 
0.1773049645390071 0.011146496815286655 
0.2127659574468085 0.00996627950543271 
0.1702127659574468 0.012484076433121116 
0.11170212765957446 0.015776580107790383 
0.12056737588652482 0.34420382165605085 
0.20212765957446807 0.329936305732484 
0.14893617021276595 0.33679568838804497 
0.15070921985815602 0.3350318471337579 
0.18085106382978725 0.3309853877856874 
0.1702127659574468 0.3335031847133757 
0.17907801418439717 0.3321656050955414 
0.06560283687943262 0.34777070063694254 
0.6879432624113475 0.32280254777070055 
0.29609929078014185 0.3289976533690914 
0.5035460992907801 0.3266936884771281 
0.10460992907801418 0.3412854661262304 
0.18085106382978725 0.329936305732484 
0.5673758865248227 0.3260592633619496 
0.1347517730496454 0.3350318471337579 
0.16134751773049646 0.3321656050955414 
0.5904255319148937 0.32494267515923564 
0.1099290780141844 0.33885350318471325 
0.12411347517730496 0.33679568838804497 
0.6418439716312057 0.32356687898089165 
0.1702127659574468 0.3309853877856874 
0.6648936170212766 0.32317153525148246 
0.21808510638297873 0.3289976533690914 
0.0797872340425532 0.34777070063694254 
0.09042553191489362 0.33679568838804497 
0.15070921985815602 0.3309853877856874 
0.1400709219858156 0.3335031847133757 
0.20212765957446807 0.329936305732484 
0.08865248226950355 0.3412854661262304 
0.14184397163120568 0.3321656050955414 
0.09042553191489362 0.34777070063694254 
0.2801418439716312 0.32815286624203815 
0.1400709219858156 0.33885350318471325 
0.21631205673758866 0.3289976533690914 
0.20212765957446807 0.329936305732484 
0.19326241134751773 0.3350318471337579 
0.18262411347517732 0.33679568838804497 
0.09042553191489362 0.33885350318471325 
0.19148936170212766 0.3289976533690914 
0.13297872340425532 0.33679568838804497 
0.16666666666666666 0.329936305732484 
0.1347517730496454 0.3350318471337579 
0.1453900709219858 0.3335031847133757 
0.15602836879432624 0.3309853877856874 
0.15425531914893617 0.3321656050955414 
0.5939716312056738 0.32494267515923564 
0.09929078014184398 0.33885350318471325 
0.26773049645390073 0.3254777070063695 
0.13829787234042554 0.3321656050955414 
0.11879432624113476 0.33679568838804497 
0.2641843971631206 0.32738853503184706 
0.1950354609929078 0.32815286624203815 
0.16666666666666666 0.3309853877856874 
0.17907801418439717 0.3289976533690914 
0.1702127659574468 0.329936305732484 
0.0797872340425532 0.34777070063694254 
0.12056737588652482 0.34777070063694254 
0.20921985815602837 0.34420382165605085 
0.14893617021276595 0.34777070063694254 
0.299645390070922 0.329936305732484 
0.21453900709219859 0.33679568838804497 
0.2624113475177305 0.3309853877856874 
0.2570921985815603 0.3350318471337579 
0.26063829787234044 0.3335031847133757 
0.15602836879432624 0.34777070063694254 
0.44148936170212766 0.3260592633619496 
0.26773049645390073 0.329936305732484 
0.16489361702127658 0.33885350318471325 
0.225177304964539 0.3350318471337579 
0.2641843971631206 0.3321656050955414 
0.2375886524822695 0.3335031847133757 
0.38120567375886527 0.32815286624203815 
0.1524822695035461 0.34777070063694254 
0.17553191489361702 0.3350318471337579 
0.2624113475177305 0.3335031847133757 
0.299645390070922 0.3289976533690914 
0.2730496453900709 0.3309853877856874 
0.28368794326241137 0.329936305732484 
0.4787234042553192 0.3289976533690914 
0.10638297872340426 0.34777070063694254 
0.28900709219858156 0.329936305732484 
0.19858156028368795 0.34420382165605085 
0.25 0.33679568838804497 
0.2074468085106383 0.33885350318471325 
0.16134751773049646 0.3412854661262304 
0.44858156028368795 0.3266936884771281 
0.23404255319148937 0.3309853877856874 
0.34397163120567376 0.329936305732484 
0.19680851063829788 0.3321656050955414 
0.18439716312056736 0.33679568838804497 
0.3599290780141844 0.3289976533690914 
0.16666666666666666 0.33885350318471325 
0.12943262411347517 0.3522292993630573 
0.8156028368794326 0.3254777070063695 
0.5780141843971631 0.3260592633619496 
0.1400709219858156 0.34420382165605085 
0.18085106382978725 0.33885350318471325 
0.4432624113475177 0.32738853503184706 
0.5709219858156028 0.3266936884771281 
0.19680851063829788 0.33679568838804497 
0.26063829787234044 0.3350318471337579 
0.3333333333333333 0.3289976533690914 
0.39361702127659576 0.32815286624203815 
0.2801418439716312 0.3309853877856874 
0.31382978723404253 0.329936305732484 
0.26773049645390073 0.3335031847133757 
0.2765957446808511 0.3321656050955414 
0.18971631205673758 0.3522292993630573 
0.6436170212765957 0.32494267515923564 
0.599290780141844 0.32815286624203815 
0.38120567375886527 0.329936305732484 
0.2765957446808511 0.3309853877856874 
0.24468085106382978 0.33679568838804497 
0.19326241134751773 0.34777070063694254 
0.20035460992907803 0.3412854661262304 
0.2553191489361702 0.3321656050955414 
0.20212765957446807 0.33885350318471325 
0.6099290780141844 0.3260592633619496 
0.6329787234042553 0.3254777070063695 
0.14184397163120568 0.34777070063694254 
0.28191489361702127 0.3289976533690914 
0.18085106382978725 0.33885350318471325 
0.2074468085106383 0.33679568838804497 
0.22872340425531915 0.3350318471337579 
0.26063829787234044 0.329936305732484 
0.2393617021276596 0.3335031847133757 
0.25 0.3309853877856874 
0.24822695035460993 0.3321656050955414 
0.14893617021276595 0.3522292993630573 
0.40070921985815605 0.3289976533690914 
0.15070921985815602 0.34777070063694254 
0.3173758865248227 0.329936305732484 
0.26773049645390073 0.3350318471337579 
0.20212765957446807 0.3412854661262304 
0.21808510638297873 0.33679568838804497 
0.28191489361702127 0.3309853877856874 
0.20390070921985815 0.33885350318471325 
0.274822695035461 0.3321656050955414 
0.13829787234042554 0.34777070063694254 
0.26595744680851063 0.329936305732484 
0.17907801418439717 0.33885350318471325 
0.22872340425531915 0.33679568838804497 
0.1773049645390071 0.3412854661262304 
0.24822695035460993 0.3321656050955414 
0.2393617021276596 0.3350318471337579 
0.26063829787234044 0.3309853877856874 
0.08687943262411348 0.34777070063694254 
0.16489361702127658 0.34420382165605085 
0.26595744680851063 0.3289976533690914 
0.19148936170212766 0.33885350318471325 
0.2322695035460993 0.3309853877856874 
0.21099290780141844 0.3350318471337579 
0.22163120567375885 0.3321656050955414 
0.20035460992907803 0.33679568838804497 
0.13297872340425532 0.34777070063694254 
0.2429078014184397 0.3289976533690914 
0.1453900709219858 0.33885350318471325 
0.1879432624113475 0.3350318471337579 
0.15425531914893617 0.33679568838804497 
0.20212765957446807 0.3309853877856874 
0.22872340425531915 0.329936305732484 
0.19858156028368795 0.3321656050955414 
0.3280141843971631 0.329936305732484 
0.12056737588652482 0.34777070063694254 
0.21631205673758866 0.34420382165605085 
0.2375886524822695 0.33679568838804497 
0.2783687943262411 0.3309853877856874 
0.16489361702127658 0.34420382165605085 
0.2730496453900709 0.3289976533690914 
0.2074468085106383 0.33679568838804497 
0.2429078014184397 0.3350318471337579 
0.25 0.3335031847133757 
0.26063829787234044 0.3309853877856874 
0.26773049645390073 0.329936305732484 
0.3191489361702128 0.3289976533690914 
0.1276595744680851 0.34777070063694254 
0.14184397163120568 0.33885350318471325 
0.22340425531914893 0.329936305732484 
0.19858156028368795 0.33679568838804497 
0.20921985815602837 0.3321656050955414 
0.2198581560283688 0.3309853877856874 
0.1347517730496454 0.34777070063694254 
0.19858156028368795 0.34420382165605085 
0.12588652482269502 0.34777070063694254 
0.2783687943262411 0.3289976533690914 
0.1524822695035461 0.3412854661262304 
0.1595744680851064 0.33885350318471325 
0.19858156028368795 0.33679568838804497 
0.2198581560283688 0.3321656050955414 
0.2429078014184397 0.3309853877856874 
0.274822695035461 0.329936305732484 
0.20921985815602837 0.3350318471337579 
0.12056737588652482 0.34777070063694254 
0.21631205673758866 0.007978545088836825 
0.18617021276595744 0.33679568838804497 
0.20212765957446807 0.008917197452229266 
0.1595744680851064 0.3412854661262304 
0.16843971631205673 0.33885350318471325 
0.10460992907801418 0.34777070063694254 
0.8652482269503546 0.3221337579617834 
0.6773049645390071 0.3224573659338401 
0.19680851063829788 0.3350318471337579 
0.18439716312056736 0.3412854661262304 
0.17375886524822695 0.34420382165605085 
0.23404255319148937 0.3289976533690914 
0.5585106382978723 0.32317153525148246 
0.4769503546099291 0.3244487996080352 
0.37943262411347517 0.3254777070063695 
0.21631205673758866 0.3321656050955414 
0.30319148936170215 0.3260592633619496 
0.2801418439716312 0.32738853503184706 
0.5212765957446809 0.32356687898089165 
0.2127659574468085 0.3335031847133757 
0.30141843971631205 0.3266936884771281 
0.09929078014184398 0.34777070063694254 
0.43617021276595747 0.3244487996080352 
0.20567375886524822 0.33679568838804497 
0.34397163120567376 0.32494267515923564 
0.299645390070922 0.3254777070063695 
0.23049645390070922 0.3289976533690914 
0.21631205673758866 0.3335031847133757 
0.22872340425531915 0.3309853877856874 
0.24822695035460993 0.32815286624203815 
0.2765957446808511 0.32738853503184706 
0.2925531914893617 0.3266936884771281 
0.20921985815602837 0.3350318471337579 
0.1099290780141844 0.34420382165605085 
0.3617021276595745 0.32494267515923564 
0.19858156028368795 0.3289976533690914 
0.33156028368794327 0.32738853503184706 
0.26063829787234044 0.32815286624203815 
0.18262411347517732 0.3335031847133757 
0.14361702127659576 0.3412854661262304 
0.16843971631205673 0.33679568838804497 
0.15780141843971632 0.33885350318471325 
0.1347517730496454 0.34777070063694254 
0.24113475177304963 0.3289976533690914 
0.14184397163120568 0.33679568838804497 
0.17375886524822695 0.3309853877856874 
0.20921985815602837 0.329936305732484 
0.1524822695035461 0.3350318471337579 
0.16312056737588654 0.3321656050955414 
0.24645390070921985 0.3289976533690914 
0.03723404255319149 0.989808917197452 
0.11702127659574468 0.34777070063694254 
0.1595744680851064 0.3309853877856874 
0.22340425531914893 0.329936305732484 
0.13829787234042554 0.34420382165605085 
0.14361702127659576 0.33885350318471325 
0.31382978723404253 0.3289976533690914 
0.1099290780141844 0.34777070063694254 
0.15780141843971632 0.3350318471337579 
0.1276595744680851 0.34420382165605085 
0.22695035460992907 0.329936305732484 
0.1879432624113475 0.3321656050955414 
0.225177304964539 0.3309853877856874 
0.14716312056737588 0.34777070063694254 
0.3333333333333333 0.3289976533690914 
0.16134751773049646 0.33885350318471325 
0.25354609929078015 0.329936305732484 
0.18617021276595744 0.3321656050955414 
0.22872340425531915 0.3309853877856874 
0.17375886524822695 0.3350318471337579 
0.16843971631205673 0.33679568838804497 
0.624113475177305 0.3254777070063695 
0.1400709219858156 0.34420382165605085 
0.3421985815602837 0.3289976533690914 
0.601063829787234 0.3260592633619496 
0.19148936170212766 0.3412854661262304 
0.21453900709219859 0.3335031847133757 
0.26773049645390073 0.329936305732484 
0.23404255319148937 0.3309853877856874 
0.20567375886524822 0.33679568838804497 
0.20212765957446807 0.33885350318471325 
0.4450354609929078 0.3218297625940938 
0.12943262411347517 0.33885350318471325 
0.20035460992907803 0.3254777070063695 
0.2712765957446808 0.32317153525148246 
0.425531914893617 0.3221337579617834 
0.20390070921985815 0.32494267515923564 
0.2375886524822695 0.3244487996080352 
0.24468085106382978 0.3239915074309979 
0.2641843971631206 0.32356687898089165 
0.1347517730496454 0.34777070063694254 
0.8900709219858156 0.3224573659338401 
0.1595744680851064 0.33679568838804497 
0.14716312056737588 0.34420382165605085 
0.675531914893617 0.32317153525148246 
0.3617021276595745 0.32494267515923564 
0.5301418439716312 0.32356687898089165 
0.19858156028368795 0.32815286624203815 
0.32978723404255317 0.32738853503184706 
0.19326241134751773 0.3321656050955414 
0.1950354609929078 0.329936305732484 
0.17553191489361702 0.3350318471337579 
0.1773049645390071 0.3335031847133757 
0.33156028368794327 0.3266936884771281 
0.04964539007092199 0.989808917197452 
0.30319148936170215 0.32815286624203815 
0.10106382978723404 0.3522292993630573 
0.13829787234042554 0.34420382165605085 
0.19858156028368795 0.33885350318471325 
0.25177304964539005 0.3289976533690914 
0.22695035460992907 0.3309853877856874 
0.2393617021276596 0.329936305732484 
0.21631205673758866 0.3335031847133757 
0.2074468085106383 0.3350318471337579 
0.20212765957446807 0.33679568838804497 
0.11879432624113476 0.33885350318471325 
0.36879432624113473 0.32494267515923564 
0.16843971631205673 0.32738853503184706 
0.25886524822695034 0.3266936884771281 
0.13120567375886524 0.3321656050955414 
0.2925531914893617 0.3254777070063695 
0.1276595744680851 0.33679568838804497 
0.15425531914893617 0.329936305732484 
0.11702127659574468 0.34777070063694254 
0.40425531914893614 0.3254777070063695 
0.14716312056737588 0.33679568838804497 
0.2801418439716312 0.3260592633619496 
0.23404255319148937 0.32815286624203815 
0.16843971631205673 0.3335031847133757 
0.20921985815602837 0.329936305732484 
0.1879432624113475 0.3321656050955414 
0.19858156028368795 0.3309853877856874 
0.09042553191489362 0.020266357845975684 
0.44148936170212766 0.0029723991507431837 
0.1702127659574468 0.00996627950543271 
0.10460992907801418 0.015776580107790383 
0.34397163120567376 0.004458598726114633 
0.3280141843971631 0.005674580196873208 
0.43439716312056736 0.003429691327780487 
0.24645390070921985 0.006369426751592333 
0.21808510638297873 0.008917197452229266 
0.0975177304964539 0.017834394904458675 
0.22872340425531915 0.007978545088836825 
0.23581560283687944 0.0071337579617834134 
0.0549645390070922 0.3412854661262304 
0.18262411347517732 0.3289976533690914 
0.11524822695035461 0.329936305732484 
0.07092198581560284 0.33679568838804497 
0.08156028368794327 0.3335031847133757 
0.05673758865248227 0.33885350318471325 
0.10106382978723404 0.3309853877856874 
0.09219858156028368 0.3321656050955414 
0.0851063829787234 0.34777070063694254 
0.5319148936170213 0.0017834394904458534 
0.1276595744680851 0.3321656050955414 
0.13120567375886524 0.011146496815286655 
0.4734042553191489 0.003429691327780487 
0.3599290780141844 0.003923566878980934 
0.3280141843971631 0.005040155081694914 
0.13829787234042554 0.00996627950543271 
0.20567375886524822 0.007978545088836825 
0.2783687943262411 0.005674580196873208 
0.08865248226950355 0.34420382165605085 
0.5088652482269503 0.0021524269712277443 
0.2322695035460993 0.0071337579617834134 
0.25886524822695034 0.006369426751592333 
0.3475177304964539 0.004458598726114633 
0.09574468085106383 0.34777070063694254 
0.2322695035460993 0.3289976533690914 
0.12943262411347517 0.33885350318471325 
0.13120567375886524 0.33679568838804497 
0.18439716312056736 0.329936305732484 
0.17375886524822695 0.3309853877856874 
0.44680851063829785 0.32494267515923564 
0.0673758865248227 0.34777070063694254 
0.11170212765957446 0.33885350318471325 
0.3421985815602837 0.3254777070063695 
0.1950354609929078 0.329936305732484 
0.3067375886524823 0.3289976533690914 
0.15602836879432624 0.3321656050955414 
0.1453900709219858 0.3350318471337579 
0.33865248226950356 0.32738853503184706 
0.19148936170212766 0.3309853877856874 
0.31560283687943264 0.32815286624203815 
0.0975177304964539 0.33885350318471325 
0.574468085106383 0.3244487996080352 
0.3670212765957447 0.3254777070063695 
0.5514184397163121 0.32494267515923564 
0.17553191489361702 0.32815286624203815 
0.2695035460992908 0.32738853503184706 
0.13652482269503546 0.3350318471337579 
0.29432624113475175 0.3260592633619496 
0.14716312056737588 0.3321656050955414 
0.15780141843971632 0.3309853877856874 
0.10638297872340426 0.33679568838804497 
0.1702127659574468 0.34777070063694254 
0.41134751773049644 0.3309853877856874 
0.22340425531914893 0.33885350318471325 
0.3120567375886525 0.33679568838804497 
0.32269503546099293 0.3321656050955414 
0.22163120567375885 0.34420382165605085 
0.18439716312056736 0.34777070063694254 
0.7464539007092199 0.3239915074309979 
0.34397163120567376 0.3309853877856874 
0.6826241134751773 0.3260592633619496 
0.2198581560283688 0.33885350318471325 
0.2978723404255319 0.33679568838804497 
0.1879432624113475 0.34420382165605085 
0.32978723404255317 0.3335031847133757 
0.723404255319149 0.3254777070063695 
0.3120567375886525 0.3350318471337579 
0.18971631205673758 0.34420382165605085 
0.4148936170212766 0.3289976533690914 
0.33865248226950356 0.3321656050955414 
0.22163120567375885 0.3412854661262304 
0.2570921985815603 0.33679568838804497 
0.30319148936170215 0.3335031847133757 
0.2907801418439716 0.3350318471337579 
0.24113475177304963 0.33885350318471325 
0.1702127659574468 1.0 
1.0 0.32317153525148246 
0.17907801418439717 0.35796178343949053 
0.17375886524822695 0.9942675159235668 
0.5372340425531915 0.3266936884771281 
0.7624113475177305 0.3260592633619496 
0.8173758865248227 0.3244487996080352 
0.9521276595744681 0.3239915074309979 
0.225177304964539 0.33885350318471325 
0.35106382978723405 0.3321656050955414 
0.4592198581560284 0.3309853877856874 
0.5177304964539007 0.329936305732484 
0.2127659574468085 0.34777070063694254 
0.9769503546099291 0.32356687898089165 
0.21808510638297873 0.34420382165605085 
0.22163120567375885 0.3412854661262304 
0.17907801418439717 0.34420382165605085 
0.12411347517730496 0.3522292993630573 
0.13297872340425532 0.34777070063694254 
0.16134751773049646 0.34777070063694254 
0.28191489361702127 0.3309853877856874 
0.2624113475177305 0.33679568838804497 
0.1879432624113475 0.33885350318471325 
0.18262411347517732 0.3412854661262304 
0.26773049645390073 0.3321656050955414 
0.18617021276595744 0.3522292993630573 
0.3599290780141844 0.329936305732484 
0.2783687943262411 0.3350318471337579 
0.2127659574468085 0.34777070063694254 
0.3333333333333333 0.3321656050955414 
0.23404255319148937 0.33679568838804497 
0.22163120567375885 0.3412854661262304 
0.33687943262411346 0.3309853877856874 
0.23049645390070922 0.33885350318471325 
0.16843971631205673 0.34777070063694254 
0.41843971631205673 0.3289976533690914 
0.23404255319148937 0.33885350318471325 
0.31560283687943264 0.3350318471337579 
0.34397163120567376 0.329936305732484 
0.3262411347517731 0.3321656050955414 
0.38475177304964536 0.329936305732484 
0.14893617021276595 0.9942675159235668 
0.16312056737588654 0.34777070063694254 
0.15425531914893617 0.989808917197452 
0.20567375886524822 0.33885350318471325 
0.26063829787234044 0.33679568838804497 
0.31382978723404253 0.3321656050955414 
0.35106382978723405 0.3309853877856874 
0.1595744680851064 0.34777070063694254 
0.8014184397163121 0.3260592633619496 
0.30319148936170215 0.329936305732484 
0.6276595744680851 0.32815286624203815 
0.6312056737588653 0.3266936884771281 
0.20035460992907803 0.3412854661262304 
0.2783687943262411 0.3350318471337579 
0.225177304964539 0.33679568838804497 
0.2854609929078014 0.3321656050955414 
0.20390070921985815 0.33885350318471325 
0.299645390070922 0.3309853877856874 
0.16489361702127658 0.3522292993630573 
0.3120567375886525 0.3321656050955414 
0.2801418439716312 0.33885350318471325 
0.2074468085106383 0.3412854661262304 
0.16843971631205673 0.34777070063694254 
0.17198581560283688 0.9942675159235668 
0.35638297872340424 0.329936305732484 
0.17907801418439717 0.34777070063694254 
0.17553191489361702 0.989808917197452 
0.2854609929078014 0.3309853877856874 
0.2074468085106383 0.33885350318471325 
0.26773049645390073 0.3335031847133757 
0.20390070921985815 0.3412854661262304 
0.2712765957446808 0.3321656050955414 
0.14184397163120568 0.35796178343949053 
0.32978723404255317 0.3309853877856874 
0.20390070921985815 0.3412854661262304 
0.1524822695035461 0.3522292993630573 
0.26063829787234044 0.33679568838804497 
0.2641843971631206 0.3350318471337579 
0.30319148936170215 0.3335031847133757 
0.31382978723404253 0.3321656050955414 
0.16312056737588654 0.34777070063694254 
0.19148936170212766 0.34420382165605085 
0.17198581560283688 0.34777070063694254 
0.5673758865248227 0.32738853503184706 
0.20567375886524822 0.34420382165605085 
0.4326241134751773 0.32815286624203815 
0.28191489361702127 0.33885350318471325 
0.2322695035460993 0.3412854661262304 
0.3421985815602837 0.3309853877856874 
0.37056737588652483 0.3289976533690914 
0.3120567375886525 0.3350318471337579 
0.3262411347517731 0.3321656050955414 
0.3173758865248227 0.3335031847133757 
0.14184397163120568 0.3522292993630573 
0.3421985815602837 0.329936305732484 
0.26773049645390073 0.33679568838804497 
0.20035460992907803 0.34420382165605085 
0.19326241134751773 0.34777070063694254 
0.31560283687943264 0.3350318471337579 
0.324468085106383 0.3321656050955414 
0.3404255319148936 0.329936305732484 
0.1702127659574468 0.9942675159235668 
0.17375886524822695 0.989808917197452 
0.17553191489361702 0.35796178343949053 
0.28368794326241137 0.3350318471337579 
0.21453900709219859 0.3412854661262304 
0.25 0.33679568838804497 
0.24645390070921985 0.33885350318471325 
0.3120567375886525 0.3335031847133757 
0.18971631205673758 0.34777070063694254 
0.3280141843971631 0.3321656050955414 
0.17907801418439717 0.3522292993630573 
0.10106382978723404 0.34420382165605085 
0.1950354609929078 0.9942675159235668 
0.3191489361702128 0.3335031847133757 
0.20035460992907803 0.35796178343949053 
0.25886524822695034 0.33679568838804497 
0.30851063829787234 0.3350318471337579 
0.20390070921985815 0.3522292993630573 
0.2393617021276596 0.34777070063694254 
0.24822695035460993 0.33885350318471325 
0.24468085106382978 0.34420382165605085 
0.17198581560283688 0.34777070063694254 
0.3546099290780142 0.329936305732484 
0.21631205673758866 0.34420382165605085 
0.2375886524822695 0.33885350318471325 
0.2765957446808511 0.33679568838804497 
0.3262411347517731 0.3309853877856874 
0.3049645390070922 0.3350318471337579 
0.31560283687943264 0.3335031847133757 
