912.0 4.043478260869565
888.0 4.0476190476190474
647.0 4.111111111111111
691.0 4.090909090909091
836.0 4.052631578947368
776.0 4.055555555555555
726.0 4.0625
708.0 4.066666666666666
693.0 4.083333333333333
697.0 4.076923076923077
747.0 4.0588235294117645
684.0 4.1
806.0 4.052631578947368
732.0 4.055555555555555
669.0 4.125
671.0 4.111111111111111
665.0 4.142857142857143
715.0 4.0588235294117645
692.0 4.076923076923077
705.0 4.071428571428571
707.0 4.0625
663.0 3.0833333333333335
690.0 3.0714285714285716
668.0 3.076923076923077
629.0 4.111111111111111
653.0 4.090909090909091
658.0 4.083333333333333
706.0 4.055555555555555
799.0 4.045454545454546
651.0 4.083333333333333
681.0 4.0625
648.0 4.111111111111111
731.0 4.052631578947368
804.0 4.043478260869565
680.0 4.071428571428571
678.0 4.076923076923077
598.0 3.111111111111111
889.0 3.0277777777777777
818.0 3.0285714285714285
733.0 3.04
762.0 3.0384615384615383
774.0 3.0344827586206895
789.0 3.033333333333333
804.0 3.032258064516129
765.0 3.037037037037037
725.0 3.0416666666666665
812.0 3.03125
666.0 3.0555555555555554
816.0 3.0303030303030303
642.0 3.0625
672.0 3.05
685.0 3.0434782608695654
680.0 3.0454545454545454
815.0 3.037037037037037
810.0 3.0384615384615383
736.0 3.04
711.0 3.0434782608695654
614.0 3.0833333333333335
654.0 3.05
634.0 3.076923076923077
635.0 3.0714285714285716
640.0 3.066666666666667
641.0 3.0625
646.0 3.0588235294117645
648.0 3.0555555555555554
652.0 3.0526315789473686
1057.0 3.032258064516129
926.0 3.033333333333333
853.0 3.0344827586206895
840.0 3.0357142857142856
612.0 3.1
687.0 3.0526315789473686
631.0 3.076923076923077
873.0 3.0277777777777777
804.0 3.0294117647058822
862.0 3.0285714285714285
771.0 3.0344827586206895
726.0 3.0384615384615383
784.0 3.032258064516129
793.0 3.03125
708.0 3.0454545454545454
718.0 3.0416666666666665
692.0 3.05
700.0 3.0476190476190474
722.0 3.04
660.0 3.0555555555555554
648.0 3.0625
602.0 5.1
604.0 5.090909090909091
610.0 5.083333333333333
949.0 3.03125
887.0 3.033333333333333
774.0 3.037037037037037
874.0 3.0344827586206895
727.0 3.0384615384615383
696.0 3.0454545454545454
697.0 3.0416666666666665
709.0 3.04
684.0 3.0476190476190474
674.0 3.05
595.0 3.111111111111111
921.0 3.032258064516129
608.0 3.090909090909091
646.0 3.0526315789473686
613.0 3.0833333333333335
617.0 3.076923076923077
619.0 3.0714285714285716
636.0 3.0555555555555554
625.0 3.0625
623.0 3.066666666666667
630.0 3.0588235294117645
656.0 4.111111111111111
969.0 4.04
959.0 4.041666666666667
738.0 4.055555555555555
689.0 4.083333333333333
736.0 4.0588235294117645
680.0 4.1
802.0 4.043478260869565
791.0 4.05
726.0 4.0625
784.0 4.052631578947368
697.0 4.076923076923077
688.0 4.090909090909091
724.0 4.066666666666666
655.0 4.111111111111111
725.0 4.0625
681.0 4.083333333333333
676.0 4.090909090909091
738.0 4.0588235294117645
756.0 4.052631578947368
652.0 6.111111111111111
750.0 4.055555555555555
722.0 4.071428571428571
704.0 4.076923076923077
734.0 3.0526315789473686
623.0 3.090909090909091
691.0 3.0625
640.0 3.076923076923077
628.0 3.0833333333333335
807.0 3.04
734.0 3.0434782608695654
790.0 3.0416666666666665
693.0 3.0588235294117645
713.0 3.05
721.0 3.0476190476190474
728.0 3.0454545454545454
681.0 3.0714285714285716
687.0 3.0625
616.0 4.111111111111111
658.0 3.076923076923077
646.0 4.076923076923077
645.0 4.090909090909091
640.0 4.111111111111111
844.0 4.043478260869565
688.0 4.083333333333333
810.0 4.05
694.0 4.071428571428571
686.0 4.090909090909091
727.0 4.0588235294117645
706.0 4.0625
674.0 4.1
958.0 4.04
952.0 4.041666666666667
754.0 4.052631578947368
742.0 4.055555555555555
644.0 4.111111111111111
732.0 4.052631578947368
701.0 4.071428571428571
682.0 4.076923076923077
709.0 4.0588235294117645
707.0 4.0625
675.0 4.083333333333333
721.0 4.055555555555555
717.0 3.0526315789473686
709.0 3.0555555555555554
651.0 4.111111111111111
657.0 4.1
707.0 4.052631578947368
675.0 4.076923076923077
681.0 4.071428571428571
616.0 6.111111111111111
685.0 4.0588235294117645
668.0 4.083333333333333
708.0 4.041666666666667
623.0 6.111111111111111
646.0 3.090909090909091
844.0 3.037037037037037
654.0 3.076923076923077
789.0 3.0416666666666665
840.0 3.0384615384615383
734.0 3.0476190476190474
650.0 3.0833333333333335
626.0 4.090909090909091
635.0 4.076923076923077
641.0 4.066666666666666
627.0 4.083333333333333
895.0 3.033333333333333
669.0 3.0625
798.0 3.04
780.0 3.0434782608695654
673.0 3.0588235294117645
711.0 3.0526315789473686
752.0 3.0454545454545454
882.0 3.0344827586206895
726.0 3.05
1016.0 4.037037037037037
980.0 4.043478260869565
1003.0 4.041666666666667
829.0 4.052631578947368
1159.0 4.0344827586206895
898.0 4.045454545454546
1146.0 4.035714285714286
696.0 4.1
665.0 4.125
670.0 4.111111111111111
754.0 4.0588235294117645
701.0 4.083333333333333
698.0 4.090909090909091
746.0 4.0625
766.0 4.055555555555555
722.0 4.076923076923077
756.0 4.0588235294117645
712.0 4.083333333333333
746.0 4.066666666666666
710.0 4.090909090909091
748.0 4.0625
744.0 4.071428571428571
915.0 4.0476190476190474
839.0 4.05
804.0 4.052631578947368
787.0 4.055555555555555
736.0 4.076923076923077
652.0 4.1
