0.17190388170055454 0.33873749568816824 
0.2698706099815157 0.33289369559482984 
0.24399260628465805 0.3369634849455477 
0.4731977818853974 0.32793916942873863 
0.4491682070240296 0.3292761050608584 
0.24953789279112754 0.3354260089686098 
0.6044362292051756 0.32631942048982404 
0.5785582255083179 0.3273542600896862 
0.3142329020332717 0.3308945008260561 
0.2902033271719039 0.3318385650224215 
0.33086876155268025 0.3300448430493273 
0.1256931608133087 0.3600256245996158 
0.15526802218114602 0.3432531593966571 
0.12939001848428835 0.34977578475336313 
0.133086876155268 0.3461883408071748 
