0.3456561922365989 0.3300448430493273 
0.17190388170055454 0.33873749568816824 
0.2698706099815157 0.33289369559482984 
0.24399260628465805 0.3369634849455477 
0.3234750462107209 0.3318385650224215 
0.25508317929759705 0.3354260089686098 
0.33826247689463956 0.3308945008260561 

0.18853974121996303 0.3542600896860987 
0.3290203327171904 0.3308945008260561 
0.2643253234750462 0.3354260089686098 
0.29944547134935307 0.33408071748878926 
0.20147874306839186 0.3461883408071748 
0.19038817005545286 0.34977578475336313 
0.22181146025878004 0.3432531593966571 
0.22920517560073936 0.3408071748878923 
0.24953789279112754 0.3369634849455477 
0.24029574861367836 0.33873749568816824 

0.17744916820702403 1.0 
0.4731977818853974 0.32793916942873863 
0.19038817005545286 0.3432531593966571 
0.18484288354898337 0.9919282511210761 
0.36044362292051757 0.33873749568816824 
0.4214417744916821 0.3318385650224215 
0.44731977818853974 0.3300448430493273 
0.3844731977818854 0.33408071748878926 
0.40850277264325324 0.33289369559482984 
0.4491682070240296 0.3292761050608584 
0.3807763401109057 0.3354260089686098 
0.18114602587800369 0.9955156950672645 

0.1589648798521257 0.9955156950672645 
0.3123844731977819 0.33408071748878926 
0.16081330868761554 0.34977578475336313 
0.24953789279112754 0.3354260089686098 
0.16820702402957485 0.3461883408071748 
0.2088724584103512 0.3408071748878923 
0.23105360443622922 0.33873749568816824 
0.2476894639556377 0.3369634849455477 

0.1756007393715342 0.3542600896860987 
0.6044362292051756 0.32631942048982404 
0.3419593345656192 0.3300448430493273 
0.47504621072088726 0.32793916942873863 
0.17929759704251386 0.34977578475336313 
0.5785582255083179 0.3273542600896862 
0.23475046210720887 0.3461883408071748 
0.2754158964879852 0.33873749568816824 
0.2513863216266174 0.3408071748878923 
0.31053604436229204 0.3369634849455477 
0.24214417744916822 0.3432531593966571 
0.3364140480591497 0.3318385650224215 
0.32532347504621073 0.33408071748878926 
0.32162661737523107 0.3354260089686098 

0.15157116451016636 0.3542600896860987 
0.3567467652495379 0.3308945008260561 
0.1589648798521257 0.34977578475336313 
0.20147874306839186 0.3432531593966571 
0.2476894639556377 0.3408071748878923 
0.19408502772643252 0.3461883408071748 
0.2828096118299446 0.3369634849455477 
0.3049907578558225 0.33289369559482984 
0.25508317929759705 0.33873749568816824 
0.32162661737523107 0.3318385650224215 
0.29390018484288355 0.33408071748878926 

0.5859519408502772 0.32793916942873863 
0.17929759704251386 0.9955156950672645 
0.2033271719038817 0.3542600896860987 
0.3142329020332717 0.3308945008260561 
0.5434380776340111 0.3300448430493273 
0.2513863216266174 0.33873749568816824 
0.28650646950092423 0.33289369559482984 
0.23475046210720887 0.3461883408071748 
0.20702402957486138 0.34977578475336313 
0.2902033271719039 0.3318385650224215 
0.5619223659889094 0.32857725234406865 
0.5600739371534196 0.3292761050608584 
0.24399260628465805 0.3408071748878923 

0.33086876155268025 0.3300448430493273 
0.16081330868761554 1.0 
0.1645101663585952 0.3542600896860987 
0.1977818853974122 0.3461883408071748 
0.2532347504621072 0.33873749568816824 
0.2735674676524954 0.3369634849455477 
0.30129390018484287 0.3354260089686098 
0.19038817005545286 0.34977578475336313 
0.31608133086876156 0.3308945008260561 
0.3068391866913124 0.33289369559482984 
0.3123844731977819 0.3318385650224215 
0.3049907578558225 0.33408071748878926 

0.1256931608133087 0.3600256245996158 
0.3197781885397412 0.33289369559482984 
0.15526802218114602 0.3432531593966571 
0.22181146025878004 0.3408071748878923 
0.12939001848428835 0.34977578475336313 
0.27911275415896486 0.3354260089686098 
0.133086876155268 0.3461883408071748 
0.24584103512014788 0.3369634849455477 
0.22735674676524953 0.33873749568816824 

0.17375231053604437 0.3542600896860987 
0.2088724584103512 0.3432531593966571 
0.17744916820702403 0.34977578475336313 
0.1977818853974122 0.3461883408071748 

