781.0 4.05 
687.0 4.076923076923077 
740.0 4.0588235294117645 
726.0 4.071428571428571 
769.0 4.055555555555555 
732.0 4.066666666666666 
777.0 4.052631578947368 

696.0 4.125 
772.0 4.052631578947368 
737.0 4.066666666666666 
756.0 4.0625 
703.0 4.1 
697.0 4.111111111111111 
714.0 4.090909090909091 
718.0 4.083333333333333 
729.0 4.071428571428571 
724.0 4.076923076923077 

690.0 6.125 
850.0 4.043478260869565 
697.0 4.090909090909091 
694.0 6.1 
789.0 4.076923076923077 
822.0 4.055555555555555 
836.0 4.05 
802.0 4.0625 
815.0 4.0588235294117645 
837.0 4.0476190476190474 
800.0 4.066666666666666 
692.0 6.111111111111111 

680.0 6.111111111111111 
763.0 4.0625 
681.0 4.111111111111111 
729.0 4.066666666666666 
685.0 4.1 
707.0 4.083333333333333 
719.0 4.076923076923077 
728.0 4.071428571428571 

689.0 4.125 
921.0 4.038461538461538 
779.0 4.05 
851.0 4.043478260869565 
691.0 4.111111111111111 
907.0 4.041666666666667 
721.0 4.1 
743.0 4.076923076923077 
730.0 4.083333333333333 
762.0 4.071428571428571 
725.0 4.090909090909091 
776.0 4.055555555555555 
770.0 4.0625 
768.0 4.066666666666666 

676.0 4.125 
787.0 4.052631578947368 
680.0 4.111111111111111 
703.0 4.090909090909091 
728.0 4.083333333333333 
699.0 4.1 
747.0 4.071428571428571 
759.0 4.0588235294117645 
732.0 4.076923076923077 
768.0 4.055555555555555 
753.0 4.0625 

911.0 4.043478260869565 
691.0 6.111111111111111 
704.0 4.125 
764.0 4.052631578947368 
888.0 4.05 
730.0 4.076923076923077 
749.0 4.0588235294117645 
721.0 4.1 
706.0 4.111111111111111 
751.0 4.055555555555555 
898.0 4.045454545454546 
897.0 4.0476190476190474 
726.0 4.083333333333333 

773.0 4.05 
681.0 6.125 
683.0 4.125 
701.0 4.1 
731.0 4.076923076923077 
742.0 4.071428571428571 
757.0 4.066666666666666 
697.0 4.111111111111111 
765.0 4.052631578947368 
760.0 4.0588235294117645 
763.0 4.055555555555555 
759.0 4.0625 

662.0 4.142857142857143 
767.0 4.0588235294117645 
678.0 4.090909090909091 
714.0 4.083333333333333 
664.0 4.111111111111111 
745.0 4.066666666666666 
666.0 4.1 
727.0 4.071428571428571 
717.0 4.076923076923077 

688.0 4.125 
707.0 4.090909090909091 
690.0 4.111111111111111 
701.0 4.1 

