0.11965811965811966 0.9968543530642467 
0.5811965811965812 0.007886353837291945 
0.13675213675213677 0.8075728478299222 
0.2564102564102564 0.2050514392802704 
0.3076923076923077 0.19242712264858344 
0.3333333333333333 0.03312807628732017 
0.3504273504273504 0.029972056778400244 
0.39316239316239315 0.02366263497522438 
0.4444444444444444 0.011041879664248485 
0.27350427350427353 0.2018940432559241 
0.41025641025641024 0.020506830944662536 
0.4358974358974359 0.014197506590968814 
0.49572649572649574 0.007886948541784728 
0.17094017094017094 0.8012584242015348 
0.3247863247863248 0.15773226077368183 
0.23076923076923078 0.7302687188120173 
0.18803418803418803 0.7980943458979672 
0.21367521367521367 0.7334309369872467 
0.46153846153846156 0.007887567034457236 
0.42735042735042733 0.017352518314871283 
0.4188034188034188 0.020506131850551314 
