813.0 726.0769230769231 
867.0 99.01923076923077 
815.0 606.0625 
829.0 224.03225806451613 
835.0 216.02777777777777 
838.0 115.02380952380952 
840.0 113.02272727272727 
845.0 109.02222222222223 
851.0 101.02 
831.0 222.03030303030303 
847.0 107.02127659574468 
850.0 103.02083333333333 
857.0 99.01960784313725 
819.0 602.0588235294117 
837.0 194.02941176470588 
826.0 557.047619047619 
821.0 600.0526315789474 
824.0 559.0526315789474 
853.0 99.02 
849.0 105.02127659574468 
848.0 107.02083333333333 
