860.0 99.01960784313725 
813.0 726.0769230769231 
838.0 194.02941176470588 
832.0 649.05 
845.0 115.02380952380952 
818.0 683.0666666666667 
826.0 679.0526315789474 
828.0 649.0526315789474 
816.0 722.0625 
822.0 679.0555555555555 
848.0 107.02222222222223 
851.0 107.02127659574468 
855.0 101.02 
858.0 99.02 
847.0 113.02272727272727 
853.0 101.02083333333333 

828.0 684.0666666666667 
858.0 99.02 
838.0 652.0526315789474 
839.0 342.03333333333336 
841.0 216.02777777777777 
847.0 186.02564102564102 
849.0 109.02222222222223 
832.0 654.0625 
834.0 652.0555555555555 
855.0 101.02 
851.0 107.02127659574468 
853.0 103.02083333333333 

844.0 188.02702702702703 
867.0 99.01923076923077 
846.0 111.02272727272727 
851.0 105.02127659574468 
861.0 99.01960784313725 
856.0 101.02083333333333 
858.0 99.02 

854.0 99.02 
829.0 566.0625 
831.0 564.0555555555555 
834.0 224.03225806451613 
843.0 115.02380952380952 
841.0 192.02777777777777 
840.0 216.02777777777777 
836.0 222.03030303030303 
838.0 218.02941176470588 
845.0 113.02272727272727 
847.0 109.02222222222223 
850.0 105.02127659574468 
851.0 103.02083333333333 
849.0 107.02127659574468 
853.0 101.02 
852.0 101.02083333333333 
848.0 107.02222222222223 

859.0 99.02 
815.0 606.0625 
828.0 564.0555555555555 
829.0 224.03225806451613 
835.0 216.02777777777777 
838.0 115.02380952380952 
840.0 113.02272727272727 
845.0 109.02222222222223 
851.0 101.02 
856.0 101.01960784313725 
831.0 222.03030303030303 
847.0 107.02127659574468 
850.0 103.02083333333333 

855.0 99.02 
819.0 666.0588235294117 
838.0 622.047619047619 
842.0 288.03225806451616 
845.0 186.02564102564102 
833.0 628.0555555555555 
821.0 664.0526315789474 
844.0 286.030303030303 
849.0 107.02222222222223 
836.0 624.0526315789474 
851.0 105.02127659574468 
853.0 101.02083333333333 

857.0 99.01960784313725 
819.0 602.0588235294117 
836.0 534.047619047619 
837.0 194.02941176470588 
844.0 115.02380952380952 
834.0 536.0526315789474 
826.0 557.047619047619 
843.0 186.02564102564102 
821.0 600.0526315789474 
824.0 559.0526315789474 
853.0 99.02 
847.0 107.02222222222223 
839.0 192.02777777777777 
841.0 188.02702702702703 
849.0 105.02127659574468 
851.0 101.02083333333333 

833.0 560.0526315789474 
855.0 99.02 
840.0 218.02941176470588 
847.0 113.02272727272727 
846.0 210.02564102564102 
845.0 216.02702702702703 
841.0 216.02777777777777 
850.0 109.02222222222223 
853.0 103.02083333333333 
851.0 107.02127659574468 

859.0 101.01960784313725 
835.0 560.0526315789474 
838.0 218.02941176470588 
843.0 115.02380952380952 
841.0 212.02702702702703 
847.0 113.02272727272727 
848.0 107.02083333333333 
852.0 101.02083333333333 
855.0 101.02 

912.0 101.02 
827.0 684.0666666666667 
890.0 220.02941176470588 
838.0 650.0526315789474 
839.0 342.03333333333336 
851.0 306.02777777777777 
900.0 112.02272727272727 
832.0 680.0555555555555 
843.0 338.030303030303 
845.0 312.03225806451616 
834.0 654.0625 
908.0 103.02 
829.0 682.0588235294117 
902.0 111.02222222222223 
904.0 106.02127659574468 
836.0 652.0526315789474 
841.0 340.03125 
847.0 310.030303030303 
849.0 308.02941176470586 
906.0 104.0204081632653 

