858.0 101.02 
797.0 1075.0666666666666 
846.0 130.02325581395348 
854.0 107.02127659574468 
856.0 103.02083333333333 
831.0 685.0769230769231 
860.0 101.01960784313725 
793.0 1081.076923076923 
825.0 1059.0454545454545 
850.0 113.02272727272727 
822.0 1059.047619047619 
815.0 1073.0666666666666 
819.0 1065.0555555555557 
817.0 1071.0588235294117 
843.0 132.02439024390245 
847.0 115.02380952380952 
851.0 109.02222222222223 
787.0 1142.090909090909 
789.0 1134.0833333333333 
791.0 1098.0833333333333 
853.0 108.02173913043478 
834.0 683.0833333333334 
835.0 291.04 
821.0 1063.0555555555557 
837.0 291.03846153846155 
839.0 274.03846153846155 
841.0 138.02777777777777 
827.0 752.0833333333334 
829.0 693.0714285714286 
