0.5942028985507246 5.034021595897992E-7 
0.15217391304347827 0.6374388576126991 
0.5072463768115942 0.01898089549780912 
0.5652173913043478 0.0039278756803738995 
0.5797101449275363 0.001309894369446839 
0.39855072463768115 0.38222067472669463 
0.6086956521739131 2.467657645022506E-7 
0.12318840579710146 0.6413721064863369 
0.35507246376811596 0.6269542109972016 
0.5362318840579711 0.007855361881320645 
0.3333333333333333 0.6269556274967849 
0.2826086956521739 0.6361300119977514 
0.3115942028985507 0.6308873581734333 
0.2971014492753623 0.634816033654902 
0.4855072463768116 0.020290483509588893 
0.5144927536231884 0.009164915746059973 
0.5434782608695652 0.005237340134855844 
0.07971014492753623 0.6813010505087794 
0.09420289855072464 0.6760607103004472 
0.10869565217391304 0.6525014892313888 
0.5579710144927537 0.004582601181098194 
0.42028985507246375 0.3809160241297435 
0.427536231884058 0.12435392527833945 
0.32608695652173914 0.6295785125584856 
0.4420289855072464 0.12435291847402026 
0.45652173913043476 0.1132277307469649 
0.47101449275362317 0.02421923723386106 
0.3695652173913043 0.42607119784543873 
0.38405797101449274 0.38745246145677387 
