858.0 101.02 
791.0 1136.076923076923 
797.0 1075.0666666666666 
842.0 154.02777777777777 
848.0 115.02380952380952 
793.0 1128.0714285714287 
795.0 1092.0714285714287 
852.0 109.02222222222223 
844.0 132.02439024390245 
846.0 130.02325581395348 
854.0 107.02127659574468 
856.0 103.02083333333333 

914.0 103.0204081632653 
813.0 1225.0833333333333 
831.0 685.0769230769231 
829.0 1150.0555555555557 
875.0 565.0370370370371 
895.0 136.02631578947367 
866.0 618.047619047619 
903.0 104.02083333333333 
817.0 1219.0714285714287 
821.0 1156.0833333333333 
868.0 616.0434782608696 
869.0 573.0454545454545 
823.0 1150.076923076923 
871.0 571.0416666666666 
897.0 134.025 
899.0 110.02222222222223 
827.0 1150.0588235294117 
815.0 1219.076923076923 
901.0 106.02173913043478 

860.0 101.01960784313725 
793.0 1081.076923076923 
825.0 1059.0454545454545 
844.0 132.02439024390245 
820.0 1073.0526315789473 
797.0 1077.0625 
850.0 113.02272727272727 
854.0 107.02127659574468 
822.0 1059.047619047619 
846.0 130.02325581395348 
848.0 115.02380952380952 
856.0 107.02083333333333 
858.0 101.02 
821.0 1065.05 

860.0 101.01960784313725 
842.0 154.02777777777777 
844.0 152.02631578947367 
846.0 130.02325581395348 
850.0 124.02173913043478 
852.0 109.02222222222223 
856.0 107.02083333333333 
858.0 101.02 
848.0 126.02272727272727 
854.0 107.02127659574468 

907.0 103.02 
815.0 1073.0666666666666 
835.0 723.0714285714286 
833.0 1062.0526315789473 
895.0 118.02439024390245 
871.0 573.0434782608696 
868.0 618.0454545454545 
819.0 1065.0555555555557 
870.0 616.0416666666666 
817.0 1071.0588235294117 
903.0 109.02127659574468 
905.0 104.0204081632653 
897.0 116.02325581395348 
899.0 112.02272727272727 
901.0 110.02173913043478 

858.0 101.02 
841.0 154.02777777777777 
843.0 132.02439024390245 
847.0 115.02380952380952 
851.0 109.02222222222223 
854.0 107.02127659574468 
856.0 103.02083333333333 

860.0 101.01960784313725 
787.0 1142.090909090909 
813.0 1079.0588235294117 
846.0 130.02325581395348 
795.0 1090.0666666666666 
809.0 1089.0714285714287 
789.0 1134.0833333333333 
791.0 1098.0833333333333 
848.0 130.02272727272728 
850.0 113.02272727272727 
811.0 1087.0625 
793.0 1096.0714285714287 
856.0 107.02083333333333 
858.0 101.02 
852.0 109.02222222222223 
854.0 107.02127659574468 
853.0 108.02173913043478 

860.0 101.01960784313725 
794.0 1098.0833333333333 
834.0 683.0833333333334 
835.0 291.04 
821.0 1063.0555555555557 
798.0 1075.0714285714287 
819.0 1069.0588235294117 
841.0 274.037037037037 
842.0 154.02777777777777 
844.0 132.02439024390245 
848.0 115.02380952380952 
796.0 1081.076923076923 
837.0 291.03846153846155 
839.0 274.03846153846155 
850.0 113.02272727272727 
852.0 109.02222222222223 
854.0 107.02127659574468 
856.0 103.02083333333333 
858.0 101.02 

907.0 103.02 
807.0 1125.0833333333333 
841.0 138.02777777777777 
839.0 721.0526315789474 
893.0 118.025 
827.0 1072.0666666666666 
829.0 772.0833333333334 
813.0 1075.0714285714287 
831.0 770.0714285714286 
833.0 725.0666666666667 
809.0 1119.076923076923 
811.0 1081.076923076923 
895.0 116.02380952380952 
897.0 112.02325581395348 
899.0 110.02222222222223 
901.0 106.02173913043478 
837.0 723.0588235294117 
835.0 725.0625 
903.0 104.02083333333333 
905.0 104.0204081632653 

907.0 103.02 
827.0 752.0833333333334 
841.0 138.02777777777777 
839.0 622.047619047619 
893.0 118.025 
829.0 693.0714285714286 
837.0 661.0588235294117 
831.0 691.0625 
835.0 663.0666666666667 
895.0 116.02380952380952 
897.0 112.02325581395348 
899.0 110.02222222222223 
901.0 106.02173913043478 
903.0 104.02083333333333 
905.0 104.0204081632653 

