0.5942028985507246 5.034021595897992E-7 
0.10869565217391304 0.6773653608973983 
0.15217391304347827 0.6374388576126991 
0.4782608695652174 0.03469000215344256 
0.5217391304347826 0.009164915746059973 
0.12318840579710146 0.6721263827078963 
0.13768115942028986 0.6485671616388379 
0.5507246376811594 0.005237340134855844 
0.4927536231884058 0.020290483509588893 
0.5072463768115942 0.01898089549780912 
0.5652173913043478 0.0039278756803738995 
0.5797101449275363 0.001309894369446839 

1.0 0.0013096161284572667 
0.26811594202898553 0.735613185780567 
0.39855072463768115 0.38222067472669463 
0.38405797101449274 0.6865132968087101 
0.717391304347826 0.3036638354956321 
0.8623188405797102 0.02290943486042291 
0.6521739130434783 0.3383551694008196 
0.9202898550724637 0.001964317176920683 
0.2971014492753623 0.731678858188016 
0.32608695652173914 0.6904580120648718 
0.6666666666666666 0.33704361396058213 
0.6739130434782609 0.3089047265649133 
0.34057971014492755 0.6865272802020321 
0.6884057971014492 0.30759340207569486 
0.8768115942028986 0.02159972816283382 
0.8913043478260869 0.005891762942329689 
0.3695652173913043 0.6865154354453357 
0.2826086956521739 0.7316824539177273 
0.9057971014492754 0.0032737555661505055 

0.6086956521739131 2.467657645022506E-7 
0.12318840579710146 0.6413721064863369 
0.35507246376811596 0.6269542109972016 
0.4927536231884058 0.020290483509588893 
0.3188405797101449 0.6361208271162431 
0.15217391304347827 0.6387449764659491 
0.5362318840579711 0.007855361881320645 
0.5652173913043478 0.0039278756803738995 
0.3333333333333333 0.6269556274967849 
0.5072463768115942 0.01898089549780912 
0.5217391304347826 0.009164915746059973 
0.5797101449275363 0.0039275855993422155 
0.5942028985507246 5.034021595897992E-7 
0.32608695652173914 0.6308837224911695 

0.6086956521739131 2.467657645022506E-7 
0.4782608695652174 0.03469000215344256 
0.4927536231884058 0.033380199780004415 
0.5072463768115942 0.01898089549780912 
0.5362318840579711 0.0150533661006797 
0.5507246376811594 0.005237340134855844 
0.5797101449275363 0.0039275855993422155 
0.5942028985507246 5.034021595897992E-7 
0.5217391304347826 0.01636285837848062 
0.5652173913043478 0.0039278756803738995 

0.9492753623188406 0.0013093490171072779 
0.2826086956521739 0.6361300119977514 
0.427536231884058 0.4070851456809892 
0.41304347826086957 0.6289221762340308 
0.8623188405797102 0.011128564204955074 
0.6884057971014492 0.3089034332392069 
0.6666666666666666 0.3383537529012363 
0.3115942028985507 0.6308873581734333 
0.6811594202898551 0.3370424284120178 
0.2971014492753623 0.634816033654902 
0.9202898550724637 0.005236721295321588 
0.9347826086956522 0.001964038935931111 
0.8768115942028986 0.009818976193175304 
0.8913043478260869 0.007200939073846802 
0.9057971014492754 0.005891446796045882 

0.5942028985507246 5.034021595897992E-7 
0.47101449275362317 0.03469000215344256 
0.4855072463768116 0.020290483509588893 
0.5144927536231884 0.009164915746059973 
0.5434782608695652 0.005237340134855844 
0.5652173913043478 0.0039278756803738995 
0.5797101449275363 0.001309894369446839 

0.6086956521739131 2.467657645022506E-7 
0.07971014492753623 0.6813010505087794 
0.26811594202898553 0.6400514161146927 
0.5072463768115942 0.01898089549780912 
0.13768115942028986 0.6472551997248068 
0.2391304347826087 0.6466038932164163 
0.09420289855072464 0.6760607103004472 
0.10869565217391304 0.6525014892313888 
0.5217391304347826 0.018980549608376005 
0.5362318840579711 0.007855361881320645 
0.2536231884057971 0.6452892045406875 
0.12318840579710146 0.6511848528687332 
0.5797101449275363 0.0039275855993422155 
0.5942028985507246 5.034021595897992E-7 
0.5507246376811594 0.005237340134855844 
0.5652173913043478 0.0039278756803738995 
0.5579710144927537 0.004582601181098194 

0.6086956521739131 2.467657645022506E-7 
0.13043478260869565 0.6525014892313888 
0.42028985507246375 0.3809160241297435 
0.427536231884058 0.12435392527833945 
0.32608695652173914 0.6295785125584856 
0.15942028985507245 0.6374419739117825 
0.3115942028985507 0.6335071880399543 
0.47101449275362317 0.11322679852074341 
0.4782608695652174 0.03469000215344256 
0.4927536231884058 0.020290483509588893 
0.5217391304347826 0.009164915746059973 
0.14492753623188406 0.6413721064863369 
0.4420289855072464 0.12435291847402026 
0.45652173913043476 0.1132277307469649 
0.5362318840579711 0.007855361881320645 
0.5507246376811594 0.005237340134855844 
0.5652173913043478 0.0039278756803738995 
0.5797101449275363 0.001309894369446839 
0.5942028985507246 5.034021595897992E-7 

0.9492753623188406 0.0013093490171072779 
0.2246376811594203 0.6701709050331826 
0.47101449275362317 0.02421923723386106 
0.45652173913043476 0.40576399888544995 
0.8478260869565217 0.011128963243252315 
0.3695652173913043 0.6354755891902776 
0.38405797101449274 0.43915965399491563 
0.26811594202898553 0.6374419739117825 
0.39855072463768115 0.43784301763225986 
0.41304347826086957 0.4083908749968537 
0.2391304347826087 0.666240173170343 
0.2536231884057971 0.6413721064863369 
0.8623188405797102 0.009819338553533816 
0.8768115942028986 0.0072012849632799285 
0.8913043478260869 0.005891762942329689 
0.9057971014492754 0.0032737555661505055 
0.4420289855072464 0.4070768966540043 
0.427536231884058 0.40838814823515596 
0.9202898550724637 0.001964317176920683 
0.9347826086956522 0.001964038935931111 

0.9492753623188406 0.0013093490171072779 
0.3695652173913043 0.42607119784543873 
0.47101449275362317 0.02421923723386106 
0.45652173913043476 0.34097286063071497 
0.8478260869565217 0.011128963243252315 
0.38405797101449274 0.38745246145677387 
0.4420289855072464 0.36650268259062596 
0.39855072463768115 0.3861377727810453 
0.427536231884058 0.3678166609334754 
0.8623188405797102 0.009819338553533816 
0.8768115942028986 0.0072012849632799285 
0.8913043478260869 0.005891762942329689 
0.9057971014492754 0.0032737555661505055 
0.9202898550724637 0.001964317176920683 
0.9347826086956522 0.001964038935931111 

