0.42684887459807075 0.24806403143781783 
0.3609324758842444 0.24885615444704826 
0.3207395498392283 0.2506164278008939 
0.27009646302250806 0.25106032282055923 
0.25482315112540194 0.2520749400083657 
0.26366559485530544 0.2515445719329215 
0.48311897106109325 0.2478319954048109 
0.3858520900321543 0.248574510710433 
0.5466237942122186 0.24721323265012582 
0.5458199356913184 0.2474077009444554 
0.5297427652733119 0.24761360855021616 
0.022508038585209004 0.5126624544100271 
0.18086816720257234 0.26490984743411916 
0.04581993569131833 0.5058560641084913 
0.17765273311897106 0.26763240355473356 
0.02491961414790997 0.5099398982894128 
0.03697749196141479 0.5077123523725465 
0.22106109324758844 0.2626823015172529 
0.3440514469453376 0.24983107507379346 
0.22266881028938906 0.26082601325319765 
0.22990353697749197 0.25572122052704577 
0.23070739549839228 0.2533031608146579 
0.23553054662379422 0.2526583448913545 
