0.22909967845659163 0.2710355987055016 
0.6012861736334405 0.2478319954048109 
0.24839228295819935 0.25572122052704577 
0.42684887459807075 0.24806403143781783 
0.3609324758842444 0.24885615444704826 
0.3207395498392283 0.2506164278008939 
0.41559485530546625 0.248574510710433 
0.27009646302250806 0.25106032282055923 
0.2491961414790997 0.2533031608146579 
0.3545016077170418 0.24983107507379346 
0.25482315112540194 0.2520749400083657 
0.26366559485530544 0.2515445719329215 
0.25241157556270094 0.2526583448913545 

0.23392282958199356 0.26763240355473356 

0.340032154340836 0.2506164278008939 
0.24035369774919615 0.26763240355473356 
0.31270096463022506 0.2567421790722761 
0.26607717041800644 0.2579089888382537 
0.3207395498392283 0.2540196229516617 
0.2516077170418006 0.2626823015172529 
0.25 0.26490984743411916 
0.2652733118971061 0.259255307798997 
0.3319935691318328 0.2533031608146579 
0.3360128617363344 0.2526583448913545 
0.3384244372990354 0.25106032282055923 

0.1945337620578778 0.5204411861832112 
0.48311897106109325 0.2478319954048109 
0.2282958199356913 0.26763240355473356 
0.31913183279742763 0.26082601325319765 
0.3858520900321543 0.248574510710433 
0.4541800643086817 0.24831103753747033 
0.34646302250803857 0.2515445719329215 
0.3641479099678457 0.24983107507379346 
0.4662379421221865 0.24806403143781783 
0.3762057877813505 0.2491579155934218 
0.32234726688102894 0.2579089888382537 
0.3295819935691318 0.25572122052704577 
0.33520900321543406 0.25482037475184244 
0.34163987138263663 0.2526583448913545 
0.3384244372990354 0.2533031608146579 

0.6036977491961415 0.2474077009444554 
0.2427652733118971 0.2710355987055016 
0.3022508038585209 0.25482037475184244 
0.28938906752411575 0.2626823015172529 
0.25884244372990356 0.26763240355473356 
0.594855305466238 0.24806403143781783 
0.5152733118971061 0.24831103753747033 
0.37861736334405144 0.2526583448913545 
0.33762057877813506 0.2533031608146579 
0.4541800643086817 0.24885615444704826 
0.5088424437299035 0.248574510710433 
0.4091639871382637 0.25106032282055923 
0.409967845659164 0.24983107507379346 
0.4405144694533762 0.24948202941730452 
0.44614147909967844 0.2491579155934218 
0.5996784565916399 0.24761360855021616 

0.23633440514469453 0.26763240355473356 
0.5466237942122186 0.24721323265012582 
0.31270096463022506 0.26082601325319765 
0.4332797427652733 0.2491579155934218 
0.5064308681672026 0.248574510710433 
0.33440514469453375 0.259255307798997 
0.340032154340836 0.25572122052704577 
0.4220257234726688 0.25020804438280164 
0.34565916398713825 0.2540196229516617 
0.3954983922829582 0.2506164278008939 
0.3665594855305466 0.2515445719329215 
0.39147909967845657 0.25106032282055923 
0.5168810289389068 0.24831103753747033 
0.5337620578778135 0.2478319954048109 
0.3553054662379421 0.2533031608146579 
0.35691318327974275 0.2526583448913545 
0.3633440514469453 0.2520749400083657 
0.5361736334405145 0.24761360855021616 
0.5458199356913184 0.2474077009444554 

0.2532154340836013 0.2710355987055016 
0.5803858520900321 0.2474077009444554 
0.2909967845659164 0.2567421790722761 
0.2733118971061093 0.26082601325319765 
0.5168810289389068 0.24806403143781783 
0.5297427652733119 0.24761360855021616 
0.3834405144694534 0.25020804438280164 
0.41961414790996787 0.24885615444704826 
0.3392282958199357 0.2520749400083657 
0.4678456591639871 0.248574510710433 
0.2604501607717042 0.26763240355473356 
0.4766881028938907 0.24831103753747033 
0.2628617363344051 0.26490984743411916 
0.2652733118971061 0.2626823015172529 
0.30305466237942125 0.25572122052704577 
0.3890675241157556 0.2491579155934218 
0.3086816720257235 0.2540196229516617 
0.31511254019292606 0.2533031608146579 
0.3327974276527331 0.2526583448913545 
0.387459807073955 0.24948202941730452 

0.022508038585209004 0.5126624544100271 
0.18086816720257234 0.26490984743411916 
0.04581993569131833 0.5058560641084913 
0.17765273311897106 0.26763240355473356 
0.02491961414790997 0.5099398982894128 
0.03697749196141479 0.5077123523725465 

0.22266881028938906 0.26763240355473356 
0.45980707395498394 0.24885615444704826 
0.24678456591639872 0.259255307798997 
0.31189710610932475 0.2579089888382537 
0.3665594855305466 0.25106032282055923 
0.4188102893890675 0.2491579155934218 
0.3271704180064309 0.2567421790722761 
0.2315112540192926 0.26490984743411916 
0.3882636655948553 0.24948202941730452 
0.2347266881028939 0.2626823015172529 
0.3319935691318328 0.2533031608146579 
0.2387459807073955 0.26082601325319765 
0.3295819935691318 0.25482037475184244 
0.38022508038585207 0.24983107507379346 
0.3512861736334405 0.2515445719329215 
0.34485530546623794 0.2520749400083657 

0.22106109324758844 0.2626823015172529 
0.7001607717041801 0.2478319954048109 
0.3440514469453376 0.24983107507379346 
0.5538585209003215 0.2491579155934218 
0.22266881028938906 0.26082601325319765 
0.22990353697749197 0.25572122052704577 
0.6760450160771704 0.24885615444704826 
0.26688102893890675 0.2515445719329215 
0.23070739549839228 0.2533031608146579 
0.23553054662379422 0.2526583448913545 
0.6985530546623794 0.24831103753747033 
0.6872990353697749 0.248574510710433 

