1436.0 465.0344827586207 
2948.0 94.00526315789473 
1446.0 464.03125 
1456.0 109.02 
2818.0 94.0060606060606 
2440.0 94.00621118012423 
2370.0 94.00657894736842 
2122.0 94.00662251655629 
1789.0 95.00877192982456 
1881.0 95.00862068965517 
1637.0 95.01204819277109 
1542.0 95.01408450704226 
1720.0 95.01190476190476 
1617.0 95.01351351351352 
2429.0 94.00636942675159 
2113.0 94.00666666666666 
2052.0 94.00680272108843 
1479.0 95.01587301587301 
1936.0 94.00746268656717 
1994.0 94.00735294117646 
2880.0 94.00537634408602 
2934.0 94.00531914893617 
1531.0 95.01492537313433 
1465.0 97.01754385964912 
1761.0 95.01010101010101 
2832.0 94.00584795321637 
1460.0 103.01851851851852 
1898.0 95.00787401574803 
1458.0 103.01886792452831 
1909.0 95.00735294117646 
1934.0 94.00757575757575 
2852.0 94.00552486187846 
2876.0 94.00549450549451 
1735.0 95.01123595505618 
1754.0 95.01063829787235 
1632.0 95.01234567901234 
