1449.0 465.0357142857143 
3718.0 95.00395256916995 
1456.0 465.02564102564105 
1458.0 109.01923076923077 
2558.0 95.0050505050505 
2846.0 95.005 
2981.0 95.00467289719626 
3239.0 95.00452488687783 
3702.0 95.00401606425703 
3481.0 95.00408163265305 
2023.0 95.00666666666666 
2182.0 95.00653594771242 
2948.0 95.00492610837438 
2335.0 95.00574712643679 
1742.0 95.00892857142857 
1914.0 95.00751879699249 
2218.0 95.00595238095238 
3474.0 95.00413223140495 
2455.0 95.00546448087432 
3366.0 95.00414937759336 
2347.0 95.00558659217877 
2449.0 95.00552486187846 
1837.0 95.00869565217391 
1548.0 95.01612903225806 
1605.0 95.01190476190476 
1902.0 95.00787401574803 
1494.0 95.01666666666667 
1610.0 95.01162790697674 
1657.0 95.0111111111111 
1711.0 95.01010101010101 
1661.0 95.01098901098901 
3254.0 95.00446428571429 
3302.0 95.0042735042735 
3347.0 95.0042194092827 
1859.0 95.00813008130082 
1464.0 103.02083333333333 
1469.0 97.01960784313725 
1460.0 109.01851851851852 
1471.0 95.01886792452831 
3287.0 95.00436681222708 
