1437.0 465.03846153846155 
4056.0 95.003003003003 
1448.0 459.0285714285714 
1458.0 109.02 
3438.0 95.00431034482759 
2740.0 95.00456621004567 
3620.0 95.00414937759336 
3715.0 95.00347222222223 
3864.0 95.00342465753425 
2629.0 95.00471698113208 
2464.0 95.00478468899522 
2592.0 95.00473933649289 
2362.0 95.00555555555556 
1948.0 95.00990099009901 
2245.0 95.00564971751412 
1799.0 95.01190476190476 
1836.0 95.01020408163265 
3687.0 95.00369003690037 
1630.0 95.01315789473684 
1724.0 95.01234567901234 
1494.0 95.01818181818182 
3957.0 95.00305810397553 
4040.0 95.0030303030303 
3921.0 95.0031847133758 
2128.0 95.0079365079365 
2204.0 95.0059880239521 
1565.0 95.01587301587301 
1956.0 95.00943396226415 
2026.0 95.00934579439253 
2088.0 95.00925925925925 
1476.0 97.01923076923077 
2372.0 95.00546448087432 
1571.0 95.015625 
1445.0 459.03125 
1439.0 465.0357142857143 
2422.0 95.0049751243781 
1461.0 103.01886792452831 
3875.0 95.00340136054422 
1464.0 103.01818181818182 
