1456.0 470.03333333333336 
4253.0 100.0027027027027 
1458.0 470.02777777777777 
1462.0 114.02222222222223 
3412.0 100.00352112676056 
3145.0 100.00359712230215 
3135.0 100.00369003690037 
2886.0 100.00374531835206 
4132.0 100.00273224043715 
3949.0 100.00275482093664 
2705.0 100.00395256916995 
2859.0 100.00393700787401 
3742.0 100.00308641975309 
3549.0 100.00324675324676 
3481.0 100.00335570469798 
1468.0 102.01923076923077 
2234.0 100.00602409638554 
2557.0 100.00448430493273 
2460.0 100.00471698113208 
2678.0 100.00403225806451 
3630.0 100.00319488817891 
2357.0 100.00552486187846 
2252.0 100.00558659217877 
2129.0 100.0060606060606 
1967.0 100.00806451612904 
1793.0 100.01136363636364 
1702.0 100.01204819277109 
2471.0 100.00460829493088 
2593.0 100.00414937759336 
1867.0 100.00833333333334 
1482.0 100.01666666666667 
3781.0 100.00305810397553 
3864.0 100.00278551532034 
2047.0 100.00636942675159 
1947.0 100.00826446280992 
3869.0 100.00276243093923 
1625.0 100.01219512195122 
1550.0 100.01333333333334 
1863.0 100.00943396226415 
