1444.0 465.03125 
2618.0 87.00617283950618 
1468.0 464.025 
1469.0 109.02083333333333 
1999.0 95.00666666666666 
2244.0 95.00662251655629 
2527.0 89.00806451612904 
2343.0 95.00595238095238 
1487.0 95.01724137931035 
1559.0 95.01492537313433 
1921.0 95.00704225352112 
1988.0 95.0068493150685 
1710.0 95.01 
1776.0 95.00925925925925 
1664.0 95.01282051282051 
1856.0 95.00854700854701 
1603.0 95.01428571428572 
1615.0 95.01298701298701 
1809.0 95.00892857142857 
2280.0 95.00649350649351 
2324.0 95.00641025641026 
1867.0 95.00813008130082 
1808.0 95.0091743119266 
1480.0 97.02 
2553.0 89.00751879699249 
1463.0 465.0285714285714 
1894.0 95.0079365079365 
1471.0 103.01886792452831 
1479.0 103.01818181818182 
2557.0 87.00735294117646 
1678.0 95.01136363636364 
1702.0 95.0111111111111 
2576.0 87.00699300699301 
2326.0 95.00628930817611 
1910.0 95.00729927007299 
2591.0 87.00671140939598 
2605.0 87.00636942675159 
