1449.0 471.037037037037 
3610.0 95.00380228136882 
1466.0 471.0357142857143 
1467.0 115.02173913043478 
2908.0 95.00492610837438 
3188.0 95.0048309178744 
3398.0 95.00389105058366 
2087.0 95.00813008130082 
1900.0 95.00840336134453 
2819.0 95.00552486187846 
2688.0 95.00555555555556 
2591.0 95.00558659217877 
1485.0 95.01886792452831 
2219.0 95.00689655172414 
2346.0 95.00653594771242 
1775.0 95.009009009009 
1577.0 95.01449275362319 
1678.0 95.01162790697674 
1773.0 95.00909090909092 
2560.0 95.00578034682081 
2467.0 95.00595238095238 
1652.0 95.01388888888889 
3247.0 95.00473933649289 
1556.0 95.01851851851852 
2136.0 95.0077519379845 
2205.0 95.00729927007299 
2874.0 95.00510204081633 
3313.0 95.00425531914894 
3263.0 95.00444444444445 
2091.0 95.00806451612904 
2439.0 95.0060606060606 
2391.0 95.00632911392405 
1474.0 103.02083333333333 
3353.0 95.00390625 
2351.0 95.00641025641026 
1471.0 115.02127659574468 
1472.0 109.02127659574468 
