2440.0 94.00621118012423 
2370.0 94.00657894736842 
2122.0 94.00662251655629 
1789.0 95.00877192982456 
1542.0 95.01408450704226 
2429.0 94.00636942675159 
2113.0 94.00666666666666 
2052.0 94.00680272108843 
1479.0 95.01587301587301 
1936.0 94.00746268656717 
1994.0 94.00735294117646 
1531.0 95.01492537313433 
1460.0 103.01851851851852 
1898.0 95.00787401574803 
1458.0 103.01886792452831 
1909.0 95.00735294117646 
1934.0 94.00757575757575 
1463.0 102.01923076923077 
1433.0 465.03125 
1456.0 107.01818181818182 
1440.0 457.02702702702703 
1464.0 95.01818181818182 
1484.0 95.01515151515152 
1742.0 95.00892857142857 
1837.0 95.00869565217391 
1605.0 95.01190476190476 
1610.0 95.01162790697674 
1657.0 95.0111111111111 
1661.0 95.01098901098901 
1859.0 95.00813008130082 
1736.0 95.0091743119266 
2618.0 87.00617283950618 
2527.0 89.00806451612904 
1921.0 95.00704225352112 
1710.0 95.01 
1856.0 95.00854700854701 
2553.0 89.00751879699249 
1894.0 95.0079365079365 
2557.0 87.00735294117646 
2576.0 87.00699300699301 
1910.0 95.00729927007299 
2591.0 87.00671140939598 
2605.0 87.00636942675159 
