1439.0 465.0344827586207 
3159.0 95.00456621004567 
1444.0 459.03225806451616 
1458.0 109.01960784313725 
2662.0 95.00526315789473 
3016.0 95.00518134715026 
2350.0 95.0059880239521 
1744.0 97.01098901098901 
2519.0 95.00549450549451 
2643.0 95.0054347826087 
2472.0 95.00574712643679 
1773.0 97.00943396226415 
1643.0 97.0111111111111 
2152.0 95.0078125 
2278.0 95.00645161290322 
1854.0 97.00934579439253 
1469.0 97.01785714285714 
2084.0 97.00628930817611 
2252.0 95.00666666666666 
1579.0 97.01190476190476 
1901.0 97.00719424460432 
1965.0 97.00709219858156 
2174.0 95.00740740740741 
2339.0 95.00617283950618 
1522.0 97.01333333333334 
1516.0 97.01449275362319 
3096.0 95.00490196078431 
3052.0 95.00510204081633 
3139.0 95.00467289719626 
2001.0 97.0068493150685 
2043.0 97.00680272108843 
1894.0 97.00763358778626 
2213.0 95.00694444444444 
1967.0 97.00704225352112 
1463.0 103.01851851851852 
