1433.0 465.03125 
3601.0 95.00338983050847 
1456.0 107.01818181818182 
1440.0 457.02702702702703 
3522.0 95.0034965034965 
3282.0 95.00354609929079 
3267.0 95.00366300366301 
3043.0 95.00393700787401 
2703.0 95.00452488687783 
2883.0 95.00413223140495 
2383.0 95.00561797752809 
2511.0 95.00555555555556 
2940.0 95.00401606425703 
1464.0 95.01818181818182 
1674.0 95.0111111111111 
2267.0 95.00588235294117 
2361.0 95.00584795321637 
1755.0 95.01020408163265 
2568.0 95.00515463917526 
2647.0 95.00485436893204 
2194.0 95.00636942675159 
2119.0 95.00689655172414 
2220.0 95.00625 
1660.0 95.01123595505618 
1484.0 95.01515151515152 
1952.0 95.00892857142857 
1759.0 95.01010101010101 
1829.0 95.00990099009901 
1602.0 95.01470588235294 
1536.0 95.01492537313433 
1886.0 95.00980392156863 
2063.0 95.00735294117646 
2891.0 95.0040650406504 
3547.0 95.00341296928327 
2010.0 95.00763358778626 
1958.0 95.00884955752213 
