1442.0 467.03846153846155 
3872.0 100.00325732899023 
1452.0 465.04 
1456.0 114.02127659574468 
2851.0 100.00460829493088 
2547.0 100.00492610837438 
3604.0 100.00342465753425 
3818.0 100.00334448160535 
3019.0 100.00454545454545 
1947.0 100.00869565217391 
2116.0 100.00854700854701 
1688.0 100.01176470588236 
1804.0 100.0091743119266 
1463.0 102.01923076923077 
3124.0 100.00440528634361 
2310.0 100.00689655172414 
3315.0 100.003861003861 
1820.0 100.00909090909092 
2196.0 100.00735294117646 
3031.0 100.00448430493273 
3582.0 100.00350877192983 
2218.0 100.0072463768116 
2394.0 100.0054347826087 
1462.0 114.02083333333333 
1904.0 100.009009009009 
1615.0 100.01612903225806 
1533.0 100.01785714285714 
3194.0 100.0042372881356 
3274.0 100.00389105058366 
3512.0 100.00358422939068 
3437.0 100.00373134328358 
2122.0 100.00847457627118 
2475.0 100.0049751243781 
2323.0 100.00617283950618 
1480.0 100.01818181818182 
2410.0 100.005291005291 
3415.0 100.00380228136882 
3376.0 100.00384615384615 
3139.0 100.00438596491227 
