0.032359409362236885 0.9696021236493804 
0.9110901665095822 0.0329071599420892 
0.03298774740810556 0.9695880603246749 
0.03424442349984291 0.06839614988097494 
0.6468740182218033 0.03290923169947821 
0.562990889098335 0.032909424074474176 
0.5598491988689915 0.03290965927834379 
0.4816211121583412 0.03290979921772475 
0.8730757147345272 0.03290723471386431 
0.8155827835375432 0.03290729187410565 
0.4247565190072259 0.0329103238521233 
0.473138548539114 0.03291028446028293 
0.7505497957901351 0.03290813128283461 
0.6899151743638078 0.03290853715079148 
0.6685516808042727 0.032908812950325904 
0.03612943763744895 0.0380117959579566 
0.27678290920515236 0.03291556771289969 
0.37825950361294375 0.032911669887207395 
0.3477851083883129 0.03291225888337706 
0.4162739553879987 0.03291052557646723 
0.7153628652214892 0.032908405859639285 
0.31542569902607603 0.03291430395144378 
0.2824379516179705 0.03291446021543013 
0.2437951617970468 0.03291566013343443 
0.19289978008168396 0.03292073282826953 
0.138234370091109 0.03292908421610774 
0.1096449890040842 0.03293081710113442 
0.35124096764059065 0.03291198375529614 
0.38956958843858 0.032910822052660674 
0.16148287778825007 0.03292141331172301 
0.04052780395852969 0.03294250829878102 
0.7628023876845743 0.032908059604319286 
0.7888784165881244 0.03290736957382087 
0.21803330191643103 0.032916441881651985 
0.18661639962299717 0.03292123897298698 
0.7904492617027961 0.03290731113805437 
0.08545397423814012 0.03293118903743282 
0.06189129751806472 0.03293407030395782 
0.16022620169651272 0.03292419944208916 

0.02607602890355011 0.9569480410679503 
0.5010995915802702 0.017725250792605004 
0.029217719132893498 0.954408459220835 
0.032359409362236885 0.05573353231627544 
0.46025761859880615 0.017727269451653618 
0.34150172792962613 0.01772765061460443 
0.31950989632422244 0.017728581580035242 
0.24159597863650645 0.01772869187100974 
0.13697769399937165 0.020265531339382394 
0.16588124410933083 0.020265148490252488 
0.08922400251335218 0.02027382486631708 
0.05937794533459001 0.02027897958910064 
0.11530003141690229 0.020273461785644802 
0.08294062205466542 0.02027753417696876 
0.3380458686773484 0.01772805119987118 
0.2387684574300974 0.017728803632530564 
0.21960414703110273 0.017729148040482545 
0.03958529688972667 0.020283507017577196 
0.18316054037071944 0.017730818676070455 
0.2013823437009111 0.017730540866758873 
0.47973609802073514 0.01772553731195384 
0.49670122525918947 0.017725392528240336 
0.055922086082312285 0.020281108156220223 
0.035186930568645934 0.025350533482844096 
0.1281809613572102 0.020268895771130085 
0.4646559849198869 0.017726731142574004 
0.03361608545397424 0.04054139141457321 
0.17122211749921457 0.020263258361083555 
0.03298774740810556 0.040542275900403754 
0.1746779767514923 0.02026193931372234 
0.18253220232485076 0.017731104903845985 
0.47093936537857367 0.01772591326966297 
0.4784794219289978 0.017725836425559794 
0.12001256676091737 0.020271768769026987 
0.1259817781966698 0.02027025586056002 
0.08765315739868049 0.020274577922526175 

0.027018535972353125 0.9569480410679503 
0.5673892554194157 0.020254884986865736 
0.02858938108702482 0.9417540187989683 
0.03298774740810556 0.05573253961100212 
0.4112472510210493 0.02025664923956847 
0.5224630851398052 0.020256442143976962 
0.3132265158655357 0.02025848416438035 
0.12284008796732643 0.0253339405491258 
0.3663210807414389 0.02025723487252326 
0.4052780395852969 0.02025708369010288 
0.351555136663525 0.020257874356784212 
0.13195098963242224 0.025330004101198754 
0.09110901665095822 0.025334249633185254 
0.2510210493245366 0.02026310264021453 
0.2906063462142633 0.020259657692731244 
0.15739868049010367 0.025329780913185454 
0.036443606660383286 0.025351326527470328 
0.22965755576500158 0.025322043728724035 
0.2824379516179705 0.020260202079494034 
0.07100219918316054 0.02533625867957174 
0.1721646245680176 0.025324334483393014 
0.19227144203581528 0.02532407616424948 
0.257932767829092 0.020262077189454778 
0.3097706566132579 0.02025895200618692 
0.053094564875903236 0.025339874963067412 
0.0512095507382972 0.025342809917788523 
0.5475966069745523 0.0202557349057641 
0.5337731699654414 0.020256241388046416 
0.5611058749607288 0.020255155054553053 
0.20358152686145145 0.02532346132930171 
0.21677662582469368 0.02532334338137295 
0.1699654414074772 0.025325446636041457 
0.27018535972353125 0.02026090524572931 
0.19289978008168396 0.02532394973340105 
0.03455859252277725 0.04054139141457321 

0.02639019792648445 0.9569581129450603 
0.8491988689915174 0.02025092788698565 
0.029846057178762174 0.9417446864544632 
0.03298774740810556 0.05573353231627544 
0.6550424128180962 0.020254237290050058 
0.43575243480992776 0.020254884986865736 
0.7122211749921458 0.020253829817843332 
0.742067232170908 0.020252115667788485 
0.7888784165881244 0.020251995262611216 
0.40087967326421614 0.02025526664855972 
0.34904178448005024 0.020255438044139318 
0.3892554194156456 0.02025532323888536 
0.31699654414074774 0.02025738941455299 
0.18693056864593152 0.020268389440807666 
0.2802387684574301 0.020257627775988645 
0.14011938422871506 0.020273461785644802 
0.15174363807728558 0.020269156686245206 
0.7332704995287465 0.02025266704352645 
0.08702481935281181 0.02027663396414976 
0.11655670750863965 0.020274577922526175 
0.04429783223374175 0.020289351516156046 
0.8180961357210179 0.020251067369501944 
0.844172164624568 0.020250996994232356 
0.8067860508953817 0.020251387868341155 
0.24348099277411248 0.02026341655371241 
0.2673578385171222 0.02025848416438035 
0.0666038328620798 0.020283507017577196 
0.18944392082940623 0.020267207207271817 
0.21143575243480991 0.020266984019258517 
0.23091423185673893 0.02026676496435653 
0.03864278982092366 0.025354803723139255 
0.3201382343700911 0.02025715886824635 
0.06848884699968583 0.02028287919058143 
0.028903550109959156 0.9417514669860176 
0.027018535972353125 0.9569511585537224 
0.335846685516808 0.020255920111971814 
0.033930254476908575 0.040542275900403754 
0.7923342758404022 0.02025193628864682 
0.034872761545711596 0.04054053909186379 

0.027961043041156142 0.9620209098389871 
0.7913917687715991 0.032908563922212086 
0.03110273327049953 0.9569620074042094 
0.032359409362236885 0.06839375612357827 
0.4706251963556393 0.03291198375529614 
0.3751178133836004 0.032912788267753436 
0.7071944706251964 0.03290898749742856 
0.7744266415331448 0.032908784540206654 
0.5234055922086083 0.03291182468124206 
0.18661639962299717 0.03292233048507334 
0.23971096449890042 0.032921954208827056 
0.10524662268300346 0.032930099482864544 
0.14169022934338674 0.03292354216362792 
0.03455859252277725 0.0380117959579566 
0.5563933396167138 0.032911469859673616 
0.3006597549481621 0.03291777624498886 
0.6163996229971724 0.03291009206384243 
0.14671693371033617 0.03292333103781919 
0.2648444863336475 0.03291893154853968 
0.5271756204838203 0.032911669887207395 
0.700282752120641 0.03290920042447889 
0.27175620483820295 0.032918661791671945 
0.32704995287464655 0.03291407592492022 
0.03424442349984291 0.06839263404979858 
0.17310713163682062 0.03292312371607904 
0.08231228400879673 0.03294114733187405 
0.05655042412818096 0.03294552186836073 
0.5783851712221175 0.03291104458927076 
0.6035186930568646 0.0329101681240695 
0.6782909205152372 0.0329093914373781 
0.6547282437951618 0.0329097638412581 
0.24159597863650645 0.032921770853876514 
0.352497643732328 0.032912912346789155 
0.3047439522463085 0.03291594424100426 
0.03989946591266101 0.032946343750973384 
0.33207665724159596 0.03291371196724148 
0.6478165252906063 0.032909943413816915 
0.6355639333961671 0.032910054472537906 
0.5611058749607288 0.032911420949432335 

0.025133521834747093 0.9569398576677984 
0.7062519635563933 0.02025190710153223 
0.032359409362236885 0.05066613287971766 
0.027332704995287466 0.9366779800648654 
0.6814326107445806 0.020252177133368486 
0.6060320452403393 0.020252302680085103 
0.6013195098963242 0.020252598611631385 
0.5309456487590324 0.02025329222546559 
0.42412818096135724 0.020254780381462854 
0.4806786050895382 0.020253786414008615 
0.32359409362236885 0.020257547429437306 
0.36380772855796417 0.02025738941455299 
0.49858623939679547 0.020253492348670778 
0.034872761545711596 0.020289351516156046 
0.10084825636192271 0.020271452739258317 
0.28715048696198553 0.020258216668947397 
0.3166823751178134 0.02025812958953747 
0.12629594721960416 0.020269156686245206 
0.3817153628652215 0.020256374535450535 
0.40653471567703425 0.02025561443182319 
0.26421614828777884 0.020259449646834647 
0.24065347156770342 0.020260784010171517 
0.27238454288407166 0.02025914733014113 
0.09644989004084198 0.020271768769026987 
0.04115614200439836 0.020281680611771314 
0.18818724473766887 0.02026592786169551 
0.1275526233113415 0.020268895771130085 
0.1495444549167452 0.020268389440807666 
0.07822808671065033 0.02028055253759709 
0.057492931196983975 0.020281108156220223 
0.1674520892240025 0.020268143721680613 
0.22306000628338046 0.02026193931372234 
0.4831919572730129 0.0202536163274369 
0.6892868363179391 0.02025196567499084 
0.2064090480678605 0.02026264974211452 
0.1900722588752749 0.02026572784601545 

0.030160226201696512 0.9569511585537224 
0.7430097392397109 0.020253331617305963 
0.032359409362236885 0.9569256591188171 
0.03298774740810556 0.05573158508670087 
0.3785736726358781 0.020256110930488857 
0.4690543512409676 0.020255983082082433 
0.5114671693371033 0.020255155054553053 
0.5925227772541627 0.020254780381462854 
0.7379830348727615 0.020253492348670778 
0.6685516808042727 0.020253658328406643 
0.21049324536600691 0.020260202079494034 
0.2604461200125668 0.020259871177736286 
0.5010995915802702 0.020255796032936098 
0.30851398052152057 0.020257874356784212 
0.12221174992145774 0.02026592786169551 
0.176248821866164 0.020262359160877437 
0.27175620483820295 0.020258393937746214 
0.6663524976437323 0.020253786414008615 
0.34621426327364124 0.02025715886824635 
0.6324222431668237 0.020253829817843332 
0.3122840087967326 0.02025746798061279 
0.3443292491360352 0.020257311716626435 
0.1520578071002199 0.020265338250256 
0.061262959472196045 0.02028415509705671 
0.07917059377945335 0.020273461785644802 
0.17247879359095195 0.020263258361083555 
0.04429783223374175 0.02028551606396368 
0.08074143889412504 0.020272760955509984 
0.09550738297203895 0.020271452739258317 
0.11247251021049325 0.020268895771130085 
0.09676405906377632 0.020271143655198862 
0.5972353125981779 0.020254626975771586 
0.6123154256990261 0.020254144031928652 
0.6264530317310714 0.020254007095952948 
0.15896952560477537 0.020263906565026208 
0.034872761545711596 0.04054725113320043 
0.036443606660383286 0.0253557582474405 
0.03361608545397424 0.05572978209635402 
0.03707194470625196 0.02029108832469601 
0.607602890355011 0.020254380231537427 

0.02827521206409048 0.9569310680898576 
0.23939679547596607 0.017731251295151053 
0.03204524033930255 0.9417298925674356 
0.03361608545397424 0.055736763888760935 
0.20075400565504242 0.020262798385593504 
0.12032673578385171 0.02026654992881058 
0.15017279296261388 0.020266338803001854 
0.04524033930254477 0.02028415509705671 
0.07005969211435753 0.02028227068133938 
0.09456487590323594 0.02028055253759709 
0.17844800502670435 0.020263740593452186 
0.17436380772855797 0.020264961974009715 
0.15237197612315426 0.02026572784601545 
0.10147659440779139 0.020271452739258317 
0.036757775683317624 0.025354803723139255 
0.03612943763744895 0.040546174858350534 
0.09927741124725102 0.02027897958910064 
0.035186930568645934 0.0506717686462044 
0.15174363807728558 0.020266131481261704 

0.02858938108702482 0.9569398576677984 
0.39742381401193844 7.764430479173972E-6 
0.03612943763744895 0.9543926379805414 
0.036443606660383286 0.05573564181498124 
0.20295318881558277 0.020260202079494034 
0.27992459943449577 0.02026009031797321 
0.3688344329249136 0.005075349911671379 
0.3110273327049953 0.020258393937746214 
0.042098649073201384 0.02028697089065735 
0.06471881872447377 0.020281108156220223 
0.17844800502670435 0.020261152839474113 
0.19949732956330507 0.020260664435374772 
0.11215834118755891 0.020268640074317272 
0.13289349670122527 0.02026676496435653 
0.09770656613257933 0.020275779916090742 
0.15802701853597234 0.020264961974009715 
0.07854225573358467 0.02027948892480426 
0.08231228400879673 0.02027620139435364 
0.14326107445805844 0.02026592786169551 
0.29123468426013194 0.020259763742100652 
0.30505812126924287 0.0202595530029692 
0.16148287778825007 0.020263906565026208 
0.1429469054351241 0.02026654992881058 
0.03989946591266101 0.025356750952713822 
0.3770028275212064 0.005073968479096629 
0.03455859252277725 0.9569330771362441 
0.1699654414074772 0.02026341655371241 
0.03707194470625196 0.040542275900403754 
0.03958529688972667 0.04054053909186379 
0.37825950361294375 1.0751738014595324E-5 
0.10210493245366006 0.020272091981290402 
0.1096449890040842 0.020271452739258317 
0.3842287150486962 9.84060118160055E-6 
0.3056864593151115 0.020259246834797098 
0.17499214577442665 0.020261803450774364 
0.38894125039271127 9.127765461790342E-6 
0.39333961671379203 8.262071126903143E-6 

0.030160226201696512 0.9721428976461473 
0.7090794847628024 0.020252951178999574 
0.03550109959158027 0.9721395492355032 
0.03581526861451461 0.07092632543013792 
0.48853283066289666 0.020255796032936098 
0.5765001570845115 0.02025555506785229 
0.6424756519007226 0.020253175889252163 
0.23060006283380458 0.020263906565026208 
0.17185045554508324 0.020264598345704453 
0.4605717876217405 0.020257311716626435 
0.4194156456173421 0.02025738941455299 
0.38894125039271127 0.02025746798061279 
0.04147031102733271 0.02029108832469601 
0.2720703738611373 0.020260784010171517 
0.31196983977379833 0.020259871177736286 
0.13257932767829092 0.020266131481261704 
0.07037386113729187 0.020280013023861586 
0.10210493245366006 0.020272760955509984 
0.13195098963242224 0.020266338803001854 
0.3792020106817468 0.020257958450812744 
0.3499842915488533 0.020258393937746214 
0.09393653785736726 0.020278484401610997 
0.5950361294376374 0.02025532323888536 
0.06377631165567076 0.02029020383886547 
0.24599434495758718 0.02026294933362253 
0.26767200754005654 0.020261803450774364 
0.47785108388312914 0.020256241388046416 
0.6157712849513038 0.020254097998132582 
0.6000628338045869 0.02025457674961191 
0.23185673892554196 0.020263740593452186 
0.3411875589066918 0.020258667898617088 
0.32610744580584355 0.02025934759900563 
0.038014451775054976 0.04054725113320043 
0.6283380458686774 0.020253214365031077 
0.31354068488847 0.0202595530029692 
0.03707194470625196 0.07092515457054174 
0.0373861137291863 0.055736763888760935 

