1456.0 470.03333333333336 
4253.0 100.0027027027027 
1458.0 470.02777777777777 
1462.0 114.02222222222223 
3412.0 100.00352112676056 
3145.0 100.00359712230215 
3135.0 100.00369003690037 
2886.0 100.00374531835206 
4132.0 100.00273224043715 
3949.0 100.00275482093664 
2705.0 100.00395256916995 
2859.0 100.00393700787401 
3742.0 100.00308641975309 
3549.0 100.00324675324676 
3481.0 100.00335570469798 
1468.0 102.01923076923077 
2234.0 100.00602409638554 
2557.0 100.00448430493273 
2460.0 100.00471698113208 
2678.0 100.00403225806451 
3630.0 100.00319488817891 
2357.0 100.00552486187846 
2252.0 100.00558659217877 
2129.0 100.0060606060606 
1967.0 100.00806451612904 
1793.0 100.01136363636364 
1702.0 100.01204819277109 
2471.0 100.00460829493088 
2593.0 100.00414937759336 
1867.0 100.00833333333334 
1482.0 100.01666666666667 
3781.0 100.00305810397553 
3864.0 100.00278551532034 
2047.0 100.00636942675159 
1947.0 100.00826446280992 
3869.0 100.00276243093923 
1625.0 100.01219512195122 
1550.0 100.01333333333334 
1863.0 100.00943396226415 

1436.0 465.0344827586207 
2948.0 94.00526315789473 
1446.0 464.03125 
1456.0 109.02 
2818.0 94.0060606060606 
2440.0 94.00621118012423 
2370.0 94.00657894736842 
2122.0 94.00662251655629 
1789.0 95.00877192982456 
1881.0 95.00862068965517 
1637.0 95.01204819277109 
1542.0 95.01408450704226 
1720.0 95.01190476190476 
1617.0 95.01351351351352 
2429.0 94.00636942675159 
2113.0 94.00666666666666 
2052.0 94.00680272108843 
1479.0 95.01587301587301 
1936.0 94.00746268656717 
1994.0 94.00735294117646 
2880.0 94.00537634408602 
2934.0 94.00531914893617 
1531.0 95.01492537313433 
1465.0 97.01754385964912 
1761.0 95.01010101010101 
2832.0 94.00584795321637 
1460.0 103.01851851851852 
1898.0 95.00787401574803 
1458.0 103.01886792452831 
1909.0 95.00735294117646 
1934.0 94.00757575757575 
2852.0 94.00552486187846 
2876.0 94.00549450549451 
1735.0 95.01123595505618 
1754.0 95.01063829787235 
1632.0 95.01234567901234 

1439.0 465.0344827586207 
3159.0 95.00456621004567 
1444.0 459.03225806451616 
1458.0 109.01960784313725 
2662.0 95.00526315789473 
3016.0 95.00518134715026 
2350.0 95.0059880239521 
1744.0 97.01098901098901 
2519.0 95.00549450549451 
2643.0 95.0054347826087 
2472.0 95.00574712643679 
1773.0 97.00943396226415 
1643.0 97.0111111111111 
2152.0 95.0078125 
2278.0 95.00645161290322 
1854.0 97.00934579439253 
1469.0 97.01785714285714 
2084.0 97.00628930817611 
2252.0 95.00666666666666 
1579.0 97.01190476190476 
1901.0 97.00719424460432 
1965.0 97.00709219858156 
2174.0 95.00740740740741 
2339.0 95.00617283950618 
1522.0 97.01333333333334 
1516.0 97.01449275362319 
3096.0 95.00490196078431 
3052.0 95.00510204081633 
3139.0 95.00467289719626 
2001.0 97.0068493150685 
2043.0 97.00680272108843 
1894.0 97.00763358778626 
2213.0 95.00694444444444 
1967.0 97.00704225352112 
1463.0 103.01851851851852 

1437.0 465.03846153846155 
4056.0 95.003003003003 
1448.0 459.0285714285714 
1458.0 109.02 
3438.0 95.00431034482759 
2740.0 95.00456621004567 
3620.0 95.00414937759336 
3715.0 95.00347222222223 
3864.0 95.00342465753425 
2629.0 95.00471698113208 
2464.0 95.00478468899522 
2592.0 95.00473933649289 
2362.0 95.00555555555556 
1948.0 95.00990099009901 
2245.0 95.00564971751412 
1799.0 95.01190476190476 
1836.0 95.01020408163265 
3687.0 95.00369003690037 
1630.0 95.01315789473684 
1724.0 95.01234567901234 
1494.0 95.01818181818182 
3957.0 95.00305810397553 
4040.0 95.0030303030303 
3921.0 95.0031847133758 
2128.0 95.0079365079365 
2204.0 95.0059880239521 
1565.0 95.01587301587301 
1956.0 95.00943396226415 
2026.0 95.00934579439253 
2088.0 95.00925925925925 
1476.0 97.01923076923077 
2372.0 95.00546448087432 
1571.0 95.015625 
1445.0 459.03125 
1439.0 465.0357142857143 
2422.0 95.0049751243781 
1461.0 103.01886792452831 
3875.0 95.00340136054422 
1464.0 103.01818181818182 

1442.0 467.03846153846155 
3872.0 100.00325732899023 
1452.0 465.04 
1456.0 114.02127659574468 
2851.0 100.00460829493088 
2547.0 100.00492610837438 
3604.0 100.00342465753425 
3818.0 100.00334448160535 
3019.0 100.00454545454545 
1947.0 100.00869565217391 
2116.0 100.00854700854701 
1688.0 100.01176470588236 
1804.0 100.0091743119266 
1463.0 102.01923076923077 
3124.0 100.00440528634361 
2310.0 100.00689655172414 
3315.0 100.003861003861 
1820.0 100.00909090909092 
2196.0 100.00735294117646 
3031.0 100.00448430493273 
3582.0 100.00350877192983 
2218.0 100.0072463768116 
2394.0 100.0054347826087 
1462.0 114.02083333333333 
1904.0 100.009009009009 
1615.0 100.01612903225806 
1533.0 100.01785714285714 
3194.0 100.0042372881356 
3274.0 100.00389105058366 
3512.0 100.00358422939068 
3437.0 100.00373134328358 
2122.0 100.00847457627118 
2475.0 100.0049751243781 
2323.0 100.00617283950618 
1480.0 100.01818181818182 
2410.0 100.005291005291 
3415.0 100.00380228136882 
3376.0 100.00384615384615 
3139.0 100.00438596491227 

1433.0 465.03125 
3601.0 95.00338983050847 
1456.0 107.01818181818182 
1440.0 457.02702702702703 
3522.0 95.0034965034965 
3282.0 95.00354609929079 
3267.0 95.00366300366301 
3043.0 95.00393700787401 
2703.0 95.00452488687783 
2883.0 95.00413223140495 
2383.0 95.00561797752809 
2511.0 95.00555555555556 
2940.0 95.00401606425703 
1464.0 95.01818181818182 
1674.0 95.0111111111111 
2267.0 95.00588235294117 
2361.0 95.00584795321637 
1755.0 95.01020408163265 
2568.0 95.00515463917526 
2647.0 95.00485436893204 
2194.0 95.00636942675159 
2119.0 95.00689655172414 
2220.0 95.00625 
1660.0 95.01123595505618 
1484.0 95.01515151515152 
1952.0 95.00892857142857 
1759.0 95.01010101010101 
1829.0 95.00990099009901 
1602.0 95.01470588235294 
1536.0 95.01492537313433 
1886.0 95.00980392156863 
2063.0 95.00735294117646 
2891.0 95.0040650406504 
3547.0 95.00341296928327 
2010.0 95.00763358778626 
1958.0 95.00884955752213 

1449.0 465.0357142857143 
3718.0 95.00395256916995 
1456.0 465.02564102564105 
1458.0 109.01923076923077 
2558.0 95.0050505050505 
2846.0 95.005 
2981.0 95.00467289719626 
3239.0 95.00452488687783 
3702.0 95.00401606425703 
3481.0 95.00408163265305 
2023.0 95.00666666666666 
2182.0 95.00653594771242 
2948.0 95.00492610837438 
2335.0 95.00574712643679 
1742.0 95.00892857142857 
1914.0 95.00751879699249 
2218.0 95.00595238095238 
3474.0 95.00413223140495 
2455.0 95.00546448087432 
3366.0 95.00414937759336 
2347.0 95.00558659217877 
2449.0 95.00552486187846 
1837.0 95.00869565217391 
1548.0 95.01612903225806 
1605.0 95.01190476190476 
1902.0 95.00787401574803 
1494.0 95.01666666666667 
1610.0 95.01162790697674 
1657.0 95.0111111111111 
1711.0 95.01010101010101 
1661.0 95.01098901098901 
3254.0 95.00446428571429 
3302.0 95.0042735042735 
3347.0 95.0042194092827 
1859.0 95.00813008130082 
1464.0 103.02083333333333 
1469.0 97.01960784313725 
1460.0 109.01851851851852 
1471.0 95.01886792452831 
3287.0 95.00436681222708 

1443.0 465.02777777777777 
2115.0 94.00763358778626 
1455.0 459.02272727272725 
1460.0 109.02127659574468 
1992.0 95.00769230769231 
1736.0 95.0091743119266 
1831.0 95.00909090909092 
1497.0 95.01612903225806 
1576.0 95.01538461538462 
1654.0 95.01470588235294 
1921.0 95.00806451612904 
1908.0 95.00854700854701 
1838.0 95.00884955752213 
1676.0 95.0111111111111 
1470.0 97.01923076923077 
1468.0 103.0204081632653 
1669.0 95.01408450704226 
1465.0 107.0204081632653 
1836.0 95.009009009009 

1444.0 465.03125 
2618.0 87.00617283950618 
1468.0 464.025 
1469.0 109.02083333333333 
1999.0 95.00666666666666 
2244.0 95.00662251655629 
2527.0 89.00806451612904 
2343.0 95.00595238095238 
1487.0 95.01724137931035 
1559.0 95.01492537313433 
1921.0 95.00704225352112 
1988.0 95.0068493150685 
1710.0 95.01 
1776.0 95.00925925925925 
1664.0 95.01282051282051 
1856.0 95.00854700854701 
1603.0 95.01428571428572 
1615.0 95.01298701298701 
1809.0 95.00892857142857 
2280.0 95.00649350649351 
2324.0 95.00641025641026 
1867.0 95.00813008130082 
1808.0 95.0091743119266 
1480.0 97.02 
2553.0 89.00751879699249 
1463.0 465.0285714285714 
1894.0 95.0079365079365 
1471.0 103.01886792452831 
1479.0 103.01818181818182 
2557.0 87.00735294117646 
1678.0 95.01136363636364 
1702.0 95.0111111111111 
2576.0 87.00699300699301 
2326.0 95.00628930817611 
1910.0 95.00729927007299 
2591.0 87.00671140939598 
2605.0 87.00636942675159 

1449.0 471.037037037037 
3610.0 95.00380228136882 
1466.0 471.0357142857143 
1467.0 115.02173913043478 
2908.0 95.00492610837438 
3188.0 95.0048309178744 
3398.0 95.00389105058366 
2087.0 95.00813008130082 
1900.0 95.00840336134453 
2819.0 95.00552486187846 
2688.0 95.00555555555556 
2591.0 95.00558659217877 
1485.0 95.01886792452831 
2219.0 95.00689655172414 
2346.0 95.00653594771242 
1775.0 95.009009009009 
1577.0 95.01449275362319 
1678.0 95.01162790697674 
1773.0 95.00909090909092 
2560.0 95.00578034682081 
2467.0 95.00595238095238 
1652.0 95.01388888888889 
3247.0 95.00473933649289 
1556.0 95.01851851851852 
2136.0 95.0077519379845 
2205.0 95.00729927007299 
2874.0 95.00510204081633 
3313.0 95.00425531914894 
3263.0 95.00444444444445 
2091.0 95.00806451612904 
2439.0 95.0060606060606 
2391.0 95.00632911392405 
1474.0 103.02083333333333 
3353.0 95.00390625 
2351.0 95.00641025641026 
1471.0 115.02127659574468 
1472.0 109.02127659574468 

