0.05917159763313609 0.5732930475953152 
0.09467455621301775 0.5705912306742217 
0.11242603550295859 0.569488448257449 
0.11834319526627218 0.5689975322138534 
0.08284023668639054 0.5708719389257639 
0.10059171597633136 0.5700971841515075 
0.07100591715976332 0.5723066699892017 
0.5739644970414202 0.14114129080488397 
0.1242603550295858 0.1428824063728367 
0.34911242603550297 0.14119926565193733 
0.27218934911242604 0.14145693163884035 
0.33727810650887574 0.14125965611761773 
0.1893491124260355 0.14176487391587078 
0.22485207100591717 0.14168238937738056 
0.25443786982248523 0.1416037413290526 
0.16568047337278108 0.1426047164895907 
0.14201183431952663 0.14273922252678786 
0.17159763313609466 0.14185148268128578 
