121.0 14.0625 
236.0 14.018181818181818 
170.0 14.020833333333334 
209.0 14.019607843137255 
125.0 14.058823529411764 
126.0 14.045454545454545 
143.0 14.025 
152.0 14.022727272727273 
127.0 14.043478260869565 
130.0 14.035714285714286 
131.0 14.03225806451613 
218.0 14.01923076923077 

123.0 14.0625 
182.0 14.02127659574468 
140.0 14.03225806451613 
128.0 14.045454545454545 
161.0 14.025641025641026 
129.0 14.043478260869565 
152.0 14.03125 
173.0 14.022727272727273 
158.0 14.029411764705882 

125.0 14.058823529411764 
198.0 14.020408163265307 
129.0 14.055555555555555 
135.0 14.030303030303031 
153.0 14.025 
130.0 14.043478260869565 
168.0 14.024390243902438 
180.0 14.023255813953488 
186.0 14.022222222222222 
131.0 14.04 
134.0 14.03448275862069 

220.0 14.020833333333334 
123.0 14.058823529411764 
182.0 14.02127659574468 
125.0 14.045454545454545 
135.0 14.03225806451613 
128.0 14.043478260869565 
168.0 14.022727272727273 
152.0 14.027777777777779 
159.0 14.025 
146.0 14.030303030303031 
142.0 14.03125 
157.0 14.025641025641026 

236.0 14.018518518518519 
123.0 14.058823529411764 
128.0 14.04 
162.0 14.023255813953488 
195.0 14.022222222222222 
201.0 14.02127659574468 
145.0 14.025 
135.0 14.03225806451613 
218.0 14.02 
139.0 14.028571428571428 
227.0 14.01923076923077 
136.0 14.030303030303031 

123.0 14.0625 
220.0 14.019607843137255 
182.0 14.02 
129.0 14.043478260869565 
132.0 14.033333333333333 
127.0 14.052631578947368 
151.0 14.026315789473685 
133.0 14.03225806451613 
128.0 14.045454545454545 
159.0 14.024390243902438 
173.0 14.021739130434783 
164.0 14.023255813953488 
168.0 14.022222222222222 

123.0 14.055555555555555 
181.0 14.02127659574468 
149.0 14.025641025641026 
127.0 14.052631578947368 
167.0 14.023809523809524 
128.0 14.041666666666666 
133.0 14.03125 
129.0 14.04 
132.0 14.033333333333333 

123.0 14.0625 
208.0 14.018181818181818 
158.0 14.025641025641026 
127.0 14.058823529411764 
140.0 14.03125 
156.0 14.029411764705882 
132.0 14.035714285714286 
128.0 14.047619047619047 
178.0 14.023809523809524 
129.0 14.043478260869565 
190.0 14.019607843137255 
199.0 14.01923076923077 
187.0 14.02127659574468 
181.0 14.022727272727273 

208.0 11.02 
125.0 14.055555555555555 
130.0 14.041666666666666 
132.0 11.03225806451613 
170.0 11.020408163265307 
157.0 11.022222222222222 
168.0 11.020833333333334 
143.0 11.024390243902438 
149.0 11.023809523809524 
154.0 11.023255813953488 
139.0 11.030303030303031 
135.0 11.03125 
140.0 11.025 

123.0 14.0625 
280.0 14.017241379310345 
127.0 14.058823529411764 
128.0 14.045454545454545 
178.0 14.020833333333334 
132.0 14.035714285714286 
211.0 14.020408163265307 
133.0 14.03225806451613 
252.0 14.017543859649123 
151.0 14.026315789473685 
240.0 14.018867924528301 
226.0 14.01923076923077 
157.0 14.025641025641026 
169.0 14.023255813953488 
217.0 14.02 
249.0 14.017857142857142 
171.0 14.022727272727273 

