904.0 103.02 
787.0 1142.090909090909 
900.0 106.02127659574468 
854.0 109.02173913043478 
800.0 1065.0555555555557 
817.0 692.1 
832.0 599.0833333333334 
835.0 291.04 
841.0 274.037037037037 
842.0 154.02777777777777 
824.0 669.0769230769231 
825.0 622.125 
789.0 1125.0833333333333 
845.0 137.02702702702703 
848.0 115.02380952380952 
791.0 1098.0833333333333 
844.0 154.02702702702703 
837.0 291.03846153846155 
839.0 274.03846153846155 
819.0 686.0909090909091 
820.0 675.0909090909091 
827.0 616.1 
828.0 605.1111111111111 
794.0 1073.0666666666666 
830.0 599.0909090909091 
822.0 669.0833333333334 
796.0 1067.0625 
850.0 115.02325581395348 
852.0 109.02222222222223 
798.0 1065.0588235294117 
902.0 104.0204081632653 
792.0 1090.0714285714287 
793.0 1081.076923076923 
