811.0 1081.076923076923 
906.0 103.02 
890.0 118.025 
842.0 136.02564102564102 
815.0 1067.0666666666666 
817.0 674.0909090909091 
833.0 544.05 
834.0 274.03846153846155 
838.0 138.02777777777777 
821.0 668.0769230769231 
825.0 604.1111111111111 
829.0 598.0909090909091 
894.0 116.02325581395348 
897.0 112.02325581395348 
813.0 1073.0714285714287 
827.0 598.1 
819.0 668.0833333333334 
840.0 136.02631578947367 
892.0 116.02380952380952 
904.0 104.0204081632653 
900.0 110.02173913043478 
901.0 106.02173913043478 
898.0 112.02272727272727 
899.0 110.02222222222223 
902.0 106.02127659574468 
903.0 104.02083333333333 
