907.0 103.02 
817.0 692.1 
830.0 599.0909090909091 
833.0 292.04347826086956 
894.0 112.02272727272727 
849.0 113.02222222222223 
841.0 272.0357142857143 
842.0 154.02777777777777 
822.0 669.0769230769231 
825.0 622.1111111111111 
900.0 104.0204081632653 
845.0 115.02380952380952 
843.0 137.02702702702703 
835.0 291.04 
837.0 275.0416666666667 
827.0 616.1 
819.0 686.0909090909091 
828.0 605.1 
820.0 675.0909090909091 
896.0 110.02173913043478 
898.0 106.02127659574468 
839.0 273.03846153846155 
847.0 113.02272727272727 
