858.0 101.02 
776.0 1158.076923076923 
802.0 1061.0555555555557 
817.0 692.1 
832.0 599.0833333333334 
835.0 291.04 
841.0 274.037037037037 
842.0 154.02777777777777 
789.0 1125.0833333333333 
824.0 669.0769230769231 
825.0 622.125 
790.0 1088.0833333333333 
849.0 109.02222222222223 
853.0 108.02173913043478 
792.0 1071.076923076923 
778.0 1141.0714285714287 
845.0 115.02380952380952 
837.0 291.03846153846155 
839.0 274.03846153846155 
786.0 1129.0555555555557 
827.0 616.1111111111111 
828.0 605.0909090909091 
819.0 686.0909090909091 
820.0 675.0909090909091 
822.0 669.0833333333334 
794.0 1065.0714285714287 
780.0 1135.0666666666666 
782.0 1135.0625 
784.0 1129.0588235294117 
847.0 115.02325581395348 
830.0 599.0909090909091 
843.0 137.02702702702703 
844.0 132.02439024390245 
796.0 1065.0666666666666 
798.0 1061.0625 
856.0 103.02083333333333 
854.0 107.02127659574468 
800.0 1061.0588235294117 
