776.0 1158.076923076923 
790.0 1088.0833333333333 
849.0 109.02222222222223 
792.0 1071.076923076923 
778.0 1141.0714285714287 
845.0 115.02380952380952 
786.0 1129.0555555555557 
794.0 1065.0714285714287 
780.0 1135.0666666666666 
782.0 1135.0625 
784.0 1129.0588235294117 
844.0 132.02439024390245 
796.0 1065.0666666666666 
798.0 1061.0625 
800.0 1061.0588235294117 
808.0 1061.0434782608695 
804.0 1061.047619047619 
789.0 1125.076923076923 
843.0 132.025 
802.0 1061.05 
853.0 107.02127659574468 
856.0 103.0204081632653 
857.0 102.0204081632653 
858.0 101.01960784313725 
852.0 109.02173913043478 
854.0 107.02083333333333 
834.0 274.03846153846155 
836.0 274.037037037037 
832.0 590.0833333333334 
824.0 660.0714285714286 
830.0 592.0909090909091 
822.0 662.0833333333334 
842.0 136.02564102564102 
817.0 674.0909090909091 
838.0 138.02777777777777 
821.0 668.0769230769231 
825.0 604.1111111111111 
829.0 598.0909090909091 
827.0 598.1 
819.0 668.0833333333334 
840.0 136.02631578947367 
833.0 292.04347826086956 
847.0 113.02272727272727 
