858.0 101.02 
776.0 1158.076923076923 
802.0 1061.0555555555557 
817.0 692.1 
832.0 599.0833333333334 
835.0 291.04 
841.0 274.037037037037 
842.0 154.02777777777777 
789.0 1125.0833333333333 
824.0 669.0769230769231 
825.0 622.125 
790.0 1088.0833333333333 
849.0 109.02222222222223 
853.0 108.02173913043478 
792.0 1071.076923076923 
778.0 1141.0714285714287 
845.0 115.02380952380952 
837.0 291.03846153846155 
839.0 274.03846153846155 
786.0 1129.0555555555557 
827.0 616.1111111111111 
828.0 605.0909090909091 
819.0 686.0909090909091 
820.0 675.0909090909091 
822.0 669.0833333333334 
794.0 1065.0714285714287 
780.0 1135.0666666666666 
782.0 1135.0625 
784.0 1129.0588235294117 
847.0 115.02325581395348 
830.0 599.0909090909091 
843.0 137.02702702702703 
844.0 132.02439024390245 
796.0 1065.0666666666666 
798.0 1061.0625 
856.0 103.02083333333333 
854.0 107.02127659574468 
800.0 1061.0588235294117 

860.0 101.01960784313725 
787.0 1142.090909090909 
808.0 1061.0434782608695 
819.0 698.1 
836.0 599.0909090909091 
837.0 296.04 
839.0 295.037037037037 
841.0 154.02777777777777 
826.0 675.0714285714286 
827.0 628.125 
804.0 1061.047619047619 
789.0 1125.076923076923 
791.0 1098.0833333333333 
825.0 686.0833333333334 
829.0 622.1111111111111 
830.0 611.1111111111111 
793.0 1081.0714285714287 
843.0 132.025 
832.0 605.1 
821.0 692.0909090909091 
834.0 605.0909090909091 
823.0 692.0769230769231 
852.0 109.02222222222223 
854.0 107.02127659574468 
856.0 103.02083333333333 
800.0 1063.0555555555557 
802.0 1061.05 
798.0 1065.0588235294117 
858.0 101.02 
846.0 130.02325581395348 
847.0 115.02439024390245 
850.0 113.02272727272727 
794.0 1073.0714285714287 
795.0 1073.0666666666666 
796.0 1067.0666666666666 
797.0 1067.0625 
844.0 132.02439024390245 
845.0 130.02380952380952 
848.0 115.02325581395348 
849.0 113.02325581395348 

860.0 101.01960784313725 
789.0 1125.0833333333333 
813.0 1064.0588235294117 
820.0 675.0909090909091 
839.0 274.03846153846155 
831.0 599.0909090909091 
798.0 1067.0588235294117 
841.0 274.037037037037 
846.0 137.02702702702703 
828.0 605.1111111111111 
823.0 669.0769230769231 
792.0 1111.0714285714287 
793.0 1081.076923076923 
794.0 1073.0666666666666 
790.0 1117.076923076923 
830.0 605.1 
822.0 675.0833333333334 
796.0 1067.0625 
847.0 135.02564102564102 
848.0 115.02380952380952 
851.0 109.02222222222223 
855.0 107.02083333333333 
849.0 113.02272727272727 
853.0 107.02127659574468 
858.0 101.02 
856.0 103.0204081632653 
857.0 102.0204081632653 

904.0 103.02 
787.0 1142.090909090909 
900.0 106.02127659574468 
854.0 109.02173913043478 
800.0 1065.0555555555557 
817.0 692.1 
832.0 599.0833333333334 
835.0 291.04 
841.0 274.037037037037 
842.0 154.02777777777777 
824.0 669.0769230769231 
825.0 622.125 
789.0 1125.0833333333333 
845.0 137.02702702702703 
848.0 115.02380952380952 
791.0 1098.0833333333333 
844.0 154.02702702702703 
837.0 291.03846153846155 
839.0 274.03846153846155 
819.0 686.0909090909091 
820.0 675.0909090909091 
827.0 616.1 
828.0 605.1111111111111 
794.0 1073.0666666666666 
830.0 599.0909090909091 
822.0 669.0833333333334 
796.0 1067.0625 
850.0 115.02325581395348 
852.0 109.02222222222223 
798.0 1065.0588235294117 
902.0 104.0204081632653 
792.0 1090.0714285714287 
793.0 1081.076923076923 

858.0 101.01960784313725 
789.0 1125.076923076923 
818.0 1063.0526315789473 
820.0 675.0833333333334 
831.0 599.0909090909091 
837.0 275.04 
796.0 1067.0625 
839.0 274.037037037037 
846.0 137.02631578947367 
823.0 669.0769230769231 
828.0 605.1 
792.0 1111.0666666666666 
848.0 115.02325581395348 
793.0 1081.0666666666666 
790.0 1117.0714285714287 
794.0 1073.0625 
850.0 113.02222222222223 
852.0 109.02173913043478 
854.0 107.02083333333333 
856.0 103.0204081632653 

907.0 103.02 
804.0 1629.0833333333333 
816.0 1530.0526315789473 
817.0 675.0909090909091 
892.0 116.02325581395348 
843.0 138.02702702702703 
829.0 599.0909090909091 
834.0 274.03846153846155 
836.0 274.037037037037 
841.0 138.02777777777777 
806.0 1623.076923076923 
808.0 1540.076923076923 
821.0 669.0769230769231 
825.0 605.1111111111111 
897.0 112.02272727272727 
903.0 104.0204081632653 
810.0 1534.0625 
827.0 599.1 
819.0 669.0833333333334 
812.0 1534.0588235294117 
814.0 1530.0555555555557 
899.0 110.02173913043478 
901.0 106.02127659574468 

907.0 103.02 
820.0 668.0909090909091 
893.0 118.025 
847.0 132.025 
834.0 274.03846153846155 
833.0 544.05 
838.0 268.0344827586207 
840.0 139.02857142857144 
832.0 590.0833333333334 
826.0 638.0769230769231 
828.0 598.1 
824.0 660.0714285714286 
830.0 592.0909090909091 
822.0 662.0833333333334 
836.0 274.037037037037 
843.0 138.02702702702703 
845.0 132.02564102564102 
895.0 116.02380952380952 
897.0 112.02325581395348 
899.0 110.02222222222223 
901.0 106.02173913043478 
903.0 104.02083333333333 
841.0 138.02777777777777 
905.0 104.0204081632653 

811.0 1081.076923076923 
906.0 103.02 
890.0 118.025 
842.0 136.02564102564102 
815.0 1067.0666666666666 
817.0 674.0909090909091 
833.0 544.05 
834.0 274.03846153846155 
838.0 138.02777777777777 
821.0 668.0769230769231 
825.0 604.1111111111111 
829.0 598.0909090909091 
894.0 116.02325581395348 
897.0 112.02325581395348 
813.0 1073.0714285714287 
827.0 598.1 
819.0 668.0833333333334 
840.0 136.02631578947367 
892.0 116.02380952380952 
904.0 104.0204081632653 
900.0 110.02173913043478 
901.0 106.02173913043478 
898.0 112.02272727272727 
899.0 110.02222222222223 
902.0 106.02127659574468 
903.0 104.02083333333333 

907.0 103.02 
776.0 1158.076923076923 
858.0 103.0204081632653 
796.0 1065.0666666666666 
817.0 692.1 
833.0 292.04347826086956 
831.0 599.0909090909091 
841.0 274.037037037037 
842.0 154.02777777777777 
790.0 1088.0833333333333 
782.0 1135.0625 
825.0 622.125 
823.0 669.0769230769231 
844.0 132.02439024390245 
792.0 1071.076923076923 
778.0 1141.0714285714287 
835.0 291.04 
837.0 275.0416666666667 
846.0 130.02325581395348 
848.0 115.02325581395348 
827.0 616.1111111111111 
819.0 686.0909090909091 
820.0 675.0909090909091 
828.0 605.1111111111111 
794.0 1065.0714285714287 
780.0 1135.0666666666666 
850.0 113.02272727272727 
852.0 109.02173913043478 
854.0 107.02127659574468 
856.0 103.02083333333333 
839.0 274.03846153846155 
830.0 599.1 
822.0 669.0833333333334 

907.0 103.02 
817.0 692.1 
830.0 599.0909090909091 
833.0 292.04347826086956 
894.0 112.02272727272727 
849.0 113.02222222222223 
841.0 272.0357142857143 
842.0 154.02777777777777 
822.0 669.0769230769231 
825.0 622.1111111111111 
900.0 104.0204081632653 
845.0 115.02380952380952 
843.0 137.02702702702703 
835.0 291.04 
837.0 275.0416666666667 
827.0 616.1 
819.0 686.0909090909091 
828.0 605.1 
820.0 675.0909090909091 
896.0 110.02173913043478 
898.0 106.02127659574468 
839.0 273.03846153846155 
847.0 113.02272727272727 

