601.0 3.125 
893.0 3.0303030303030303 
614.0 3.1 
685.0 3.0714285714285716 
651.0 3.076923076923077 
762.0 3.04 
808.0 3.0384615384615383 
693.0 3.0625 
624.0 3.090909090909091 
642.0 3.0833333333333335 
743.0 3.0416666666666665 
713.0 3.0588235294117645 
741.0 3.0454545454545454 
873.0 3.03125 
729.0 3.0476190476190474 
821.0 3.0357142857142856 
834.0 3.0344827586206895 
847.0 3.033333333333333 
860.0 3.032258064516129 
723.0 3.05 
717.0 3.0555555555555554 
719.0 3.0526315789473686 
815.0 3.037037037037037 
