0.33925049309664695 0.0031757233592095858 
0.4240631163708087 0.0018981335020562945 
0.398422090729783 0.0022935779816513676 
0.0 0.030963302752293607 
0.013806706114398421 0.026503567787971503 
0.46548323471400394 0.0015290519877675785 
0.029585798816568046 0.020016680567139285 
0.04930966469428008 0.017584097859327293 
0.05719921104536489 0.013761467889908348 
0.10650887573964497 0.0054211843202669075 
0.21301775147928995 0.004786597526924705 
0.2504930966469428 0.0036697247706422454 
0.06903353057199212 0.010894495412844067 
0.07297830374753451 0.009713977334052852 
0.08678500986193294 0.006880733944954103 
0.3530571992110454 0.0027183146449202343 
0.23865877712031558 0.00420489296636084 
0.09072978303747535 0.006116207951070314 
0.5877712031558185 5.560189046427817E-4 
0.5483234714003945 8.600917431192985E-4 
0.5226824457593688 0.0011837821840781529 
