0.33925049309664695 0.0031757233592095858 
0.08875739644970414 0.33868501529051975 
0.11834319526627218 0.3297655453618756 
0.15581854043392504 0.008664627930682945 
0.15976331360946747 0.006880733944954103 
0.2702169625246548 0.0054211843202669075 
0.29191321499013806 0.00420489296636084 
0.3254437869822485 0.0036697247706422454 
0.10453648915187377 0.33081489476524545 
0.2781065088757396 0.004786597526924705 
0.09270216962524655 0.3348623853211008 
0.10059171597633136 0.33333333333333326 

0.05325443786982249 0.026503567787971503 
0.8994082840236687 0.0011837821840781529 
0.08086785009861933 0.022935779816513818 
0.08875739644970414 0.013761467889908348 
0.591715976331361 0.0015290519877675785 
0.10650887573964497 0.0077257363592468245 
0.4240631163708087 0.0018981335020562945 
0.1834319526627219 0.0054211843202669075 
0.2781065088757396 0.00420489296636084 
0.368836291913215 0.0036697247706422454 
0.2682445759368836 0.004786597526924705 
0.14201183431952663 0.006880733944954103 
0.3708086785009862 0.0031757233592095858 
0.398422090729783 0.0022935779816513676 
0.39447731755424065 0.0027183146449202343 

0.08875739644970414 0.33662667607621727 
0.20118343195266272 0.3288266537904393 
0.14990138067061143 0.33333333333333326 
0.16173570019723865 0.3297655453618756 

0.14595660749506903 0.3288266537904393 
0.07297830374753451 0.347604485219164 
0.09861932938856016 0.3440366972477063 
0.11045364891518737 0.3348623853211008 
0.1222879684418146 0.33333333333333326 
0.1341222879684418 0.3297655453618756 

0.0 0.030963302752293607 
0.9408284023668639 0.0015290519877675785 
0.6923076923076923 0.0018981335020562945 
0.04142011834319527 0.026503567787971503 
0.378698224852071 0.0036697247706422454 
0.5384615384615384 0.0027183146449202343 
0.07692307692307693 0.022935779816513818 
0.17357001972386588 0.013761467889908348 
0.1814595660749507 0.009713977334052852 
0.6666666666666666 0.0022935779816513676 
0.32741617357001973 0.006116207951070314 
0.11637080867850098 0.020016680567139285 
0.23274161735700197 0.0077257363592468245 
0.15384615384615385 0.017584097859327293 
0.16173570019723865 0.015525758645024786 
0.1932938856015779 0.008664627930682945 
0.3510848126232742 0.004786597526924705 
0.3530571992110454 0.00420489296636084 

0.8461538461538461 0.0011837821840781529 
0.013806706114398421 0.026503567787971503 
0.46548323471400394 0.0015290519877675785 
0.029585798816568046 0.020016680567139285 
0.04930966469428008 0.017584097859327293 
0.05719921104536489 0.013761467889908348 
0.10650887573964497 0.0054211843202669075 
0.21301775147928995 0.004786597526924705 
0.2504930966469428 0.0036697247706422454 
0.34911242603550297 0.0031757233592095858 
0.06903353057199212 0.010894495412844067 
0.07297830374753451 0.009713977334052852 
0.08678500986193294 0.006880733944954103 
0.3530571992110454 0.0027183146449202343 
0.4280078895463511 0.0022935779816513676 
0.23865877712031558 0.00420489296636084 
0.09072978303747535 0.006116207951070314 
0.4536489151873767 0.0018981335020562945 

0.011834319526627219 0.030963302752293607 
0.5877712031558185 5.560189046427817E-4 
0.03747534516765286 0.022935779816513818 
0.17751479289940827 0.013761467889908348 
0.11045364891518737 0.015525758645024786 
0.32938856015779094 0.0036697247706422454 
0.42011834319526625 0.0031757233592095858 
0.1932938856015779 0.010894495412844067 
0.05719921104536489 0.020016680567139285 
0.09270216962524655 0.017584097859327293 
0.29191321499013806 0.00420489296636084 
0.23274161735700197 0.009713977334052852 
0.2879684418145957 0.0054211843202669075 
0.5483234714003945 8.600917431192985E-4 
0.26429980276134124 0.006116207951070314 
0.4457593688362919 0.0022935779816513676 
0.4714003944773176 0.0018981335020562945 
0.4970414201183432 0.0015290519877675785 
0.5226824457593688 0.0011837821840781529 
0.252465483234714 0.006880733944954103 
0.2406311637080868 0.008664627930682945 
0.2445759368836292 0.0077257363592468245 
0.4339250493096647 0.0027183146449202343 

0.0650887573964497 0.020016680567139285 
0.14398422090729784 0.0077257363592468245 
0.10848126232741617 0.01223241590214077 
0.1203155818540434 0.010894495412844067 
0.13214990138067062 0.008664627930682945 

0.5739644970414202 0.0031757233592095858 
0.09270216962524655 0.022935779816513818 
0.27613412228796846 0.0077257363592468245 
0.46745562130177515 0.00420489296636084 
0.11834319526627218 0.015525758645024786 
0.1932938856015779 0.009713977334052852 
0.1794871794871795 0.01223241590214077 
0.126232741617357 0.013761467889908348 
0.2485207100591716 0.008664627930682945 
0.5305719921104537 0.0036697247706422454 

0.055226824457593686 0.347604485219164 
0.0650887573964497 0.020016680567139285 
0.0611439842209073 0.026503567787971503 

