140.0 6.125 
143.0 4.111111111111111 

140.0 6.125 
156.0 4.111111111111111 
148.0 6.111111111111111 
152.0 4.125 

140.0 6.125 
143.0 4.111111111111111 

156.0 4.111111111111111 
140.0 6.125 
144.0 6.111111111111111 
152.0 4.125 

152.0 4.125 
160.0 4.111111111111111 

156.0 4.111111111111111 
140.0 6.125 
148.0 6.1 
152.0 4.125 
144.0 6.111111111111111 

156.0 4.111111111111111 
140.0 6.125 
149.0 6.1 
152.0 4.125 
145.0 6.111111111111111 

140.0 6.125 
143.0 4.111111111111111 

140.0 6.125 
156.0 4.111111111111111 
152.0 4.125 

140.0 6.125 
158.0 4.1 
148.0 6.111111111111111 
152.0 4.125 

