0.0 0.9800613496932514 
0.08333333333333333 0.016359918200408937 

0.0 0.9800613496932514 
0.4444444444444444 0.016359918200408937 
0.2222222222222222 0.973415132924335 
0.3333333333333333 0.023006134969325277 

0.0 0.9800613496932514 
0.08333333333333333 0.016359918200408937 

0.4444444444444444 0.016359918200408937 
0.0 0.9800613496932514 
0.1111111111111111 0.973415132924335 
0.3333333333333333 0.023006134969325277 

0.3333333333333333 0.023006134969325277 
0.5555555555555556 0.016359918200408937 

0.4444444444444444 0.016359918200408937 
0.0 0.9800613496932514 
0.2222222222222222 0.9680981595092022 
0.3333333333333333 0.023006134969325277 
0.1111111111111111 0.973415132924335 

0.4444444444444444 0.016359918200408937 
0.0 0.9800613496932514 
0.25 0.9680981595092022 
0.3333333333333333 0.023006134969325277 
0.1388888888888889 0.973415132924335 

0.0 0.9800613496932514 
0.08333333333333333 0.016359918200408937 

0.0 0.9800613496932514 
0.4444444444444444 0.016359918200408937 
0.3333333333333333 0.023006134969325277 

0.0 0.9800613496932514 
0.5 0.01104294478527603 
0.2222222222222222 0.973415132924335 
0.3333333333333333 0.023006134969325277 

