0.0 0.026392187912377987 
0.5962962962962963 0.0012668250197941365 
0.2222222222222222 0.005881687591901347 
0.07777777777777778 0.015348072355198335 
0.018518518518518517 0.019866119628589946 
0.4703703703703704 0.002035968781812005 
0.5722222222222222 0.0016381358014579252 
0.003703703703703704 0.022802850356294598 
0.12222222222222222 0.013573125212080176 
0.13703703703703704 0.012034837688044439 
0.15185185185185185 0.009501187648456023 
0.17037037037037037 0.007500937617202236 
0.20555555555555555 0.006650831353919216 
0.15555555555555556 0.008445500131960909 
0.4666666666666667 0.0024632708718220274 
0.6592592592592592 5.938242280285373E-4 
0.4444444444444444 0.002923442353371084 
0.36666666666666664 0.003958828186856676 
0.4111111111111111 0.0034204275534442255 
0.34629629629629627 0.0051824659900669605 
