1130.0 4.027027027027027 
626.0 4.111111111111111 
643.0 4.090909090909091 
670.0 4.071428571428571 
1019.0 4.027777777777778 
815.0 4.03125 
919.0 4.03030303030303 
958.0 4.0285714285714285 
672.0 4.0625 
683.0 4.0588235294117645 
726.0 4.04 
685.0 4.052631578947368 
762.0 4.038461538461538 
695.0 4.045454545454546 
693.0 4.05 
780.0 4.037037037037037 
932.0 4.029411764705882 
712.0 4.043478260869565 
798.0 4.0344827586206895 
722.0 4.041666666666667 
802.0 4.033333333333333 
811.0 4.032258064516129 
