1118.0 4.029411764705882 
665.0 4.125 
703.0 4.071428571428571 
667.0 4.1 
996.0 4.03030303030303 
880.0 4.035714285714286 
949.0 4.0344827586206895 
764.0 4.0625 
738.0 4.066666666666666 
846.0 4.037037037037037 
815.0 4.04 
766.0 4.055555555555555 
958.0 4.033333333333333 
986.0 4.032258064516129 
792.0 4.043478260869565 
771.0 4.05 
775.0 4.0476190476190474 
805.0 4.041666666666667 
991.0 4.03125 

901.0 4.0344827586206895 
627.0 4.1 
659.0 4.083333333333333 
677.0 4.0625 
764.0 4.038461538461538 
842.0 4.037037037037037 
719.0 4.05 
687.0 4.055555555555555 
846.0 4.035714285714286 
728.0 4.041666666666667 
751.0 4.04 

590.0 3.111111111111111 
912.0 3.033333333333333 
710.0 3.0476190476190474 
827.0 3.0454545454545454 
632.0 3.076923076923077 
600.0 3.090909090909091 
844.0 3.0357142857142856 
899.0 3.0344827586206895 
592.0 3.1 
656.0 3.0714285714285716 
664.0 3.066666666666667 
672.0 3.0588235294117645 
682.0 3.0526315789473686 
701.0 3.05 
674.0 3.0555555555555554 
829.0 3.0434782608695654 
839.0 3.0416666666666665 
842.0 3.037037037037037 
840.0 3.04 

623.0 4.125 
946.0 3.03125 
747.0 4.0588235294117645 
750.0 3.0625 
684.0 4.071428571428571 
743.0 4.066666666666666 
865.0 3.037037037037037 
920.0 3.0357142857142856 
830.0 3.0384615384615383 
788.0 3.0416666666666665 
812.0 3.04 
644.0 4.111111111111111 
664.0 4.083333333333333 
777.0 3.0454545454545454 
762.0 3.0476190476190474 
646.0 4.1 
658.0 4.090909090909091 
933.0 3.0344827586206895 
754.0 3.0526315789473686 
760.0 3.05 

651.0 4.071428571428571 
1070.0 4.0285714285714285 
799.0 4.033333333333333 
944.0 4.032258064516129 
735.0 4.037037037037037 
695.0 4.05 
722.0 4.045454545454546 
667.0 4.0588235294117645 
1001.0 4.029411764705882 
949.0 4.03125 
994.0 4.03030303030303 
660.0 4.066666666666666 
661.0 4.0625 
712.0 4.0476190476190474 

827.0 4.0344827586206895 
635.0 4.1 
675.0 4.0588235294117645 
714.0 4.0476190476190474 
781.0 4.04 
704.0 4.052631578947368 
688.0 4.055555555555555 
796.0 4.038461538461538 
808.0 4.037037037037037 
819.0 4.035714285714286 

1130.0 4.027027027027027 
626.0 4.111111111111111 
643.0 4.090909090909091 
670.0 4.071428571428571 
1019.0 4.027777777777778 
815.0 4.03125 
919.0 4.03030303030303 
958.0 4.0285714285714285 
672.0 4.0625 
683.0 4.0588235294117645 
726.0 4.04 
685.0 4.052631578947368 
762.0 4.038461538461538 
695.0 4.045454545454546 
693.0 4.05 
780.0 4.037037037037037 
932.0 4.029411764705882 
712.0 4.043478260869565 
798.0 4.0344827586206895 
722.0 4.041666666666667 
802.0 4.033333333333333 
811.0 4.032258064516129 

772.0 4.04 
620.0 4.083333333333333 
677.0 4.0476190476190474 
730.0 4.045454545454546 
634.0 4.076923076923077 
651.0 4.066666666666666 
747.0 4.041666666666667 
659.0 4.0588235294117645 
657.0 4.0625 
736.0 4.043478260869565 
665.0 4.052631578947368 
671.0 4.05 
663.0 4.055555555555555 

736.0 4.035714285714286 
640.0 4.090909090909091 
684.0 4.066666666666666 
657.0 4.071428571428571 
727.0 4.043478260869565 
652.0 4.076923076923077 
703.0 4.045454545454546 
692.0 4.052631578947368 
690.0 4.0588235294117645 
701.0 4.0476190476190474 
729.0 4.038461538461538 
732.0 4.037037037037037 

630.0 4.125 
793.0 4.038461538461538 
694.0 4.0625 
661.0 4.083333333333333 
687.0 4.076923076923077 
738.0 4.052631578947368 
647.0 4.1 
631.0 4.111111111111111 
749.0 4.05 
760.0 4.0476190476190474 
764.0 4.045454545454546 
774.0 4.043478260869565 
779.0 4.041666666666667 
786.0 4.04 

