0.9777777777777777 0.3230403800475059 
0.1388888888888889 0.35391923990498814 
0.20925925925925926 0.33661350525958594 
0.1425925925925926 0.3458432304038004 
0.7518518518518519 0.3233282948247319 
0.5370370370370371 0.3250763488293179 
0.6648148148148149 0.32467851584896384 
0.32222222222222224 0.333729216152019 
0.2740740740740741 0.3350752177355502 
0.4740740740740741 0.325503650919328 
0.4166666666666667 0.32646080760095014 
0.32592592592592595 0.33148588017946684 
0.6814814814814815 0.32430720506730004 
0.7333333333333333 0.3239598498199372 
0.37407407407407406 0.3275844263141589 
0.3351851851851852 0.32969121140142515 
0.3425925925925926 0.3289220676394073 
0.39814814814814814 0.32699920823436274 
0.7425925925925926 0.32363420427553447 

0.575925925925926 0.32467851584896384 
0.06851851851851852 0.3458432304038004 
0.12777777777777777 0.3404592240696753 
0.16111111111111112 0.333729216152019 
0.32222222222222224 0.325963822400877 
0.4666666666666667 0.325503650919328 
0.2388888888888889 0.32969121140142515 
0.17962962962962964 0.33148588017946684 
0.4740740740740741 0.3250763488293179 
0.25555555555555554 0.32699920823436274 
0.29814814814814816 0.32646080760095014 

0.0 0.026392187912377987 
0.5962962962962963 0.0012668250197941365 
0.2222222222222222 0.005881687591901347 
0.4388888888888889 0.0051824659900669605 
0.07777777777777778 0.015348072355198335 
0.018518518518518517 0.019866119628589946 
0.4703703703703704 0.002035968781812005 
0.5722222222222222 0.0016381358014579252 
0.003703703703703704 0.022802850356294598 
0.12222222222222222 0.013573125212080176 
0.13703703703703704 0.012034837688044439 
0.15185185185185185 0.009501187648456023 
0.17037037037037037 0.007500937617202236 
0.20555555555555555 0.006650831353919216 
0.15555555555555556 0.008445500131960909 
0.4425925925925926 0.004544046266652993 
0.46111111111111114 0.003958828186856676 
0.4666666666666667 0.0024632708718220274 
0.46296296296296297 0.0034204275534442255 

0.06111111111111111 0.35391923990498814 
0.6592592592592592 5.938242280285373E-4 
0.29074074074074074 0.33254156769596194 
0.2962962962962963 0.010688836104513098 
0.17407407407407408 0.33661350525958594 
0.2833333333333333 0.3350752177355502 
0.5092592592592593 0.0024632708718220274 
0.6111111111111112 0.002035968781812005 
0.4444444444444444 0.002923442353371084 
0.36666666666666664 0.003958828186856676 
0.4111111111111111 0.0034204275534442255 
0.1 0.34943256795988376 
0.13703703703703704 0.3404592240696753 
0.34629629629629627 0.0051824659900669605 
0.31851851851851853 0.005881687591901347 
0.1037037037037037 0.3458432304038004 
0.1259259259259259 0.3429064996760959 
0.6351851851851852 0.0016381358014579252 
0.3037037037037037 0.007500937617202236 
0.3148148148148148 0.006650831353919216 

0.11296296296296296 0.33661350525958594 
0.8888888888888888 0.3227689175432643 
0.387037037037037 0.32430720506730004 
0.6555555555555556 0.3239598498199372 
0.26851851851851855 0.325503650919328 
0.19444444444444445 0.32969121140142515 
0.24444444444444444 0.328222846037573 
0.1425925925925926 0.33254156769596194 
0.7611111111111111 0.3230403800475059 
0.6648148148148149 0.32363420427553447 
0.7481481481481481 0.3233282948247319 
0.12962962962962962 0.3350752177355502 
0.13148148148148148 0.333729216152019 
0.22592592592592592 0.3289220676394073 

0.4388888888888889 0.32467851584896384 
0.08333333333333333 0.3458432304038004 
0.1574074074074074 0.33254156769596194 
0.22962962962962963 0.3289220676394073 
0.3537037037037037 0.32646080760095014 
0.2111111111111111 0.330541317664708 
0.1814814814814815 0.33148588017946684 
0.3814814814814815 0.325963822400877 
0.40370370370370373 0.325503650919328 
0.42407407407407405 0.3250763488293179 

1.0 0.322270013481415 
0.06666666666666667 0.34943256795988376 
0.09814814814814815 0.3429064996760959 
0.14814814814814814 0.33661350525958594 
0.7944444444444444 0.32251253628925836 
0.4166666666666667 0.32363420427553447 
0.6092592592592593 0.3233282948247319 
0.6814814814814815 0.3227689175432643 
0.15185185185185185 0.333729216152019 
0.17222222222222222 0.33254156769596194 
0.2518518518518518 0.32646080760095014 
0.17592592592592593 0.330541317664708 
0.31851851851851853 0.325963822400877 
0.19444444444444445 0.328222846037573 
0.19074074074074074 0.32969121140142515 
0.35185185185185186 0.325503650919328 
0.6333333333333333 0.3230403800475059 
0.22592592592592592 0.3275844263141589 
0.3851851851851852 0.32467851584896384 
0.24444444444444444 0.32699920823436274 
0.3925925925925926 0.32430720506730004 
0.40925925925925927 0.3239598498199372 

0.337037037037037 0.32646080760095014 
0.05555555555555555 0.3404592240696753 
0.16111111111111112 0.3289220676394073 
0.25925925925925924 0.328222846037573 
0.08148148148148149 0.3383884524027041 
0.11296296296296296 0.3350752177355502 
0.29074074074074074 0.32699920823436274 
0.12777777777777777 0.33254156769596194 
0.12407407407407407 0.333729216152019 
0.27037037037037037 0.3275844263141589 
0.1388888888888889 0.330541317664708 
0.15 0.32969121140142515 
0.13518518518518519 0.33148588017946684 

0.27037037037037037 0.3250763488293179 
0.09259259259259259 0.3429064996760959 
0.17407407407407408 0.3350752177355502 
0.12407407407407407 0.33661350525958594 
0.2537037037037037 0.3275844263141589 
0.11481481481481481 0.3383884524027041 
0.20925925925925926 0.328222846037573 
0.18888888888888888 0.330541317664708 
0.18518518518518517 0.33254156769596194 
0.20555555555555555 0.3289220676394073 
0.2574074074074074 0.325963822400877 
0.26296296296296295 0.325503650919328 

0.07407407407407407 0.35391923990498814 
0.37592592592592594 0.325963822400877 
0.1925925925925926 0.333729216152019 
0.13148148148148148 0.3404592240696753 
0.17962962962962964 0.3383884524027041 
0.2740740740740741 0.330541317664708 
0.10555555555555556 0.3458432304038004 
0.07592592592592592 0.34943256795988376 
0.29444444444444445 0.32969121140142515 
0.3148148148148148 0.3289220676394073 
0.32222222222222224 0.328222846037573 
0.34074074074074073 0.3275844263141589 
0.35 0.32699920823436274 
0.362962962962963 0.32646080760095014 

