0.5531914893617021 0.3221337579617834 
0.09929078014184398 0.3350318471337579 
0.33865248226950356 0.3254777070063695 
0.4858156028368794 0.32280254777070055 
0.21631205673758866 0.3266936884771281 
0.13652482269503546 0.3309853877856874 
0.19326241134751773 0.3289976533690914 
0.11879432624113476 0.3335031847133757 
0.2907801418439716 0.3260592633619496 
0.16489361702127658 0.329936305732484 
0.5177304964539007 0.3224573659338401 

0.06382978723404255 0.34420382165605085 
0.6276595744680851 0.0011146496815286938 
0.1347517730496454 0.329936305732484 
0.13652482269503546 0.014012738853503275 
0.2322695035460993 0.003923566878980934 
0.3953900709219858 0.003429691327780487 
0.5336879432624113 0.0025477707006369334 
0.09574468085106383 0.3335031847133757 
0.09042553191489362 0.33679568838804497 
0.5620567375886525 0.0021524269712277443 
0.5815602836879432 0.0017834394904458534 
0.6046099290780141 0.0014382576535853931 
0.1524822695035461 0.012484076433121116 
0.22340425531914893 0.005040155081694914 
0.18262411347517732 0.007978545088836825 
0.19680851063829788 0.0071337579617834134 
0.20921985815602837 0.006369426751592333 
0.16134751773049646 0.00996627950543271 
0.17198581560283688 0.008917197452229266 

0.040780141843971635 0.017834394904458675 
0.7624113475177305 0.0014382576535853931 
0.5177304964539007 0.0017834394904458534 
0.3173758865248227 0.0029723991507431837 
0.4946808510638298 0.0021524269712277443 
0.09042553191489362 0.015776580107790383 
0.23404255319148937 0.003429691327780487 
0.09574468085106383 0.014012738853503275 
0.17907801418439717 0.005674580196873208 
0.18085106382978725 0.004458598726114633 
0.10460992907801418 0.012484076433121116 
0.11170212765957446 0.011146496815286655 
0.12411347517730496 0.007978545088836825 
0.20212765957446807 0.003923566878980934 
0.15780141843971632 0.006369426751592333 
0.1400709219858156 0.0071337579617834134 
0.11524822695035461 0.00996627950543271 
0.11702127659574468 0.008917197452229266 

0.0 0.02675159235668794 
0.5780141843971631 0.0014382576535853931 
0.2322695035460993 0.003923566878980934 
0.4574468085106383 0.003429691327780487 
0.02304964539007092 0.020266357845975684 
0.5549645390070922 0.0029723991507431837 
0.09042553191489362 0.007978545088836825 
0.16843971631205673 0.006369426751592333 
0.031914893617021274 0.017834394904458675 
0.19680851063829788 0.005674580196873208 
0.03900709219858156 0.015776580107790383 
0.0425531914893617 0.014012738853503275 
0.0726950354609929 0.008917197452229266 
0.05319148936170213 0.011146496815286655 
0.04964539007092199 0.012484076433121116 
0.22163120567375885 0.004458598726114633 
0.06205673758865248 0.00996627950543271 

0.05673758865248227 0.33679568838804497 
0.1524822695035461 0.3289976533690914 
0.09574468085106383 0.3350318471337579 
0.10815602836879433 0.329936305732484 
0.0975177304964539 0.3335031847133757 
0.10638297872340426 0.3309853877856874 

0.28900709219858156 0.3254777070063695 
0.07801418439716312 0.33679568838804497 
0.14184397163120568 0.32815286624203815 
0.1099290780141844 0.3321656050955414 
0.25886524822695034 0.3266936884771281 
0.12056737588652482 0.329936305732484 
0.2765957446808511 0.3260592633619496 
0.11702127659574468 0.3309853877856874 

0.051418439716312055 0.34420382165605085 
0.30141843971631205 0.005674580196873208 
0.21453900709219859 0.32815286624203815 
0.12943262411347517 0.3289976533690914 
0.10460992907801418 0.33679568838804497 
0.10815602836879433 0.3335031847133757 
0.12588652482269502 0.3309853877856874 

0.0 0.02675159235668794 

0.08687943262411348 0.017834394904458675 
0.28900709219858156 0.005040155081694914 
0.13120567375886524 0.014012738853503275 
0.225177304964539 0.006369426751592333 
0.26773049645390073 0.005674580196873208 
0.1879432624113475 0.0071337579617834134 
0.14184397163120568 0.012484076433121116 
0.1524822695035461 0.00996627950543271 
0.16666666666666666 0.007978545088836825 
0.16312056737588654 0.008917197452229266 

0.044326241134751775 0.34420382165605085 
0.3599290780141844 0.32494267515923564 
0.3262411347517731 0.32738853503184706 
0.13829787234042554 0.3289976533690914 
0.07092198581560284 0.33885350318471325 
0.0797872340425532 0.33679568838804497 
0.10283687943262411 0.3350318471337579 
0.3475177304964539 0.3254777070063695 
0.10460992907801418 0.3335031847133757 
0.11524822695035461 0.3309853877856874 
0.11347517730496454 0.3321656050955414 
0.1276595744680851 0.329936305732484 

