1456.0 111.02127659574468 
2235.0 95.00970873786407 
1460.0 105.01886792452831 
1470.0 101.01754385964912 
1472.0 97.01724137931035 
1459.0 109.02127659574468 
1902.0 95.01063829787235 
2043.0 95.01041666666667 
2096.0 95.01 
1468.0 103.01818181818182 
1474.0 95.01666666666667 
1462.0 103.02127659574468 
1458.0 109.02272727272727 
1628.0 95.01219512195122 
1718.0 95.01204819277109 
1894.0 95.01086956521739 
1807.0 95.0111111111111 
1721.0 95.01176470588236 
1800.0 95.01123595505618 
1554.0 95.0126582278481 
1626.0 95.0125 
1477.0 95.01587301587301 
1519.0 95.015625 
1526.0 95.01449275362319 
1541.0 95.01428571428572 
1549.0 95.01388888888889 
1550.0 95.01298701298701 
1522.0 95.01515151515152 
1545.0 95.01408450704226 
1465.0 103.02083333333333 
