1459.0 114.02127659574468 
1995.0 100.01010101010101 
1799.0 100.01052631578948 
1963.0 100.01020408163265 
1461.0 112.0204081632653 
1465.0 106.0204081632653 
1463.0 108.0204081632653 
1468.0 102.0204081632653 
1650.0 100.01219512195122 
1470.0 100.02 
1772.0 100.0111111111111 
1716.0 100.01136363636364 
1705.0 100.01149425287356 
1607.0 100.0126582278481 
1544.0 100.01538461538462 
1575.0 100.01492537313433 
1506.0 100.01724137931035 
1523.0 100.01694915254237 
1474.0 100.01960784313725 
1489.0 100.01886792452831 
1589.0 100.01470588235294 
1497.0 100.01785714285714 
1602.0 100.01369863013699 
1595.0 100.01388888888889 
1525.0 100.01666666666667 
1532.0 100.01639344262296 
1537.0 100.01612903225806 
1492.0 100.01851851851852 
