2635.0 95.00757575757575 
1462.0 103.0204081632653 
2303.0 95.008 
2604.0 95.00769230769231 
2255.0 95.00884955752213 
2013.0 95.00892857142857 
1647.0 95.01075268817205 
1741.0 95.01030927835052 
1870.0 95.00980392156863 
1829.0 95.01020408163265 
1982.0 95.00909090909092 
2616.0 95.00763358778626 
1845.0 95.01 
1866.0 95.00990099009901 
2283.0 95.00806451612904 
2273.0 95.00813008130082 
1638.0 95.01149425287356 
1629.0 95.01176470588236 
2260.0 95.00847457627118 
2268.0 95.00840336134453 
1642.0 95.01086956521739 
1625.0 95.01190476190476 
1500.0 95.01369863013699 
1474.0 95.01515151515152 
1480.0 95.01408450704226 
1477.0 95.01449275362319 
1458.0 107.02127659574468 
1456.0 109.02272727272727 
1455.0 109.02325581395348 
1914.0 95.00934579439253 
1469.0 95.01612903225806 
1457.0 107.02222222222223 
1459.0 103.02173913043478 
1463.0 101.02083333333333 
1465.0 97.02083333333333 
1467.0 95.02 
1554.0 95.0126582278481 
1550.0 95.01298701298701 
