1464.0 109.02380952380952 
1861.0 95.01086956521739 
1475.0 97.01886792452831 
1469.0 103.02222222222223 
1472.0 102.02 
1468.0 108.02083333333333 
1695.0 95.01162790697674 
1788.0 95.01136363636364 
1792.0 95.01123595505618 
1479.0 97.01851851851852 
1482.0 95.01785714285714 
1563.0 95.01515151515152 
1612.0 95.01492537313433 
1515.0 95.01587301587301 
1620.0 95.01428571428572 
1661.0 95.01351351351352 
1467.0 109.02325581395348 
1471.0 103.0204081632653 
1485.0 95.01694915254237 
1511.0 95.01639344262296 
1693.0 95.0125 
1674.0 95.01298701298701 
1667.0 95.01333333333334 
1668.0 95.01315789473684 
