1455.0 109.02325581395348 
1914.0 95.00934579439253 
1461.0 107.01754385964912 
1463.0 103.01639344262296 
1465.0 101.01587301587301 
1467.0 97.01666666666667 
1641.0 95.01162790697674 
1733.0 95.01098901098901 
1469.0 95.01612903225806 
1843.0 95.01030927835052 
1457.0 107.02222222222223 
1621.0 95.01333333333334 
1552.0 95.01351351351352 
1791.0 95.01063829787235 
1540.0 95.01408450704226 
1489.0 95.01470588235294 
1784.0 95.01086956521739 
1479.0 95.01587301587301 
1548.0 95.01369863013699 
1639.0 95.01234567901234 
1632.0 95.0125 
1623.0 95.01298701298701 
1628.0 95.0126582278481 
1482.0 95.01515151515152 
1486.0 95.01492537313433 
1787.0 95.01075268817205 
