1455.0 109.02325581395348 
1898.0 95.01098901098901 
1459.0 103.02173913043478 
1458.0 109.02173913043478 
1463.0 101.02083333333333 
1465.0 97.02083333333333 
1639.0 95.01282051282051 
1744.0 95.0126582278481 
1818.0 95.0125 
1467.0 95.02 
1862.0 95.01219512195122 
1505.0 95.01785714285714 
1541.0 95.01754385964912 
1608.0 95.01470588235294 
1573.0 95.01492537313433 
1473.0 95.01886792452831 
1547.0 95.015625 
1571.0 95.01515151515152 
1615.0 95.01388888888889 
1627.0 95.01369863013699 
1872.0 95.01190476190476 
1882.0 95.01162790697674 
1889.0 95.01136363636364 
1632.0 95.01315789473684 
1543.0 95.01694915254237 
1470.0 95.01960784313725 
1542.0 95.01724137931035 
