1455.0 109.02380952380952 
1730.0 95.01086956521739 
1467.0 104.01754385964912 
1469.0 98.01754385964912 
1562.0 95.01315789473684 
1633.0 95.01234567901234 
1461.0 107.02 
1464.0 104.01818181818182 
1550.0 95.01492537313433 
1490.0 95.01639344262296 
1719.0 95.01123595505618 
1663.0 95.01176470588236 
1479.0 97.01818181818182 
1481.0 95.01754385964912 
1457.0 109.02127659574468 
1458.0 107.02127659574468 
1476.0 98.015625 
1653.0 95.01219512195122 
1658.0 95.01204819277109 
1554.0 95.01408450704226 
1558.0 95.01351351351352 
1659.0 95.01190476190476 
1472.0 98.01612903225806 
1484.0 95.01694915254237 
1487.0 95.01666666666667 
1475.0 98.01587301587301 
1459.0 107.0204081632653 
1456.0 109.02272727272727 
