1464.0 109.02380952380952 
1861.0 95.01086956521739 
1475.0 97.01886792452831 
1469.0 103.02222222222223 
1472.0 102.02 
1468.0 108.02083333333333 
1695.0 95.01162790697674 
1788.0 95.01136363636364 
1792.0 95.01123595505618 
1479.0 97.01851851851852 
1482.0 95.01785714285714 
1563.0 95.01515151515152 
1612.0 95.01492537313433 
1515.0 95.01587301587301 
1620.0 95.01428571428572 
1661.0 95.01351351351352 
1467.0 109.02325581395348 
1471.0 103.0204081632653 
1485.0 95.01694915254237 
1511.0 95.01639344262296 
1693.0 95.0125 
1674.0 95.01298701298701 
1667.0 95.01333333333334 
1668.0 95.01315789473684 

2635.0 95.00757575757575 
1458.0 109.02083333333333 
1467.0 97.01851851851852 
1462.0 103.0204081632653 
2303.0 95.008 
2604.0 95.00769230769231 
2255.0 95.00884955752213 
2013.0 95.00892857142857 
1484.0 95.01754385964912 
1647.0 95.01075268817205 
1741.0 95.01030927835052 
1870.0 95.00980392156863 
1962.0 95.00943396226415 
1829.0 95.01020408163265 
1553.0 95.01515151515152 
1615.0 95.01428571428572 
1982.0 95.00909090909092 
2616.0 95.00763358778626 
1537.0 95.01612903225806 
1511.0 95.01666666666667 
1490.0 95.01694915254237 
1845.0 95.01 
1866.0 95.00990099009901 
2283.0 95.00806451612904 
1970.0 95.00934579439253 
2273.0 95.00813008130082 
1638.0 95.01149425287356 
1544.0 95.01538461538462 
1629.0 95.01176470588236 
2260.0 95.00847457627118 
2268.0 95.00840336134453 
1538.0 95.015625 
1642.0 95.01086956521739 
1619.0 95.01408450704226 
1625.0 95.01190476190476 
1622.0 95.01282051282051 
1487.0 95.01724137931035 
1620.0 95.01315789473684 

1459.0 109.02127659574468 
1773.0 95.01162790697674 
1467.0 98.01818181818182 
1461.0 108.02173913043478 
1463.0 104.02127659574468 
1466.0 102.01851851851852 
1674.0 95.01204819277109 
1758.0 95.01190476190476 
1633.0 95.01298701298701 
1560.0 95.01315789473684 
1500.0 95.01369863013699 
1470.0 96.01754385964912 
1464.0 104.01923076923077 
1465.0 102.0204081632653 
1473.0 96.01724137931035 
1474.0 95.01515151515152 
1480.0 95.01408450704226 
1769.0 95.01176470588236 
1477.0 95.01449275362319 

1459.0 109.02272727272727 
1673.0 95.01388888888889 
1599.0 95.01408450704226 
1466.0 103.01886792452831 
1468.0 97.0204081632653 
1462.0 103.02127659574468 
1552.0 95.01428571428572 
1513.0 95.01515151515152 
1477.0 97.01923076923077 
1481.0 95.01923076923077 
1501.0 95.01785714285714 
1485.0 95.01886792452831 
1505.0 95.01724137931035 
1473.0 97.01960784313725 
1509.0 95.015625 
1471.0 97.02 
1464.0 103.01960784313725 
1511.0 95.01538461538462 

1458.0 114.02272727272727 
1544.0 95.01724137931035 
1484.0 95.01754385964912 
1460.0 109.02272727272727 
1465.0 105.01886792452831 
1478.0 102.01886792452831 
1469.0 105.01851851851852 
1482.0 97.01818181818182 
1479.0 100.01851851851852 

1455.0 109.02380952380952 
1730.0 95.01086956521739 
1467.0 104.01754385964912 
1469.0 98.01754385964912 
1562.0 95.01315789473684 
1633.0 95.01234567901234 
1461.0 107.02 
1464.0 104.01818181818182 
1550.0 95.01492537313433 
1490.0 95.01639344262296 
1719.0 95.01123595505618 
1663.0 95.01176470588236 
1479.0 97.01818181818182 
1481.0 95.01754385964912 
1457.0 109.02127659574468 
1458.0 107.02127659574468 
1476.0 98.015625 
1653.0 95.01219512195122 
1658.0 95.01204819277109 
1554.0 95.01408450704226 
1558.0 95.01351351351352 
1659.0 95.01190476190476 
1472.0 98.01612903225806 
1484.0 95.01694915254237 
1487.0 95.01666666666667 
1475.0 98.01587301587301 
1459.0 107.0204081632653 
1456.0 109.02272727272727 

1455.0 109.02325581395348 
1914.0 95.00934579439253 
1461.0 107.01754385964912 
1463.0 103.01639344262296 
1465.0 101.01587301587301 
1467.0 97.01666666666667 
1641.0 95.01162790697674 
1733.0 95.01098901098901 
1469.0 95.01612903225806 
1843.0 95.01030927835052 
1457.0 107.02222222222223 
1621.0 95.01333333333334 
1552.0 95.01351351351352 
1791.0 95.01063829787235 
1540.0 95.01408450704226 
1489.0 95.01470588235294 
1784.0 95.01086956521739 
1479.0 95.01587301587301 
1548.0 95.01369863013699 
1639.0 95.01234567901234 
1632.0 95.0125 
1623.0 95.01298701298701 
1628.0 95.0126582278481 
1482.0 95.01515151515152 
1486.0 95.01492537313433 
1787.0 95.01075268817205 

1455.0 109.02325581395348 
1898.0 95.01098901098901 
1459.0 103.02173913043478 
1458.0 109.02173913043478 
1463.0 101.02083333333333 
1465.0 97.02083333333333 
1639.0 95.01282051282051 
1744.0 95.0126582278481 
1818.0 95.0125 
1467.0 95.02 
1862.0 95.01219512195122 
1505.0 95.01785714285714 
1541.0 95.01754385964912 
1608.0 95.01470588235294 
1573.0 95.01492537313433 
1473.0 95.01886792452831 
1547.0 95.015625 
1571.0 95.01515151515152 
1615.0 95.01388888888889 
1627.0 95.01369863013699 
1872.0 95.01190476190476 
1882.0 95.01162790697674 
1889.0 95.01136363636364 
1632.0 95.01315789473684 
1543.0 95.01694915254237 
1470.0 95.01960784313725 
1542.0 95.01724137931035 

1459.0 114.02127659574468 
1995.0 100.01010101010101 
1799.0 100.01052631578948 
1963.0 100.01020408163265 
1461.0 112.0204081632653 
1465.0 106.0204081632653 
1463.0 108.0204081632653 
1468.0 102.0204081632653 
1650.0 100.01219512195122 
1470.0 100.02 
1772.0 100.0111111111111 
1716.0 100.01136363636364 
1705.0 100.01149425287356 
1607.0 100.0126582278481 
1544.0 100.01538461538462 
1575.0 100.01492537313433 
1506.0 100.01724137931035 
1523.0 100.01694915254237 
1474.0 100.01960784313725 
1489.0 100.01886792452831 
1589.0 100.01470588235294 
1497.0 100.01785714285714 
1602.0 100.01369863013699 
1595.0 100.01388888888889 
1525.0 100.01666666666667 
1532.0 100.01639344262296 
1537.0 100.01612903225806 
1492.0 100.01851851851852 

1456.0 111.02127659574468 
2235.0 95.00970873786407 
1460.0 105.01886792452831 
1470.0 101.01754385964912 
1472.0 97.01724137931035 
1459.0 109.02127659574468 
1902.0 95.01063829787235 
2043.0 95.01041666666667 
2096.0 95.01 
1468.0 103.01818181818182 
1474.0 95.01666666666667 
1462.0 103.02127659574468 
1458.0 109.02272727272727 
1628.0 95.01219512195122 
1718.0 95.01204819277109 
1894.0 95.01086956521739 
1807.0 95.0111111111111 
1721.0 95.01176470588236 
1800.0 95.01123595505618 
1554.0 95.0126582278481 
1626.0 95.0125 
1477.0 95.01587301587301 
1519.0 95.015625 
1526.0 95.01449275362319 
1541.0 95.01428571428572 
1549.0 95.01388888888889 
1550.0 95.01298701298701 
1522.0 95.01515151515152 
1545.0 95.01408450704226 
1465.0 103.02083333333333 

