0.398422090729783 0.3288266537904393 
0.28402366863905326 0.33662667607621727 
0.2445759368836292 0.33868501529051975 
0.8402366863905325 0.3226299694189602 
0.39250493096646943 0.3297655453618756 
0.5167652859960552 0.3247706422018349 
0.7712031558185405 0.3242766407904022 
0.8165680473372781 0.32381923207611285 
0.5088757396449705 0.3258875149581173 
0.4812623274161736 0.3265221017514597 
0.47534516765285995 0.32721712538226294 
0.4714003944773176 0.3279816513761467 
0.15384615384615385 0.3520642201834862 
0.16568047337278108 0.347604485219164 
0.34911242603550297 0.33081489476524545 
0.28994082840236685 0.3348623853211008 
0.29980276134122286 0.33199541284403666 
0.1952662721893491 0.3440366972477063 
0.2938856015779093 0.33333333333333326 
0.20710059171597633 0.3411175979983319 
