0.1893491124260355 0.9898063200815492 
0.39447731755424065 0.33081489476524545 
0.1992110453648915 0.3520642201834862 
0.30177514792899407 0.33662667607621727 
0.3629191321499014 0.33199541284403666 
0.2504930966469428 0.33868501529051975 
0.20315581854043394 0.347604485219164 
0.2465483234714004 0.3411175979983319 

0.398422090729783 0.3288266537904393 
0.15976331360946747 0.35779816513761475 
0.1992110453648915 0.3440366972477063 
0.28402366863905326 0.33662667607621727 
0.36489151873767256 0.33081489476524545 
0.2445759368836292 0.33868501529051975 
0.39447731755424065 0.3297655453618756 

0.15976331360946747 0.3520642201834862 
0.8402366863905325 0.3226299694189602 
0.39250493096646943 0.3297655453618756 
0.2583826429980276 0.3440366972477063 
0.5167652859960552 0.3247706422018349 
0.7712031558185405 0.3242766407904022 
0.23668639053254437 0.347604485219164 
0.46745562130177515 0.3288266537904393 
0.8165680473372781 0.32381923207611285 
0.5088757396449705 0.3258875149581173 
0.4812623274161736 0.3265221017514597 
0.47534516765285995 0.32721712538226294 
0.4714003944773176 0.3279816513761467 

0.2445759368836292 0.3440366972477063 
0.15384615384615385 0.3520642201834862 
0.16568047337278108 0.347604485219164 

0.1755424063116371 0.35779816513761475 
0.7080867850098619 0.3279816513761467 
0.398422090729783 0.3297655453618756 
0.368836291913215 0.33081489476524545 
0.1794871794871795 0.3520642201834862 
0.2859960552268245 0.33662667607621727 
0.22879684418145957 0.347604485219164 
0.2702169625246548 0.3411175979983319 
0.26627218934911245 0.3440366972477063 
0.28205128205128205 0.33868501529051975 

0.42011834319526625 0.33081489476524545 
0.1794871794871795 0.9942660550458714 
0.1913214990138067 0.3520642201834862 
0.23865877712031558 0.3411175979983319 
0.3747534516765286 0.33868501529051975 
0.1952662721893491 0.347604485219164 
0.23076923076923078 0.3440366972477063 

0.1893491124260355 0.347604485219164 
0.6982248520710059 0.3258875149581173 
0.34911242603550297 0.33081489476524545 
0.650887573964497 0.3297655453618756 
0.3136094674556213 0.33199541284403666 
0.2465483234714004 0.3440366972477063 
0.2879684418145957 0.33662667607621727 
0.6765285996055227 0.3288266537904393 
0.2603550295857988 0.3411175979983319 
0.28205128205128205 0.33868501529051975 

0.1952662721893491 0.3520642201834862 
0.6015779092702169 0.3297655453618756 
0.35700197238658776 0.33081489476524545 
0.23865877712031558 0.3411175979983319 
0.28994082840236685 0.3348623853211008 
0.29980276134122286 0.33199541284403666 

0.1992110453648915 0.347604485219164 
0.5996055226824457 0.3258875149581173 
0.5542406311637081 0.3288266537904393 
0.358974358974359 0.33662667607621727 
0.41420118343195267 0.3297655453618756 
0.252465483234714 0.33868501529051975 
0.23865877712031558 0.3440366972477063 
0.3708086785009862 0.33333333333333326 
0.24260355029585798 0.3411175979983319 
0.388560157790927 0.33081489476524545 
0.5739644970414202 0.32721712538226294 
0.38461538461538464 0.33199541284403666 
0.5838264299802761 0.3265221017514597 

0.1952662721893491 0.3440366972477063 
0.6193293885601578 0.3253058103975536 
0.2938856015779093 0.33333333333333326 
0.5936883629191322 0.3297655453618756 
0.26627218934911245 0.33868501529051975 
0.20710059171597633 0.3411175979983319 

