0.0 0.023318385650224274 
0.8817005545286506 2.5624599615630913E-4 
0.49353049907578556 5.275652862041659E-4 
0.0036968576709796672 0.017937219730941784 
0.06839186691312385 0.012556053811659291 
0.2643253234750462 0.0025624599615630913 
0.17744916820702403 0.005069214271787967 
0.36968576709796674 0.001793721973094164 
0.25693160813308685 0.002989536621823702 
0.07578558225508318 0.010023740437879151 
0.07208872458410351 0.011210762331838597 
0.46950092421441775 8.153281695882825E-4 
0.46210720887245843 0.0011210762331838884 
0.4269870609981516 0.0014465499783017728 
0.022181146025878003 0.015867540531217746 
0.2902033271719039 0.0021648368640791536 
0.12754158964879853 0.0057072971871178334 
0.08133086876155268 0.00896860986547082 
0.2476894639556377 0.003449465332873392 
0.09242144177449169 0.008024545669105584 
0.10536044362292052 0.007174887892376656 
0.23105360443622922 0.003946188340807218 
0.11645101663585952 0.006406149903907728 
0.22365988909426987 0.00448430493273541 
