0.08133086876155268 0.34977578475336313 
0.3068391866913124 0.3250347920210298 
0.08502772643253234 0.3432531593966571 
0.16081330868761554 0.3408071748878923 
0.21072088724584104 0.3369634849455477 
0.17005545286506468 0.33873749568816824 
0.21256931608133087 0.33289369559482984 
0.21626617375231053 0.3308945008260561 
0.23844731977818853 0.3292761050608584 
0.2587800369685767 0.32857725234406865 
0.23475046210720887 0.3300448430493273 
0.2698706099815157 0.32793916942873863 
0.2754158964879852 0.3273542600896862 
0.28650646950092423 0.32631942048982404 
0.2902033271719039 0.3258594917787744 
0.30129390018484287 0.32543241511851373 

0.053604436229205174 0.33873749568816824 
0.866913123844732 0.32286995515695066 
0.6192236598890942 0.323126201153107 
0.2199630314232902 0.32466367713004485 
0.43807763401109057 0.32431650513525245 
0.066543438077634 0.3354260089686098 
0.4953789279112754 0.32339752044315484 
0.08317929759704251 0.3308945008260561 
0.07578558225508318 0.33289369559482984 
0.1756007393715342 0.3250347920210298 
0.07208872458410351 0.33408071748878926 
0.10720887245841035 0.32793916942873863 
0.1589648798521257 0.3258594917787744 
0.12939001848428835 0.3273542600896862 
0.09057301293900184 0.3300448430493273 
0.09426987060998152 0.3292761050608584 
0.10166358595194085 0.32857725234406865 
0.14417744916820702 0.3268161434977579 
0.46210720887245843 0.3239910313901346 
0.4713493530499076 0.32368528332653895 
0.14972273567467653 0.32631942048982404 

0.029574861367837338 0.3542600896860987 
0.6414048059149723 0.32368528332653895 
0.22181146025878004 0.32431650513525245 
0.609981515711645 0.3239910313901346 
0.033271719038817 0.3461883408071748 
0.06469500924214418 0.33408071748878926 
0.04805914972273567 0.3408071748878923 
0.08872458410351201 0.3308945008260561 
0.03512014787430684 0.3432531593966571 
0.11275415896487985 0.32793916942873863 
0.11645101663585952 0.3273542600896862 
0.16266173752310537 0.3268161434977579 
0.1866913123844732 0.32543241511851373 
0.21072088724584104 0.3250347920210298 
0.17190388170055454 0.32631942048982404 
0.17929759704251386 0.3258594917787744 
0.21811460258780038 0.32466367713004485 

0.0 0.023318385650224274 
0.8817005545286506 2.5624599615630913E-4 
0.49353049907578556 5.275652862041659E-4 
0.0036968576709796672 0.017937219730941784 
0.06839186691312385 0.012556053811659291 
0.2643253234750462 0.0025624599615630913 
0.36229205175600737 0.0021648368640791536 
0.17744916820702403 0.005069214271787967 
0.36968576709796674 0.001793721973094164 
0.45471349353049906 0.0014465499783017728 
0.25693160813308685 0.002989536621823702 
0.07578558225508318 0.010023740437879151 
0.11090573012939002 0.00896860986547082 
0.13863216266173753 0.008024545669105584 
0.07208872458410351 0.011210762331838597 
0.15157116451016636 0.007174887892376656 
0.16820702402957485 0.006406149903907728 
0.46950092421441775 8.153281695882825E-4 
0.17005545286506468 0.0057072971871178334 
0.46210720887245843 0.0011210762331838884 

0.0036968576709796672 0.3542600896860987 
0.8632162661737524 0.3219730941704037 
0.11829944547134935 0.33408071748878926 
0.04066543438077634 0.3408071748878923 
0.025878003696857672 0.3432531593966571 
0.0073937153419593345 0.34977578475336313 
0.37153419593345655 0.32543241511851373 
0.48613678373382624 0.3250347920210298 
0.5637707948243993 0.32431650513525245 
0.6654343807763401 0.3239910313901346 
0.2532347504621072 0.32631942048982404 
0.34750462107208874 0.3258594917787744 
0.18114602587800369 0.3292761050608584 
0.20517560073937152 0.3273542600896862 
0.744916820702403 0.32368528332653895 
0.1589648798521257 0.3318385650224215 
0.5415896487985212 0.32466367713004485 
0.1478743068391867 0.33289369559482984 
0.24584103512014788 0.3268161434977579 
0.756007393715342 0.323126201153107 
0.7966728280961183 0.32286995515695066 
0.8207024029574861 0.3226275602957218 
0.8410351201478743 0.322180062090376 
0.8280961182994455 0.32239792305876797 
0.7486136783733827 0.32339752044315484 

0.10720887245841035 0.3461883408071748 
0.27726432532347506 0.3250347920210298 
0.1367837338262477 0.3369634849455477 
0.12014787430683918 0.3408071748878923 
0.1589648798521257 0.33408071748878926 
0.17375231053604437 0.33289369559482984 
0.2033271719038817 0.32793916942873863 
0.23290203327171904 0.3268161434977579 
0.11090573012939002 0.3432531593966571 
0.17744916820702403 0.3300448430493273 
0.2587800369685767 0.32543241511851373 
0.18114602587800369 0.3292761050608584 
0.19593345656192238 0.32857725234406865 
0.24399260628465805 0.32631942048982404 
0.2513863216266174 0.3258594917787744 

0.7763401109057301 0.3239910313901346 
0.07948243992606285 0.33873749568816824 
0.2957486136783734 0.32543241511851373 
0.5415896487985212 0.3250347920210298 
0.08687615526802218 0.33408071748878926 
0.13493530499075784 0.32793916942873863 
0.25693160813308685 0.3273542600896862 
0.6728280961182994 0.32431650513525245 
0.09611829944547134 0.3318385650224215 
0.10351201478743069 0.3292761050608584 
0.2809611829944547 0.3268161434977579 
0.11090573012939002 0.32857725234406865 

0.07578558225508318 0.3408071748878923 
0.9704251386321626 0.32286995515695066 
0.4177449168207024 0.32543241511851373 
0.133086876155268 0.3354260089686098 
0.14048059149722736 0.3318385650224215 
0.5748613678373382 0.32466367713004485 
0.8096118299445472 0.323126201153107 
0.2680221811460259 0.3273542600896862 
0.39371534195933455 0.3268161434977579 
0.5988909426987061 0.32431650513525245 
0.7264325323475046 0.3239910313901346 
0.10166358595194085 0.33873749568816824 
0.11275415896487985 0.3369634849455477 
0.1756007393715342 0.32857725234406865 
0.24953789279112754 0.32793916942873863 
0.1478743068391867 0.3308945008260561 
0.17375231053604437 0.3292761050608584 
0.4066543438077634 0.32631942048982404 
0.756007393715342 0.32368528332653895 
0.7911275415896488 0.32339752044315484 

0.018484288354898338 0.020383204239706486 
0.4269870609981516 0.0014465499783017728 
0.022181146025878003 0.015867540531217746 
0.2902033271719039 0.0021648368640791536 
0.4195933456561922 0.001793721973094164 
0.12754158964879853 0.0057072971871178334 
0.21072088724584104 0.005069214271787967 
0.07578558225508318 0.012556053811659291 
0.08133086876155268 0.00896860986547082 
0.07763401109057301 0.011210762331838597 
0.2476894639556377 0.003449465332873392 
0.09242144177449169 0.008024545669105584 
0.27171903881700554 0.002989536621823702 
0.10536044362292052 0.007174887892376656 
0.23105360443622922 0.003946188340807218 
0.11645101663585952 0.006406149903907728 
0.22365988909426987 0.00448430493273541 
0.2828096118299446 0.0025624599615630913 

0.09242144177449169 0.3369634849455477 
0.8613678373382625 0.323126201153107 
0.4011090573012939 0.32466367713004485 
0.6524953789279113 0.32431650513525245 
0.1478743068391867 0.32857725234406865 
0.266173752310536 0.32793916942873863 
0.29944547134935307 0.32631942048982404 
0.6709796672828097 0.3239910313901346 
0.7615526802218114 0.32368528332653895 
0.10720887245841035 0.3354260089686098 
0.11460258780036968 0.33408071748878926 
0.7966728280961183 0.32339752044315484 
0.35489833641404805 0.3258594917787744 
0.12384473197781885 0.33289369559482984 
0.13123844731977818 0.3318385650224215 
0.27726432532347506 0.3273542600896862 
0.1423290203327172 0.3308945008260561 
0.14417744916820702 0.3300448430493273 
0.14602587800369685 0.3292761050608584 
0.37153419593345655 0.32543241511851373 
0.3844731977818854 0.3250347920210298 

