0.33520900321543406 0.0038261035917546565 
0.13906752411575563 0.01765225066195933 
0.15112540192926044 0.014225256943703536 
0.0819935691318328 0.5042853586542907 
0.08922829581993569 0.5029390396935473 
0.13665594855305466 0.2626823015172529 
0.860128617363344 0.0 
0.24839228295819935 0.010691169671752144 
0.7331189710610932 1.8130229438046496E-4 
0.8569131832797428 8.890785589807706E-5 
0.39228295819935693 0.001999225300196162 
0.7226688102893891 3.774047760573388E-4 
0.6479099678456591 4.815842194482801E-4 
0.37861736334405144 0.003033980582524219 
0.5 0.001502542764678612 
0.2596463022508039 0.008989572096368113 
0.4405144694533762 0.0018249507263303016 
0.592443729903537 5.901968306430009E-4 
0.2709003215434084 0.00762829403606093 
0.2845659163987138 0.006030271965265628 
0.5104501607717041 0.0012108403231842159 
0.5562700964630225 0.0010751647690008064 
0.3432475884244373 0.0032809866821767258 
0.2990353697749196 0.004451978562010912 
0.2877813504823151 0.005586376945600158 
0.2958199356913183 0.004801024218499861 
0.26768488745980706 0.008273109959364418 
0.5763665594855305 8.219037345250211E-4 
0.5868167202572347 7.035317292809609E-4 
