1011.0 4.1 
1819.0 4.019230769230769 
1174.0 4.0588235294117645 
1017.0 4.090909090909091 
1359.0 4.032258064516129 
1271.0 4.04 
1187.0 4.052631578947368 
1269.0 4.045454545454546 
1557.0 4.024390243902439 
1441.0 4.03030303030303 
1642.0 4.022222222222222 
1732.0 4.020833333333333 
1654.0 4.0212765957446805 
1231.0 4.0476190476190474 
1218.0 4.05 
1773.0 4.019607843137255 
1325.0 4.037037037037037 
1303.0 4.038461538461538 
1486.0 4.027027027027027 
1345.0 4.0344827586206895 
1515.0 4.026315789473684 
1763.0 4.02 
1543.0 4.025 
1471.0 4.0285714285714285 
1456.0 4.029411764705882 
1647.0 4.021739130434782 
