960.0 4.1 
1768.0 4.019607843137255 
978.0 4.0588235294117645 
1590.0 4.020408163265306 
1756.0 4.02 
1412.0 4.023809523809524 
1531.0 4.023255813953488 
980.0 4.052631578947368 
1059.0 4.041666666666667 
1328.0 4.025 
1140.0 4.0344827586206895 
1038.0 4.05 
1202.0 4.033333333333333 
1102.0 4.04 
1049.0 4.0476190476190474 
1215.0 4.029411764705882 
1257.0 4.027777777777778 
1125.0 4.037037037037037 
1288.0 4.027027027027027 
1211.0 4.032258064516129 
1313.0 4.026315789473684 
1563.0 4.0212765957446805 
1539.0 4.022222222222222 
1554.0 4.021739130434782 
1317.0 4.0256410256410255 
