943.0 3.1 
1800.0 3.018867924528302 
1039.0 3.0625 
949.0 3.0833333333333335 
1642.0 3.019607843137255 
1796.0 3.019230769230769 
1218.0 3.027027027027027 
1629.0 3.020408163265306 
945.0 3.090909090909091 
1536.0 3.0208333333333335 
1201.0 3.03125 
1352.0 3.025 
1053.0 3.0555555555555554 
1278.0 3.026315789473684 
1467.0 3.021276595744681 
1067.0 3.05 
1084.0 3.0434782608695654 
1365.0 3.0238095238095237 
1422.0 3.0232558139534884 
1157.0 3.032258064516129 
1102.0 3.037037037037037 
1152.0 3.0357142857142856 
1088.0 3.0416666666666665 
1098.0 3.0384615384615383 
1063.0 3.0526315789473686 
1447.0 3.022222222222222 
1154.0 3.0344827586206895 
1460.0 3.0217391304347827 
