1557.0 4.020408163265306 
832.0 5.076923076923077 
984.0 4.111111111111111 
841.0 5.071428571428571 
1511.0 4.021739130434782 
1427.0 4.022222222222222 
1057.0 4.055555555555555 
1287.0 4.023809523809524 
1360.0 4.0227272727272725 
1132.0 4.037037037037037 
1177.0 4.032258064516129 
1242.0 4.03030303030303 
1199.0 4.03125 
1100.0 4.038461538461538 
1073.0 4.052631578947368 
1256.0 4.0285714285714285 
1272.0 4.025 
1262.0 4.026315789473684 
1082.0 4.045454545454546 
1271.0 4.0256410256410255 
1086.0 4.043478260869565 
1092.0 4.041666666666667 
1094.0 4.04 
