1025.0 4.0625 
1724.0 4.0212765957446805 
1306.0 4.0256410256410255 
1507.0 4.025 
1592.0 4.021739130434782 
1030.0 4.055555555555555 
1231.0 4.0285714285714285 
1086.0 4.041666666666667 
1035.0 4.05 
1073.0 4.0476190476190474 
1171.0 4.035714285714286 
1173.0 4.032258064516129 
1113.0 4.04 
1146.0 4.038461538461538 
1031.0 4.052631578947368 
1552.0 4.022222222222222 
1078.0 4.045454545454546 
1537.0 4.0227272727272725 
1521.0 4.024390243902439 
1155.0 4.037037037037037 
1194.0 4.03030303030303 
1218.0 4.029411764705882 
1085.0 4.043478260869565 
1180.0 4.03125 

949.0 4.111111111111111 
1333.0 3.0285714285714285 
1097.0 3.0454545454545454 
1076.0 4.041666666666667 
1036.0 4.066666666666666 
953.0 4.1 
1265.0 3.03125 
1201.0 3.032258064516129 
1272.0 3.0294117647058822 
1102.0 3.0384615384615383 
1137.0 3.037037037037037 
1147.0 3.0344827586206895 
1176.0 3.033333333333333 
1072.0 4.045454545454546 
1054.0 4.0476190476190474 
1044.0 4.05 
1040.0 4.055555555555555 

961.0 4.090909090909091 

903.0 3.090909090909091 
918.0 3.076923076923077 

1557.0 4.020408163265306 
832.0 5.076923076923077 
984.0 4.111111111111111 
841.0 5.071428571428571 
1511.0 4.021739130434782 
1427.0 4.022222222222222 
1057.0 4.055555555555555 
1287.0 4.023809523809524 
1360.0 4.0227272727272725 
1132.0 4.037037037037037 
1177.0 4.032258064516129 
1242.0 4.03030303030303 
1199.0 4.03125 
1100.0 4.038461538461538 
1073.0 4.052631578947368 
1256.0 4.0285714285714285 
1272.0 4.025 
1262.0 4.026315789473684 
1082.0 4.045454545454546 
1271.0 4.0256410256410255 
1086.0 4.043478260869565 
1092.0 4.041666666666667 
1094.0 4.04 

960.0 4.1 
1768.0 4.019607843137255 
978.0 4.0588235294117645 
1590.0 4.020408163265306 
1756.0 4.02 
1412.0 4.023809523809524 
1531.0 4.023255813953488 
980.0 4.052631578947368 
1059.0 4.041666666666667 
1328.0 4.025 
1140.0 4.0344827586206895 
1038.0 4.05 
1202.0 4.033333333333333 
1102.0 4.04 
1049.0 4.0476190476190474 
1215.0 4.029411764705882 
1257.0 4.027777777777778 
1125.0 4.037037037037037 
1288.0 4.027027027027027 
1211.0 4.032258064516129 
1313.0 4.026315789473684 
1563.0 4.0212765957446805 
1539.0 4.022222222222222 
1554.0 4.021739130434782 
1317.0 4.0256410256410255 

900.0 4.090909090909091 
1547.0 4.03030303030303 
1330.0 4.03125 
935.0 4.071428571428571 
1160.0 4.032258064516129 
1038.0 4.037037037037037 
979.0 4.0476190476190474 
976.0 4.055555555555555 
1104.0 4.035714285714286 
942.0 4.066666666666666 
1026.0 4.041666666666667 
961.0 4.0625 
968.0 4.0588235294117645 
1128.0 4.033333333333333 
998.0 4.045454545454546 
1012.0 4.043478260869565 
1111.0 4.0344827586206895 

943.0 3.1 
1800.0 3.018867924528302 
1039.0 3.0625 
949.0 3.0833333333333335 
1642.0 3.019607843137255 
1796.0 3.019230769230769 
1218.0 3.027027027027027 
1629.0 3.020408163265306 
945.0 3.090909090909091 
1536.0 3.0208333333333335 
1201.0 3.03125 
1352.0 3.025 
1053.0 3.0555555555555554 
1278.0 3.026315789473684 
1467.0 3.021276595744681 
1067.0 3.05 
1084.0 3.0434782608695654 
1365.0 3.0238095238095237 
1422.0 3.0232558139534884 
1157.0 3.032258064516129 
1102.0 3.037037037037037 
1152.0 3.0357142857142856 
1088.0 3.0416666666666665 
1098.0 3.0384615384615383 
1063.0 3.0526315789473686 
1447.0 3.022222222222222 
1154.0 3.0344827586206895 
1460.0 3.0217391304347827 

1011.0 4.1 
1819.0 4.019230769230769 
1174.0 4.0588235294117645 
1017.0 4.090909090909091 
1359.0 4.032258064516129 
1271.0 4.04 
1187.0 4.052631578947368 
1269.0 4.045454545454546 
1557.0 4.024390243902439 
1441.0 4.03030303030303 
1642.0 4.022222222222222 
1732.0 4.020833333333333 
1654.0 4.0212765957446805 
1231.0 4.0476190476190474 
1218.0 4.05 
1773.0 4.019607843137255 
1325.0 4.037037037037037 
1303.0 4.038461538461538 
1486.0 4.027027027027027 
1345.0 4.0344827586206895 
1515.0 4.026315789473684 
1763.0 4.02 
1543.0 4.025 
1471.0 4.0285714285714285 
1456.0 4.029411764705882 
1647.0 4.021739130434782 

1949.0 4.017543859649122 
984.0 4.111111111111111 
1075.0 4.043478260869565 
1057.0 4.076923076923077 
1643.0 4.0181818181818185 
1919.0 4.017857142857143 
1029.0 4.090909090909091 
1041.0 4.083333333333333 
1209.0 4.027777777777778 
1468.0 4.0212765957446805 
1536.0 4.020833333333333 
1161.0 4.03125 
1405.0 4.022222222222222 
1463.0 4.021739130434782 
1300.0 4.024390243902439 
1350.0 4.023809523809524 
1598.0 4.018518518518518 
1365.0 4.0227272727272725 
1246.0 4.027027027027027 
1129.0 4.033333333333333 
1107.0 4.04 
1095.0 4.041666666666667 
1111.0 4.037037037037037 
1567.0 4.02 
1267.0 4.026315789473684 
1582.0 4.018867924528302 
1282.0 4.025 
1547.0 4.020408163265306 
1115.0 4.035714285714286 
1125.0 4.0344827586206895 
1361.0 4.023255813953488 
1275.0 4.0256410256410255 

