0.022315202231520222 0.9467213114754093 
0.9163179916317992 0.9040983606557373 
0.8828451882845189 0.9065573770491799 
0.9121338912133892 0.9052823315118396 
0.697350069735007 0.9079344262295079 
0.29567642956764295 0.9128166915052162 
0.602510460251046 0.9094262295081967 
0.2733612273361227 0.9218579234972673 
0.2900976290097629 0.9147540983606552 
0.002789400278940028 0.9535022354694482 
0.1589958158995816 0.928073770491803 
0.11436541143654114 0.9409836065573765 
0.14504881450488144 0.9318032786885241 
