916.0 4.083333333333333 
914.0 4.1 

1557.0 4.035714285714286 
993.0 4.090909090909091 
1138.0 4.071428571428571 
1142.0 4.052631578947368 
1509.0 4.041666666666667 
1341.0 4.043478260869565 
1040.0 4.083333333333333 
1221.0 4.045454545454546 
1187.0 4.0476190476190474 
1533.0 4.038461538461538 
1528.0 4.04 
1554.0 4.037037037037037 

1031.0 4.1 
1383.0 4.043478260869565 
1165.0 4.076923076923077 
1274.0 4.0625 
1280.0 4.0476190476190474 
1293.0 4.045454545454546 
1213.0 4.071428571428571 
1248.0 4.066666666666666 

994.0 4.111111111111111 
1361.0 4.045454545454546 
1002.0 4.083333333333333 
1243.0 4.0588235294117645 
1267.0 4.0476190476190474 
995.0 4.1 
1256.0 4.052631578947368 

1413.0 4.041666666666667 
954.0 4.1 
1293.0 4.066666666666666 
1324.0 4.055555555555555 
1356.0 4.0476190476190474 
1379.0 4.045454545454546 

975.0 4.1 
934.0 4.111111111111111 

995.0 4.111111111111111 
1400.0 4.04 
1007.0 4.066666666666666 
1112.0 4.045454545454546 
1332.0 4.041666666666667 
1096.0 4.055555555555555 
1048.0 4.0625 
1108.0 4.0476190476190474 

1446.0 4.043478260869565 
1030.0 4.1 
1239.0 4.0476190476190474 
1400.0 4.045454545454546 
1162.0 4.066666666666666 
1095.0 4.076923076923077 
1032.0 4.090909090909091 
1214.0 4.055555555555555 
1076.0 4.083333333333333 
1232.0 4.052631578947368 
1236.0 4.05 

902.0 4.090909090909091 

981.0 4.090909090909091 
1014.0 4.0625 
982.0 4.076923076923077 
1004.0 4.066666666666666 

