0.10059171597633136 0.1416037413290526 
0.14792899408284024 0.14132261639034827 
0.04142011834319527 0.1428824063728367 
0.07692307692307693 0.1426047164895907 
0.24260355029585798 0.14114129080488397 
0.047337278106508875 0.14273922252678786 
0.6035502958579881 0.14079242461998503 
0.40828402366863903 0.14083692285785468 
0.0 0.14619154414818494 
0.3136094674556213 0.14098049264418921 
0.011834319526627219 0.1454024420632943 
0.029585798816568046 0.14421878893595796 
0.08875739644970414 0.1420383752803389 
0.03550295857988166 0.14398205831049068 
0.26627218934911245 0.1410855894812447 
0.23076923076923078 0.14119926565193733 
