0.0 0.14665572184517953 
0.44970414201183434 0.14083692285785468 
0.10059171597633136 0.1416037413290526 
0.14792899408284024 0.14132261639034827 
0.03550295857988166 0.14421878893595796 
0.04142011834319527 0.1428824063728367 
0.07692307692307693 0.1426047164895907 
0.24260355029585798 0.14114129080488397 
0.01775147928994083 0.1454024420632943 
0.029585798816568046 0.14447610483320494 
0.3136094674556213 0.1410855894812447 
0.011834319526627219 0.14577622726140033 
0.40236686390532544 0.14098049264418921 
0.35502958579881655 0.14103203051620697 
0.047337278106508875 0.14273922252678786 

0.07100591715976332 0.5718913531024171 
0.6449704142011834 0.5672564166459008 
0.42011834319526625 0.567314391492954 
0.09467455621301775 0.5715175679043111 
0.10059171597633136 0.5700971841515075 
0.10650887573964497 0.5698786635741532 
0.1242603550295858 0.5689975322138534 
0.17159763313609466 0.5685932484132451 
0.33727810650887574 0.5675034399072579 
0.23076923076923078 0.5682545241478706 
0.3905325443786982 0.567437742231365 
0.23668639053254437 0.5680576587628668 
0.28402366863905326 0.5677975152183973 
0.1301775147928994 0.5688543483678046 
0.2781065088757396 0.5678799997568875 

0.6272189349112426 0.5670459894232633 
0.07100591715976332 0.5723066699892017 
0.20118343195266272 0.5680576587628668 
0.10059171597633136 0.5708719389257639 
0.1301775147928994 0.5688543483678046 
0.10650887573964497 0.5705912306742217 
0.1242603550295858 0.569488448257449 
0.46745562130177515 0.5672007153222615 
0.5739644970414202 0.5671471563572237 
0.28994082840236685 0.5679666085223025 
0.38461538461538464 0.567437742231365 
0.4378698224852071 0.567314391492954 
0.3609467455621302 0.5676437940330291 
0.3076923076923077 0.5677975152183973 
0.33136094674556216 0.5677188671700694 

0.01775147928994083 0.1454024420632943 
0.6035502958579881 0.14079242461998503 
0.40828402366863903 0.14083692285785468 
0.03550295857988166 0.14475681308474714 
0.05917159763313609 0.14337332241643233 
0.1242603550295858 0.1420383752803389 
0.10059171597633136 0.14273922252678786 
0.23668639053254437 0.14125965611761773 
0.1893491124260355 0.14152866819201232 
0.07692307692307693 0.1428824063728367 
0.3136094674556213 0.14103203051620697 
0.15384615384615385 0.14185148268128578 
0.3609467455621302 0.14098049264418921 

0.0 0.14619154414818494 
0.5088757396449705 0.14093086358224657 
0.3136094674556213 0.14098049264418921 
0.011834319526627219 0.1454024420632943 
0.029585798816568046 0.14421878893595796 
0.08875739644970414 0.1420383752803389 
0.03550295857988166 0.14398205831049068 
0.04142011834319527 0.14303513580862187 
0.07692307692307693 0.1426047164895907 
0.13609467455621302 0.14194253292185005 
0.17159763313609466 0.14176487391587078 
0.1834319526627219 0.14152866819201232 
0.26627218934911245 0.1410855894812447 
0.047337278106508875 0.14273922252678786 
0.21893491124260356 0.14138831406624122 
0.23076923076923078 0.14119926565193733 

0.07100591715976332 0.5723066699892017 
0.7396449704142012 0.5669520486988714 
0.35502958579881655 0.567314391492954 
0.6331360946745562 0.5671471563572237 
0.09467455621301775 0.5718913531024171 
0.10059171597633136 0.5703339147769747 
0.21893491124260356 0.5687198423306075 
0.1301775147928994 0.5688543483678046 
0.10650887573964497 0.5700971841515075 
0.1242603550295858 0.5691502616496387 
0.23076923076923078 0.5679666085223025 
0.30177514792899407 0.5675034399072579 
0.2485207100591716 0.5677975152183973 
0.6863905325443787 0.5670459894232633 

0.01775147928994083 0.1454024420632943 
0.3136094674556213 0.14103203051620697 
0.14201183431952663 0.1416037413290526 
0.21893491124260356 0.14152866819201232 
0.029585798816568046 0.14506425545548385 
0.047337278106508875 0.14398205831049068 
0.09467455621301775 0.14224603372373124 
0.05917159763313609 0.14376353773313644 
0.07100591715976332 0.14303513580862187 
0.26627218934911245 0.14119926565193733 
0.08284023668639054 0.14273922252678786 
0.23668639053254437 0.14132261639034827 

0.07100591715976332 0.5727708476861962 
0.6745562130177515 0.5669075504610018 
0.10059171597633136 0.5705912306742217 
0.20118343195266272 0.5680576587628668 
0.621301775147929 0.5672007153222615 
0.25443786982248523 0.5677188671700694 
0.3609467455621302 0.567437742231365 
0.1301775147928994 0.5689975322138534 
0.5088757396449705 0.567314391492954 
0.4556213017751479 0.5673747819586344 
0.10650887573964497 0.5703339147769747 
0.1242603550295858 0.569488448257449 

0.07100591715976332 0.5727708476861962 
0.8165680473372781 0.5672564166459008 
0.3609467455621302 0.5673747819586344 
0.6272189349112426 0.567314391492954 
0.09467455621301775 0.5723066699892017 
0.10059171597633136 0.5705912306742217 
0.17751479289940827 0.5682545241478706 
0.10650887573964497 0.5703339147769747 
0.1242603550295858 0.569313524149961 
0.1301775147928994 0.5689975322138534 
0.34911242603550297 0.5677188671700694 
0.2958579881656805 0.5679666085223025 
0.23076923076923078 0.5680576587628668 

0.07100591715976332 0.5738848741589833 
0.7988165680473372 0.567095618485206 
0.09467455621301775 0.5732930475953152 
0.10059171597633136 0.5711793812965006 
0.40828402366863903 0.5676437940330291 
0.5976331360946746 0.5675720574798571 
0.30177514792899407 0.5678799997568875 
0.20710059171597633 0.5688543483678046 
0.23076923076923078 0.5682545241478706 
0.10650887573964497 0.5708719389257639 
0.1242603550295858 0.5696763297062324 
0.7751479289940828 0.567314391492954 
0.1301775147928994 0.569313524149961 
0.6686390532544378 0.567437742231365 
0.6153846153846154 0.5675034399072579 

