0.12962962962962962 0.35391923990498814 
0.9314814814814815 0.3227689175432643 
0.18518518518518517 0.3404592240696753 
0.6259259259259259 0.32430720506730004 
0.7574074074074074 0.32363420427553447 
0.14444444444444443 0.3458432304038004 
0.8888888888888888 0.3233282948247319 
0.23333333333333334 0.33661350525958594 
0.2814814814814815 0.330541317664708 
0.5981481481481481 0.3250763488293179 
0.13518518518518519 0.34943256795988376 
0.3296296296296296 0.32969121140142515 
0.4111111111111111 0.3289220676394073 
0.2740740740740741 0.333729216152019 
0.5314814814814814 0.325503650919328 
0.27037037037037037 0.3350752177355502 
0.5074074074074074 0.325963822400877 
0.4537037037037037 0.328222846037573 
0.4703703703703704 0.3275844263141589 
0.912962962962963 0.3230403800475059 

0.7074074074074074 0.3250763488293179 
0.04259259259259259 0.35391923990498814 
0.12777777777777777 0.3429064996760959 
0.05185185185185185 0.34943256795988376 
0.2222222222222222 0.3383884524027041 
0.4222222222222222 0.325963822400877 
0.5740740740740741 0.325503650919328 
0.2740740740740741 0.3275844263141589 
0.36666666666666664 0.32699920823436274 
0.23703703703703705 0.33148588017946684 
0.22592592592592592 0.3350752177355502 
0.37037037037037035 0.32646080760095014 
0.25555555555555554 0.3289220676394073 
0.24444444444444444 0.330541317664708 

0.12037037037037036 0.3404592240696753 
0.4703703703703704 0.3250763488293179 
0.17777777777777778 0.3350752177355502 
0.31666666666666665 0.325963822400877 
0.4537037037037037 0.325503650919328 
0.20925925925925926 0.32969121140142515 
0.2388888888888889 0.3275844263141589 
0.3055555555555556 0.32646080760095014 
0.15555555555555556 0.3383884524027041 
0.17407407407407408 0.33661350525958594 
0.22407407407407406 0.3289220676394073 
0.2351851851851852 0.328222846037573 

0.05740740740740741 0.3458432304038004 
0.65 0.32363420427553447 
0.14444444444444443 0.3404592240696753 
0.4740740740740741 0.3239598498199372 
0.15 0.3350752177355502 
0.08888888888888889 0.3429064996760959 
0.26851851851851855 0.328222846037573 
0.3611111111111111 0.32699920823436274 
0.3925925925925926 0.3250763488293179 
0.45555555555555555 0.32467851584896384 
0.17037037037037037 0.330541317664708 
0.1574074074074074 0.33254156769596194 
0.21666666666666667 0.32969121140142515 
0.22407407407407406 0.3289220676394073 
0.37962962962962965 0.32646080760095014 
0.15925925925925927 0.33148588017946684 
0.3851851851851852 0.325503650919328 
0.45740740740740743 0.32430720506730004 

0.011111111111111112 0.03087885985748222 
0.014814814814814815 0.026392187912377987 

0.05555555555555555 0.3429064996760959 
0.037037037037037035 0.35391923990498814 
0.044444444444444446 0.34943256795988376 

0.7592592592592593 0.32430720506730004 
0.11851851851851852 0.9919239904988122 
0.15555555555555556 0.3458432304038004 
0.3888888888888889 0.32467851584896384 
0.22407407407407406 0.330541317664708 
0.3074074074074074 0.32969121140142515 
0.32592592592592595 0.3275844263141589 
0.34629629629629627 0.32699920823436274 
0.16296296296296298 0.3383884524027041 
0.20555555555555555 0.333729216152019 
0.37777777777777777 0.325963822400877 
0.3592592592592593 0.32646080760095014 
0.17592592592592593 0.33661350525958594 
0.1925925925925926 0.3350752177355502 
0.30925925925925923 0.3289220676394073 
0.31851851851851853 0.328222846037573 
0.3814814814814815 0.3250763488293179 

0.0962962962962963 0.3383884524027041 
0.6462962962962963 0.32363420427553447 
0.46296296296296297 0.32430720506730004 
0.6388888888888888 0.3239598498199372 
0.17962962962962964 0.32969121140142515 
0.31666666666666665 0.3289220676394073 
0.1537037037037037 0.3350752177355502 
0.34444444444444444 0.325503650919328 
0.16111111111111112 0.33254156769596194 
0.43148148148148147 0.3250763488293179 
0.3277777777777778 0.328222846037573 
0.337037037037037 0.325963822400877 
0.17037037037037037 0.330541317664708 
0.44074074074074077 0.32467851584896384 

0.07037037037037037 0.3458432304038004 
0.6796296296296296 0.322270013481415 
0.1648148148148148 0.3383884524027041 
0.22407407407407406 0.32969121140142515 
0.36666666666666664 0.3275844263141589 
0.17777777777777778 0.333729216152019 
0.524074074074074 0.3233282948247319 
0.6518518518518519 0.3230403800475059 
0.1962962962962963 0.33254156769596194 
0.39444444444444443 0.3250763488293179 
0.44814814814814813 0.32467851584896384 
0.21296296296296297 0.330541317664708 
0.37407407407407406 0.32699920823436274 
0.387037037037037 0.325503650919328 
0.6759259259259259 0.3227689175432643 
0.5 0.32363420427553447 
0.4685185185185185 0.32430720506730004 
0.48148148148148145 0.3239598498199372 

0.05185185185185185 0.3458432304038004 

