660.0 4.125 
1093.0 4.0285714285714285 
690.0 4.083333333333333 
928.0 4.033333333333333 
999.0 4.03125 
668.0 4.1 
1070.0 4.03030303030303 
716.0 4.071428571428571 
742.0 4.052631578947368 
913.0 4.035714285714286 
663.0 4.111111111111111 
768.0 4.05 
812.0 4.0476190476190474 
738.0 4.0625 
877.0 4.037037037037037 
736.0 4.066666666666666 
864.0 4.038461538461538 
835.0 4.045454545454546 
844.0 4.043478260869565 
1083.0 4.029411764705882 

972.0 4.035714285714286 
613.0 4.125 
659.0 4.090909090909091 
618.0 4.111111111111111 
710.0 4.076923076923077 
818.0 4.038461538461538 
900.0 4.037037037037037 
738.0 4.043478260869565 
788.0 4.041666666666667 
718.0 4.055555555555555 
712.0 4.066666666666666 
790.0 4.04 
728.0 4.0476190476190474 
722.0 4.052631578947368 

655.0 4.083333333333333 
844.0 4.035714285714286 
686.0 4.066666666666666 
761.0 4.038461538461538 
835.0 4.037037037037037 
703.0 4.05 
719.0 4.043478260869565 
755.0 4.04 
674.0 4.076923076923077 
684.0 4.071428571428571 
711.0 4.0476190476190474 
717.0 4.045454545454546 

621.0 4.1 
941.0 4.03125 
668.0 4.083333333333333 
846.0 4.032258064516129 
671.0 4.066666666666666 
638.0 4.090909090909091 
735.0 4.045454545454546 
785.0 4.041666666666667 
802.0 4.035714285714286 
836.0 4.0344827586206895 
682.0 4.052631578947368 
675.0 4.0588235294117645 
707.0 4.05 
711.0 4.0476190476190474 
795.0 4.04 
676.0 4.055555555555555 
798.0 4.037037037037037 
837.0 4.033333333333333 

596.0 3.125 
598.0 3.111111111111111 

620.0 4.090909090909091 
610.0 4.125 
614.0 4.111111111111111 

1000.0 4.033333333333333 
654.0 6.1 
674.0 4.1 
800.0 4.0344827586206895 
711.0 4.052631578947368 
756.0 4.05 
766.0 4.043478260869565 
777.0 4.041666666666667 
678.0 4.076923076923077 
701.0 4.0625 
794.0 4.038461538461538 
784.0 4.04 
685.0 4.071428571428571 
694.0 4.066666666666666 
757.0 4.0476190476190474 
762.0 4.045454545454546 
796.0 4.035714285714286 

642.0 4.076923076923077 
939.0 4.03125 
840.0 4.033333333333333 
935.0 4.032258064516129 
687.0 4.05 
761.0 4.0476190476190474 
673.0 4.066666666666666 
776.0 4.037037037037037 
677.0 4.0588235294117645 
823.0 4.035714285714286 
767.0 4.045454545454546 
772.0 4.038461538461538 
682.0 4.052631578947368 
828.0 4.0344827586206895 

628.0 4.1 
957.0 4.027027027027027 
679.0 4.076923076923077 
711.0 4.05 
788.0 4.043478260869565 
686.0 4.0625 
873.0 4.03030303030303 
942.0 4.029411764705882 
696.0 4.0588235294117645 
803.0 4.035714285714286 
832.0 4.0344827586206895 
705.0 4.052631578947368 
792.0 4.041666666666667 
799.0 4.037037037037037 
955.0 4.0285714285714285 
860.0 4.03125 
843.0 4.033333333333333 
850.0 4.032258064516129 

618.0 4.1 

