810.0 608.0666666666667 
861.0 94.01886792452831 
824.0 539.047619047619 
827.0 200.03225806451613 
835.0 113.02380952380952 
834.0 174.03030303030303 
831.0 200.03030303030303 
813.0 584.0666666666667 
815.0 565.0555555555555 
839.0 113.02325581395348 
818.0 541.0555555555555 
832.0 176.03225806451613 
820.0 539.05 
853.0 94.02 
843.0 108.02380952380952 
857.0 94.01960784313725 
851.0 96.02083333333333 
847.0 102.02222222222223 
849.0 100.02127659574468 
845.0 106.02272727272727 
844.0 107.02222222222223 
848.0 101.02083333333333 
