0.08547008547008547 0.16719809784745795 
0.1623931623931624 0.029972890370532853 
0.15384615384615385 0.15773093543224073 
0.28205128205128205 0.01735114866110237 
0.24786324786324787 0.017351819220760064 
0.11965811965811966 0.16719660432822037 
0.19658119658119658 0.029972056778400244 
0.13675213675213677 0.1640408860332643 
0.21367521367521367 0.02681694760501563 
0.23076923076923078 0.020507560434169885 
0.2222222222222222 0.022086275203922118 
0.47863247863247865 5.722628138195428E-7 
0.3504273504273504 0.01262177885969176 
0.4444444444444444 1.1669673066031722E-6 
0.39316239316239315 0.0031567418270417457 
0.4188034188034188 0.003156098089770361 
0.5299145299145299 0.0 
0.36752136752136755 0.00946603764628194 
