813.0 584.0666666666667 
857.0 96.02 
824.0 539.0454545454545 
826.0 204.03225806451613 
835.0 114.02380952380952 
834.0 198.02941176470588 
815.0 582.0588235294117 
818.0 541.0555555555555 
830.0 204.03125 
855.0 99.01923076923077 
820.0 539.0526315789474 
851.0 99.01960784313725 
839.0 114.02325581395348 
848.0 101.0204081632653 
842.0 111.02222222222223 
844.0 107.02173913043478 
846.0 105.02083333333333 
840.0 113.02325581395348 
832.0 200.03125 
831.0 200.03225806451613 
856.0 96.0204081632653 
