853.0 99.01923076923077 
809.0 608.0666666666667 
826.0 542.0555555555555 
828.0 200.03125 
834.0 192.02702702702703 
836.0 113.02325581395348 
813.0 608.0625 
814.0 565.0588235294117 
824.0 546.0625 
818.0 565.0555555555555 
838.0 111.02222222222223 
849.0 99.01960784313725 
842.0 108.02222222222223 
830.0 198.02941176470588 
832.0 194.02857142857144 
847.0 101.0204081632653 
845.0 105.02083333333333 
843.0 107.02173913043478 
844.0 106.02127659574468 

859.0 99.01923076923077 
810.0 584.0625 
825.0 525.0588235294117 
829.0 200.03125 
835.0 192.02777777777777 
838.0 113.02380952380952 
814.0 584.0588235294117 
815.0 541.0555555555555 
819.0 541.0526315789474 
844.0 105.02127659574468 
848.0 101.0204081632653 
851.0 99.02 
855.0 99.01960784313725 
831.0 198.03030303030303 
833.0 194.02941176470588 
840.0 111.02272727272727 
842.0 107.02222222222223 

813.0 584.0666666666667 
858.0 99.01886792452831 
824.0 539.047619047619 
828.0 200.03030303030303 
839.0 113.02272727272727 
849.0 99.01923076923077 
838.0 184.03125 
815.0 582.0588235294117 
818.0 541.0555555555555 
820.0 539.05 
842.0 111.02222222222223 
833.0 192.02631578947367 
836.0 188.02564102564102 
843.0 107.02127659574468 
830.0 198.02857142857144 
831.0 194.02777777777777 
845.0 105.0204081632653 
847.0 101.02 
837.0 186.02439024390245 

852.0 99.01923076923077 
809.0 200.03125 
818.0 113.02325581395348 
817.0 194.02857142857144 
848.0 101.0204081632653 
832.0 105.0204081632653 
828.0 105.02083333333333 
813.0 200.03030303030303 
822.0 113.02272727272727 
815.0 198.02941176470588 
824.0 111.02222222222223 
850.0 99.01960784313725 
826.0 107.02173913043478 
825.0 108.02272727272727 

809.0 560.0666666666667 
855.0 94.01923076923077 
824.0 504.0625 
828.0 176.03125 
832.0 170.02857142857144 
836.0 108.02325581395348 
813.0 560.0625 
814.0 517.0588235294117 
818.0 517.0555555555555 
840.0 102.02173913043478 
844.0 102.02127659574468 
851.0 94.01960784313725 
845.0 96.0204081632653 
848.0 96.02 

857.0 99.01923076923077 
813.0 584.0625 
830.0 523.0526315789474 
832.0 200.03125 
840.0 113.02380952380952 
839.0 192.02702702702703 
815.0 582.0588235294117 
818.0 541.0555555555555 
824.0 539.05 
828.0 525.0588235294117 
820.0 539.0526315789474 
853.0 99.01960784313725 
843.0 113.02325581395348 
834.0 198.02941176470588 
837.0 194.02777777777777 
845.0 111.02222222222223 
847.0 107.02173913043478 
849.0 105.02083333333333 
851.0 101.0204081632653 
833.0 200.03030303030303 

810.0 608.0666666666667 
861.0 94.01886792452831 
824.0 539.047619047619 
827.0 200.03225806451613 
835.0 113.02380952380952 
834.0 174.03030303030303 
831.0 200.03030303030303 
813.0 584.0666666666667 
815.0 565.0555555555555 
839.0 113.02325581395348 
818.0 541.0555555555555 
832.0 176.03225806451613 
820.0 539.05 
853.0 94.02 
843.0 108.02380952380952 
857.0 94.01960784313725 
851.0 96.02083333333333 
847.0 102.02222222222223 
849.0 100.02127659574468 
845.0 106.02272727272727 
844.0 107.02222222222223 
848.0 101.02083333333333 

813.0 608.0666666666667 
855.0 94.01923076923077 
824.0 176.03125 
821.0 517.0588235294117 
834.0 163.03225806451613 
816.0 560.0666666666667 
820.0 560.0625 
836.0 108.02325581395348 
846.0 100.0204081632653 
830.0 168.02702702702703 
842.0 100.02083333333333 
851.0 94.01960784313725 
849.0 96.0204081632653 
826.0 174.02941176470588 
828.0 170.02857142857144 
838.0 106.02222222222223 
840.0 102.02173913043478 

809.0 584.0714285714286 
856.0 99.01923076923077 
828.0 525.0588235294117 
829.0 200.03125 
839.0 184.03225806451613 
840.0 113.02325581395348 
813.0 584.0625 
814.0 541.0588235294117 
824.0 525.0625 
818.0 541.0555555555555 
852.0 99.01960784313725 
842.0 111.02272727272727 
844.0 107.02173913043478 
831.0 198.02941176470588 
833.0 194.02857142857144 
846.0 105.02083333333333 
835.0 192.02702702702703 
837.0 188.02702702702703 
848.0 101.02083333333333 
850.0 99.02 

813.0 584.0666666666667 
857.0 96.02 
824.0 539.0454545454545 
826.0 204.03225806451613 
835.0 114.02380952380952 
834.0 198.02941176470588 
815.0 582.0588235294117 
818.0 541.0555555555555 
830.0 204.03125 
855.0 99.01923076923077 
820.0 539.0526315789474 
851.0 99.01960784313725 
839.0 114.02325581395348 
848.0 101.0204081632653 
842.0 111.02222222222223 
844.0 107.02173913043478 
846.0 105.02083333333333 
840.0 113.02325581395348 
832.0 200.03125 
831.0 200.03225806451613 
856.0 96.0204081632653 

