0.46153846153846156 0.007886353837291945 
0.08547008547008547 0.8107337319443589 
0.23076923076923078 0.7066238912021932 
0.24786324786324787 0.16719809784745795 
0.29914529914529914 0.154574187039801 
0.3162393162393162 0.029972890370532853 
0.11965811965811966 0.8107271604597135 
0.1282051282051282 0.7429036405503967 
0.21367521367521367 0.7129434689361847 
0.1623931623931624 0.7428984864447925 
0.3333333333333333 0.02681694760501563 
0.42735042735042733 0.007886948541784728 
0.36752136752136755 0.022085478660328752 
0.26495726495726496 0.1640408860332643 
0.28205128205128205 0.15773093543224073 
0.41025641025641024 0.011042523401519871 
0.39316239316239315 0.017351819220760064 
0.37606837606837606 0.020507560434169885 
0.38461538461538464 0.01892967462976691 

0.5128205128205128 0.007886353837291945 
0.09401709401709402 0.7728754089022184 
0.2222222222222222 0.6798173879545717 
0.2564102564102564 0.16719809784745795 
0.3076923076923077 0.15457537109108843 
0.3333333333333333 0.02997376365752892 
0.1282051282051282 0.7728696105334136 
0.13675213675213677 0.7050467348872975 
0.17094017094017094 0.7050421233191254 
0.38461538461538464 0.017352518314871283 
0.4188034188034188 0.011042523401519871 
0.4444444444444444 0.007887567034457236 
0.47863247863247865 0.007886948541784728 
0.27350427350427353 0.1640422916984291 
0.2905982905982906 0.15773226077368183 
0.3504273504273504 0.026817744148608994 
0.36752136752136755 0.020508322345433126 

0.11965811965811966 0.772881980386864 
0.5042735042735043 0.007885781574478124 
0.21367521367521367 0.701879905143896 
0.24786324786324787 0.16719660432822037 
0.3418803418803419 0.029972056778400244 
0.42735042735042733 0.007886353837291945 
0.3333333333333333 0.14196359680912796 
0.13675213675213677 0.7697152979036224 
0.1623931623931624 0.7050467348872975 
0.1794871794871795 0.7018836602779791 
0.36752136752136755 0.02681694760501563 
0.2905982905982906 0.15457306530700232 
0.3162393162393162 0.1482633758393801 
0.37606837606837606 0.020506830944662536 
0.26495726495726496 0.16403956069182324 
0.27350427350427353 0.1577296837208797 
0.39316239316239315 0.01735114866110237 
0.41025641025641024 0.011041879664248485 
0.3247863247863248 0.1451070905312713 

0.452991452991453 0.007886353837291945 
0.08547008547008547 0.16719809784745795 
0.1623931623931624 0.029972890370532853 
0.15384615384615385 0.15773093543224073 
0.4188034188034188 0.011042523401519871 
0.28205128205128205 0.01735114866110237 
0.24786324786324787 0.017351819220760064 
0.11965811965811966 0.16719660432822037 
0.19658119658119658 0.029972056778400244 
0.13675213675213677 0.1640408860332643 
0.21367521367521367 0.02681694760501563 
0.4358974358974359 0.007886948541784728 
0.23076923076923078 0.020507560434169885 
0.2222222222222222 0.022086275203922118 

0.08547008547008547 0.735030228829369 
0.47863247863247865 5.722628138195428E-7 
0.21367521367521367 0.6467029037105685 
0.24786324786324787 0.12934634628996294 
0.28205128205128205 0.11987918387474575 
0.3162393162393162 0.02208710879605473 
0.11965811965811966 0.7350236573447234 
0.1282051282051282 0.6672001374354067 
0.1623931623931624 0.6671949833298025 
0.3504273504273504 0.01262177885969176 
0.38461538461538464 0.01262104937018441 
0.4444444444444444 1.1669673066031722E-6 
0.39316239316239315 0.0031567418270417457 
0.4188034188034188 0.003156098089770361 

0.49572649572649574 0.007886353837291945 
0.11965811965811966 0.7728754089022184 
0.26495726495726496 0.6766533096510041 
0.28205128205128205 0.16719809784745795 
0.3504273504273504 0.02997376365752892 
0.3418803418803419 0.154574187039801 
0.13675213675213677 0.7697152979036224 
0.1623931623931624 0.7050467348872975 
0.21367521367521367 0.7018836602779791 
0.24786324786324787 0.6798173879545717 
0.1794871794871795 0.7018878106893341 
0.46153846153846156 0.007886948541784728 
0.37606837606837606 0.029972890370532853 
0.29914529914529914 0.1640408860332643 
0.3247863247863248 0.1577296837208797 
0.39316239316239315 0.02681694760501563 
0.41025641025641024 0.020507560434169885 
0.42735042735042733 0.017351819220760064 
0.4444444444444444 0.011042523401519871 
0.2905982905982906 0.16719660432822037 

0.09401709401709402 0.8107337319443589 
0.5299145299145299 0.0 
0.21367521367521367 0.701879905143896 
0.23931623931623933 0.16719968772277538 
0.3076923076923077 0.02997376365752892 
0.29914529914529914 0.12619054014093412 
0.27350427350427353 0.16719660432822037 
0.11965811965811966 0.772881980386864 
0.13675213675213677 0.7428984864447925 
0.3418803418803419 0.029972890370532853 
0.1623931623931624 0.7050467348872975 
0.28205128205128205 0.12934793616528037 
0.1794871794871795 0.7018836602779791 
0.46153846153846156 1.785459979110698E-6 
0.37606837606837606 0.022087982083050794 
0.49572649572649574 1.1669673066031722E-6 
0.4444444444444444 0.0031574123866994395 
0.41025641025641024 0.012622540770955003 
0.42735042735042733 0.00946673674039316 
0.39316239316239315 0.018931962574130868 
0.38461538461538464 0.020508322345433126 
0.4188034188034188 0.011043193961177564 

0.11965811965811966 0.8107337319443589 
0.47863247863247865 5.722628138195428E-7 
0.21367521367521367 0.12934634628996294 
0.18803418803418803 0.6672001374354067 
0.29914529914529914 0.10884490407163726 
0.1452991452991453 0.735030228829369 
0.1794871794871795 0.7350236573447234 
0.3162393162393162 0.02208710879605473 
0.4017094017094017 0.009465367086624247 
0.26495726495726496 0.116722435482306 
0.36752136752136755 0.00946603764628194 
0.4444444444444444 1.1669673066031722E-6 
0.42735042735042733 0.0031567418270417457 
0.23076923076923078 0.12618913447576932 
0.24786324786324787 0.11987918387474575 
0.3333333333333333 0.018931166030537502 
0.3504273504273504 0.01262177885969176 

0.08547008547008547 0.77288949065503 
0.48717948717948717 0.007886353837291945 
0.24786324786324787 0.6798173879545717 
0.2564102564102564 0.16719809784745795 
0.3418803418803419 0.14196518668444538 
0.3504273504273504 0.029972890370532853 
0.11965811965811966 0.7728754089022184 
0.1282051282051282 0.7050518889929017 
0.21367521367521367 0.6798231863233766 
0.1623931623931624 0.7050467348872975 
0.452991452991453 0.007886948541784728 
0.36752136752136755 0.026817744148608994 
0.38461538461538464 0.020507560434169885 
0.27350427350427353 0.1640408860332643 
0.2905982905982906 0.15773093543224073 
0.4017094017094017 0.017351819220760064 
0.3076923076923077 0.154574187039801 
0.3247863247863248 0.1482655617802185 
0.4188034188034188 0.011043193961177564 
0.4358974358974359 0.007887567034457236 

0.11965811965811966 0.772881980386864 
0.49572649572649574 0.003156098089770361 
0.21367521367521367 0.7018764913856387 
0.23076923076923078 0.1735083129823579 
0.3076923076923077 0.03155091997242455 
0.29914529914529914 0.1640408860332643 
0.13675213675213677 0.7697152979036224 
0.1623931623931624 0.7050467348872975 
0.26495726495726496 0.17350672310704043 
0.47863247863247865 0.007886353837291945 
0.1794871794871795 0.7018878106893341 
0.4444444444444444 0.007886948541784728 
0.3418803418803419 0.031550046685428476 
0.4188034188034188 0.011042523401519871 
0.36752136752136755 0.02681694760501563 
0.38461538461538464 0.020507560434169885 
0.4017094017094017 0.017351819220760064 
0.3504273504273504 0.029972890370532853 
0.28205128205128205 0.16719809784745795 
0.27350427350427353 0.16719968772277538 
0.48717948717948717 0.0031567418270417457 

