834.0 274.03846153846155 
843.0 136.02631578947367 
841.0 138.02777777777777 
860.0 101.01960784313725 
776.0 1158.0833333333333 
846.0 130.02325581395348 
778.0 1156.0714285714287 
850.0 113.02272727272727 
852.0 109.02222222222223 
854.0 107.02127659574468 
856.0 103.02083333333333 
858.0 101.02 
815.0 753.0833333333334 
840.0 266.03225806451616 
817.0 708.0769230769231 
845.0 132.02564102564102 
787.0 1142.090909090909 
790.0 1128.076923076923 
791.0 1098.0833333333333 
788.0 1134.0833333333333 
838.0 268.0344827586207 
848.0 115.02380952380952 
793.0 1081.076923076923 
797.0 1067.0666666666666 
795.0 1075.0714285714287 
