0.42028985507246375 0.1132277307469649 
0.4855072463768116 0.02290943486042291 
0.47101449275362317 0.02421923723386106 
0.6086956521739131 2.467657645022506E-7 
0.0 0.6917668576798195 
0.5072463768115942 0.01898089549780912 
0.014492753623188406 0.6904502213171638 
0.5362318840579711 0.007855361881320645 
0.5507246376811594 0.005237340134855844 
0.5652173913043478 0.0039278756803738995 
0.5797101449275363 0.001309894369446839 
0.5942028985507246 5.034021595897992E-7 
0.2826086956521739 0.4267256206529126 
0.463768115942029 0.10798828859233872 
0.2971014492753623 0.39727239929859304 
0.5 0.020291302049685787 
0.07971014492753623 0.6813010505087794 
0.10144927536231885 0.6721299784376076 
0.10869565217391304 0.6525014892313888 
0.08695652173913043 0.6760607103004472 
0.4492753623188406 0.10929859009784808 
0.5217391304347826 0.009164915746059973 
0.12318840579710146 0.6413721064863369 
0.15217391304347827 0.6322034751529084 
0.13768115942028986 0.6374419739117825 
