907.0 103.02 
811.0 1117.0714285714287 
834.0 274.03846153846155 
815.0 1073.0666666666666 
843.0 136.02631578947367 
893.0 118.025 
841.0 138.02777777777777 
813.0 1111.0666666666666 
895.0 116.02380952380952 
897.0 112.02325581395348 
899.0 110.02222222222223 
901.0 106.02173913043478 
903.0 104.02083333333333 
905.0 104.0204081632653 

907.0 103.02 
818.0 1071.0833333333333 
875.0 565.0370370370371 
896.0 113.02325581395348 
827.0 764.0714285714286 
839.0 685.0526315789474 
822.0 1063.0666666666666 
866.0 618.047619047619 
837.0 730.0555555555555 
868.0 616.0434782608696 
869.0 573.0434782608696 
831.0 736.0769230769231 
833.0 734.0666666666667 
820.0 1065.076923076923 
901.0 110.02173913043478 
903.0 104.02083333333333 
871.0 571.0416666666666 
873.0 567.04 
899.0 110.02222222222223 
905.0 104.0204081632653 
897.0 112.02325581395348 

860.0 101.01960784313725 
776.0 1158.0833333333333 
810.0 1077.0666666666666 
846.0 130.02325581395348 
796.0 1147.0625 
778.0 1156.0714285714287 
805.0 1133.076923076923 
850.0 113.02272727272727 
852.0 109.02222222222223 
854.0 107.02127659574468 
856.0 103.02083333333333 
858.0 101.02 

907.0 103.02 
815.0 753.0833333333334 
835.0 664.0666666666667 
840.0 266.03225806451616 
895.0 116.02380952380952 
847.0 130.02439024390245 
817.0 708.0769230769231 
845.0 132.02564102564102 
897.0 112.02325581395348 
899.0 110.02222222222223 
901.0 106.02173913043478 
903.0 104.02083333333333 
905.0 104.0204081632653 

858.0 101.02 
787.0 1142.090909090909 
811.0 1089.0666666666666 
844.0 152.02631578947367 
793.0 1092.076923076923 
809.0 1089.0714285714287 
846.0 130.02325581395348 
790.0 1128.076923076923 
850.0 113.02272727272727 
791.0 1098.0833333333333 
854.0 107.02127659574468 
788.0 1134.0833333333333 
856.0 107.02083333333333 

907.0 103.02 
795.0 1242.090909090909 
838.0 268.0344827586207 
824.0 1138.05 
849.0 128.02380952380952 
901.0 106.02173913043478 
842.0 264.03125 
845.0 132.02564102564102 
807.0 1147.0555555555557 
820.0 1142.0588235294117 
797.0 1225.0833333333333 
799.0 1170.0833333333333 
801.0 1153.076923076923 
803.0 1151.0666666666666 
805.0 1149.0625 
822.0 1140.0555555555557 
903.0 104.02083333333333 
905.0 104.0204081632653 

911.0 103.0204081632653 
846.0 137.02702702702703 
852.0 109.02222222222223 
900.0 104.02083333333333 
848.0 115.02380952380952 
905.0 104.0204081632653 

860.0 101.01960784313725 
793.0 1081.076923076923 
837.0 1058.047619047619 
848.0 115.02380952380952 
797.0 1067.0666666666666 
818.0 1063.0555555555557 
820.0 1061.05 
835.0 1060.0526315789473 
795.0 1075.0714285714287 
850.0 113.02272727272727 
852.0 109.02222222222223 
854.0 107.02127659574468 
856.0 103.02083333333333 
858.0 101.02 

860.0 101.01960784313725 
805.0 1133.076923076923 
811.0 1081.0666666666666 
844.0 152.02631578947367 
809.0 1089.0714285714287 
846.0 130.02325581395348 
848.0 115.02380952380952 
850.0 113.02272727272727 
852.0 109.02222222222223 
854.0 107.02127659574468 
856.0 103.02083333333333 
858.0 101.02 

907.0 103.02 
808.0 1519.076923076923 
843.0 138.02702702702703 
828.0 1506.0526315789473 
829.0 772.0833333333334 
895.0 118.02439024390245 
835.0 678.0714285714286 
816.0 1509.0555555555557 
826.0 1506.0555555555557 
831.0 770.0714285714286 
833.0 723.0769230769231 
810.0 1519.0714285714287 
812.0 1515.0625 
814.0 1509.0588235294117 
897.0 112.02325581395348 
899.0 110.02222222222223 
901.0 106.02173913043478 
903.0 104.02083333333333 
905.0 104.0204081632653 

