0.13493530499075784 0.34977578475336313 
0.1866913123844732 0.3408071748878923 
0.28650646950092423 0.3318385650224215 
0.24399260628465805 0.33408071748878926 
0.24029574861367836 0.3354260089686098 
0.2809611829944547 0.33289369559482984 
0.1256931608133087 1.0 
0.35304990757855825 0.3308945008260561 
0.21626617375231053 0.33873749568816824 
0.1423290203327172 0.3461883408071748 
0.45471349353049906 0.3268161434977579 
0.4066543438077634 0.3292761050608584 
0.43068391866913125 0.3273542600896862 
