750.0 4.055555555555555 
680.0 4.111111111111111 
697.0 4.083333333333333 
741.0 4.076923076923077 
744.0 4.0625 
742.0 4.071428571428571 

667.0 4.111111111111111 
862.0 4.05 
829.0 4.055555555555555 
706.0 4.1 
714.0 4.090909090909091 
752.0 4.083333333333333 
790.0 4.066666666666666 
772.0 4.076923076923077 
807.0 4.0625 
781.0 4.071428571428571 
818.0 4.0588235294117645 

964.0 4.041666666666667 
695.0 4.083333333333333 
749.0 4.055555555555555 
732.0 4.076923076923077 
835.0 4.052631578947368 
896.0 4.045454545454546 
949.0 4.043478260869565 
856.0 4.0476190476190474 
836.0 4.05 

703.0 4.090909090909091 
687.0 4.111111111111111 
696.0 4.1 

672.0 4.125 
860.0 4.0476190476190474 
774.0 4.055555555555555 
856.0 4.05 
677.0 4.1 
720.0 4.083333333333333 
726.0 4.0625 
724.0 4.066666666666666 
746.0 4.0588235294117645 
674.0 4.111111111111111 
722.0 4.076923076923077 

670.0 4.111111111111111 
753.0 4.0625 
700.0 4.083333333333333 
678.0 4.1 
730.0 4.076923076923077 
735.0 4.071428571428571 
746.0 4.066666666666666 

662.0 6.125 
785.0 4.052631578947368 
673.0 4.125 
711.0 4.076923076923077 
776.0 4.066666666666666 
680.0 4.1 
700.0 4.083333333333333 
675.0 4.111111111111111 
784.0 4.055555555555555 
780.0 4.0588235294117645 
778.0 4.0625 

682.0 6.125 
1011.0 4.041666666666667 
696.0 4.111111111111111 
851.0 4.043478260869565 
811.0 4.0588235294117645 
770.0 4.0625 
732.0 4.076923076923077 
700.0 4.1 
726.0 4.083333333333333 
753.0 4.071428571428571 
829.0 4.052631578947368 
768.0 4.066666666666666 
838.0 4.05 

671.0 4.1 
669.0 4.125 

686.0 4.111111111111111 
840.0 4.04 
765.0 4.076923076923077 
712.0 4.090909090909091 
801.0 4.052631578947368 
743.0 4.083333333333333 
708.0 4.1 
814.0 4.0476190476190474 
827.0 4.041666666666667 

