1311.0 4.045454545454546 
912.0 4.111111111111111 
1169.0 4.0476190476190474 
914.0 4.090909090909091 
993.0 4.071428571428571 
1015.0 4.055555555555555 
1088.0 4.05 
913.0 4.1 
1004.0 4.0625 

1370.0 4.043478260869565 
935.0 4.1 
1161.0 4.0588235294117645 
1209.0 4.045454545454546 
1208.0 4.05 
1182.0 4.055555555555555 
1194.0 4.052631578947368 

947.0 4.1 

946.0 4.1 

956.0 4.1 
1465.0 4.038461538461538 
1110.0 4.0476190476190474 
1217.0 4.045454545454546 
1259.0 4.041666666666667 
1365.0 4.04 
1031.0 4.055555555555555 
989.0 4.071428571428571 
1102.0 4.052631578947368 
1001.0 4.0625 
957.0 4.090909090909091 
969.0 4.076923076923077 
960.0 4.083333333333333 
1230.0 4.043478260869565 
1018.0 4.0588235294117645 
1108.0 4.05 

1431.0 4.0344827586206895 
948.0 4.090909090909091 
1222.0 4.0625 
1305.0 4.04 
1285.0 4.05 
1384.0 4.038461538461538 
1233.0 4.052631578947368 
1292.0 4.043478260869565 
1224.0 4.0588235294117645 
1231.0 4.055555555555555 
1413.0 4.035714285714286 
1396.0 4.037037037037037 

966.0 4.111111111111111 
1313.0 4.03125 
1027.0 4.0625 
1254.0 4.037037037037037 
1152.0 4.041666666666667 
1056.0 4.0476190476190474 
1106.0 4.043478260869565 
1029.0 4.0588235294117645 
1066.0 4.045454545454546 
1269.0 4.033333333333333 
1290.0 4.032258064516129 

952.0 3.111111111111111 
1307.0 3.0416666666666665 
1011.0 3.0555555555555554 
1184.0 3.0526315789473686 
976.0 3.076923076923077 
1205.0 3.0454545454545454 
991.0 3.0625 
980.0 3.0714285714285716 
1007.0 3.0588235294117645 
987.0 3.066666666666667 
1193.0 3.05 
1196.0 3.0476190476190474 

960.0 4.1 
1343.0 4.041666666666667 
1204.0 4.043478260869565 
1053.0 4.066666666666666 
994.0 4.083333333333333 
1191.0 4.0476190476190474 
1096.0 4.0625 
967.0 4.090909090909091 
1128.0 4.05 
1098.0 4.055555555555555 
1113.0 4.052631578947368 

939.0 4.111111111111111 
1392.0 4.03125 
1115.0 4.076923076923077 
1229.0 4.066666666666666 
1297.0 4.037037037037037 
1357.0 4.035714285714286 
1238.0 4.0588235294117645 
1269.0 4.055555555555555 
1288.0 4.045454545454546 
1278.0 4.05 

