--- 0.0 0.0 ---
0.9655450778522366
0.9641645085932223
1.0590390788470223
0.9893145770950984
1.0241871294303306
1.0380407060917567
1.037949447890819
1.0390474967656076
1.0447626128176777
0.9639268265265034
0.9666675656702302
1.0228094090545234
0.9766084480244159
0.9871590732911112
0.9783819692951491
0.9855943947966366
1.215056481474158
0.9624319488674414
1.102305430023522
0.9728515110187881
0.9768320681738674
0.9469842711747395
1.2872577471231337
1.2654097772498112
1.2851164675808924
1.144832757258511
0.959509699425909
1.0909055511956214
0.9615343944578398
0.9596518612625629
0.9535063155528396
0.9415947073706635
0.9479080098526316
0.943025189888348
1.2339732133558114
0.9564930236593931
0.970006273839732
0.9664809163394334
0.9717288383871443
0.9541395368836959
0.9722536544971684
0.954289188659644
0.9556479099506641
0.9520415139918121
0.9617937633591856
0.9611388156921461
0.9712290156424499
0.9608563600955701
1.0558296290615028
1.0395700303073552
1.0394974625722586
1.0478010556386068
1.0480047572503834
1.0539758218595463
0.929492119329174
0.9536400241994966
0.9345366829135437
0.9469346454544018
0.9549740128448342
0.9726742201096519
1.1409415945653187
1.0219588484495192
0.9684491408235695
0.9658718766417592
1.0050241109046598
0.98537753747009
0.8033475073713013
0.7085810942201362
0.750351112509408
0.7935853490409712
0.7210678711551093
0.7127163813901901
0.10203728283745127
0.21450011670710678
0.148273258851975
0.16101729960601058
0.18648087587888615
0.7379083106085406
0.3476471447638245
0.5608529190680877
0.23080787852133122
0.19813111244347512
0.9618668805198561
0.9471321539222148
0.9538326656769747
0.9717288383871443
0.9537021390282852
0.9618102543049606
0.10541564251841333
0.5678241666439552
0.15711021317901033
0.3968309054642843
0.11550917344268535
0.4257530724589039
0.1311356735541122
0.11886489083110717
0.15215983670570374
0.1267737603540664
0.4092283820783634
0.413299681252298
0.3865981436438514
0.15965244553287714
0.2389520873606107
0.32953622547772654
0.12452856670893349
0.26911778076926796
0.307783638213217
0.15610360157903264
0.31317273202781226
0.3199915964101258
0.3240560833273166
0.8563458856345886
0.5007147384125051
0.6122736591158393
0.5202341005150397
0.5509127991913565
0.5815912812982545
0.5704355633017867
0.05842026825633381
0.051939819902503036
0.9554749593477854
0.9487993719811213
1.125139643555577
1.1181334541785952
1.267357448529126
1.2547865765050543
0.9901793263416514
0.9868234571201038
0.9901011092647324
1.0088051029660512
1.1149106372827173
1.0176304241546357
1.0872799955487282
0.9989603517734288
0.9618102543049606
0.9498238977572674
1.0506504843146278
0.9973940962673142
0.9893184007110389
0.9812341691326874
0.9801532979348025
0.9788019214064387
1.0269240927058134
0.9635783197528175
0.9523107952717526
0.9600743921282663
0.9395188749623022
0.9441229445862069
0.9408972264413872
0.9410723770240007
1.114151260554658
0.9840648234741952
0.9497122781172163
0.9536746037817052
0.9716657802346697
0.961761714895732
0.9552769388207921
0.9559479942052465
0.9459917275277606
0.9526032822973735
0.9578880064336778
0.9561665410870313
0.9544107387521208
0.9535362531772401
0.9553040264696796
0.9572902169017159
0.6011551909994988
0.5163437064843288
0.5704872536322461
0.5288324164525804
0.5454484805136638
0.5565788340236302
0.5371511148328277
0.5440848769855662
0.5635309912909188
0.9722611663663611
1.0429621886328881
1.1328130223470563
1.084101217798608
1.1072589427144703
1.1083637426701909
0.9473631745012667
0.9548976259647092
0.9726742201096519
1.0809973642363004
0.995903865718504
1.0274009228250764
1.0223952641638705
1.0604377576110737
1.0614143220676424
0.9651850795461899
0.9647225925660787
0.9851802957600903
0.9037665418417521
0.5091121111611082
0.829857074554385
0.5453599172389634
0.8340328763156248
0.8312454214254955
0.06906463293389263
0.07613004420045452
0.07202489947700501
0.5050851778737953
0.3006521584906486
0.3993690393298557
0.18635942209944645
0.2532045927790418
0.463379947083563
0.2957767558227665
0.48283029143799483
0.18180649324171172
0.29827538943129583
0.9418524572992302
0.971809907142354
0.9541395368836959
1.1966479434726611
1.0002187987264315
1.0816177269479368
1.1401820735155106
1.0374773265690582
0.9912027009012614
1.045718836406735
1.1503640159263029
0.9514047213043857
0.9722330621814061
0.9581514364848845
0.9635401345332194
1.0739274014366833
1.0505755159241421
1.004967520452502
1.023153536497164
1.0258921872144127
0.959071437484234
0.9634476142106967
1.1461733609315592
1.1322723509732853
0.9679308599951186
0.9731498812257637
1.1279189295026066
0.9748860318318656
0.9711124945669206
0.9801600199872279
1.1649859339033226
1.0322412684865405
