1009.0 4.090909090909091
950.0 4.1
1280.0 4.05
1119.0 4.076923076923077
1198.0 4.071428571428571
1228.0 4.066666666666666
1242.0 4.055555555555555
1235.0 4.0625
1256.0 4.052631578947368
1030.0 4.083333333333333
1014.0 4.090909090909091
1225.0 4.05
1118.0 4.0625
1158.0 4.052631578947368
1129.0 4.0588235294117645
1150.0 4.055555555555555
1475.0 4.045454545454546
928.0 4.1
1341.0 4.0476190476190474
1090.0 4.071428571428571
1088.0 4.076923076923077
916.0 4.083333333333333
1557.0 4.035714285714286
1533.0 4.038461538461538
1554.0 4.037037037037037
1400.0 4.04
1112.0 4.045454545454546
1332.0 4.041666666666667
1096.0 4.055555555555555
1108.0 4.0476190476190474
902.0 4.090909090909091
1014.0 4.0625
982.0 4.076923076923077
1004.0 4.066666666666666
1503.0 4.0344827586206895
1023.0 4.076923076923077
1127.0 4.05
1114.0 4.052631578947368
912.0 4.111111111111111
925.0 4.090909090909091
1140.0 4.045454545454546
986.0 4.083333333333333
1038.0 4.071428571428571
1040.0 4.066666666666666
1081.0 4.0625
1095.0 4.055555555555555
1134.0 4.0476190476190474
1087.0 4.0588235294117645
1291.0 4.035714285714286
1259.0 4.043478260869565
1261.0 4.041666666666667
1275.0 4.04
1277.0 4.038461538461538
1287.0 4.037037037037037
967.0 4.0588235294117645
1088.0 4.05
1010.0 4.055555555555555
1063.0 4.052631578947368
938.0 4.090909090909091
933.0 4.111111111111111
1399.0 4.035714285714286
1240.0 4.037037037037037
1128.0 4.0476190476190474
1130.0 4.043478260869565
1209.0 4.04
1172.0 4.041666666666667
1476.0 3.026315789473684
1408.0 3.037037037037037
1438.0 3.0277777777777777
1469.0 3.027027027027027
1417.0 3.0294117647058822
1411.0 3.032258064516129
967.0 3.0714285714285716
1053.0 3.05
1003.0 3.066666666666667
1013.0 3.0625
1032.0 3.0588235294117645
1429.0 3.04
1149.0 3.0434782608695654
1302.0 3.0416666666666665
1065.0 3.0454545454545454
1041.0 3.0526315789473686
915.0 4.1
920.0 4.083333333333333
918.0 4.090909090909091
912.0 4.111111111111111
914.0 4.090909090909091
913.0 4.1
952.0 3.111111111111111
1307.0 3.0416666666666665
1011.0 3.0555555555555554
1184.0 3.0526315789473686
976.0 3.076923076923077
1205.0 3.0454545454545454
991.0 3.0625
980.0 3.0714285714285716
1007.0 3.0588235294117645
987.0 3.066666666666667
1193.0 3.05
1196.0 3.0476190476190474
1177.0 3.0416666666666665
1012.0 3.0625
1070.0 3.0588235294117645
1136.0 3.0434782608695654
983.0 3.076923076923077
1092.0 3.0555555555555554
1120.0 3.0526315789473686
1008.0 3.0714285714285716
1124.0 3.05
1129.0 3.0476190476190474
1132.0 3.0454545454545454
1514.0 3.0256410256410255
1259.0 3.0303030303030303
1339.0 3.026315789473684
1273.0 3.0294117647058822
1295.0 3.0285714285714285
1317.0 3.027027027027027
1309.0 3.0277777777777777
900.0 3.090909090909091
904.0 3.0833333333333335
944.0 4.090909090909091
945.0 4.083333333333333
1375.0 4.041666666666667
1363.0 4.045454545454546
1535.0 4.038461538461538
1521.0 4.04
1121.0 4.076923076923077
1124.0 4.071428571428571
1140.0 4.066666666666666
1189.0 4.0588235294117645
1357.0 4.0476190476190474
1213.0 4.052631578947368
1319.0 4.05
1165.0 4.0625
913.0 4.1
955.0 4.083333333333333
1273.0 4.045454545454546
1173.0 4.055555555555555
1152.0 4.0588235294117645
1111.0 4.071428571428571
1118.0 4.066666666666666
1123.0 4.0625
1242.0 4.041666666666667
1125.0 4.043478260869565
1005.0 4.076923076923077
1109.0 4.0476190476190474
1030.0 4.055555555555555
1009.0 4.066666666666666
1011.0 4.0625
1025.0 4.0588235294117645
1363.0 4.04
907.0 4.125
954.0 4.083333333333333
913.0 4.090909090909091
909.0 4.111111111111111
911.0 4.1
1106.0 4.043478260869565
995.0 4.083333333333333
998.0 4.071428571428571
1054.0 4.0625
1079.0 4.0588235294117645
1082.0 4.055555555555555
1090.0 4.05
1093.0 4.0476190476190474
1102.0 4.045454545454546
961.0 4.090909090909091
1331.0 3.033333333333333
1270.0 3.0454545454545454
1309.0 3.0344827586206895
1279.0 3.0434782608695654
1291.0 3.0384615384615383
1299.0 3.037037037037037
1285.0 3.0416666666666665
1290.0 3.04
1304.0 3.0357142857142856
926.0 4.111111111111111
1268.0 4.04
1377.0 4.05
1286.0 4.076923076923077
1333.0 4.0625
1344.0 4.052631578947368
925.0 4.083333333333333
937.0 4.090909090909091
933.0 4.111111111111111
1319.0 4.041666666666667
1165.0 4.0588235294117645
1229.0 4.052631578947368
1217.0 4.055555555555555
1282.0 4.05
1286.0 4.0476190476190474
1054.0 4.076923076923077
1033.0 4.083333333333333
1137.0 4.0625
1548.0 3.027027027027027
1265.0 3.033333333333333
1495.0 3.0303030303030303
1291.0 3.032258064516129
1498.0 3.0277777777777777
1496.0 3.0285714285714285
937.0 3.076923076923077
935.0 3.090909090909091
936.0 3.0833333333333335
1262.0 3.0416666666666665
1115.0 3.05
1186.0 3.0476190476190474
1031.0 3.066666666666667
1080.0 3.0625
1232.0 3.0454545454545454
1111.0 3.0588235294117645
1246.0 3.0434782608695654
1027.0 3.0714285714285716
1113.0 3.0555555555555554
929.0 4.076923076923077
915.0 4.111111111111111
925.0 4.090909090909091
1463.0 4.0344827586206895
1196.0 4.043478260869565
1323.0 4.038461538461538
1397.0 4.037037037037037
1258.0 4.041666666666667
1170.0 4.05
1272.0 4.04
1410.0 4.035714285714286
1022.0 4.071428571428571
1127.0 4.052631578947368
1060.0 4.066666666666666
1101.0 4.055555555555555
1295.0 4.055555555555555
1253.0 4.0625
1153.0 4.076923076923077
1203.0 4.066666666666666
1201.0 4.071428571428571
1010.0 4.083333333333333
999.0 4.090909090909091
1397.0 4.045454545454546
1374.0 4.052631578947368
979.0 4.1
1007.0 4.1
1371.0 4.05
1114.0 4.0625
1032.0 4.090909090909091
1082.0 4.083333333333333
1419.0 4.045454545454546
1233.0 4.055555555555555
