0.0 1.0 
0.4444444444444444 0.023006134969325277 
0.3333333333333333 0.0315512708150748 
0.1111111111111111 0.9800613496932514 
0.08333333333333333 0.9886064855390009 

0.0 0.9886064855390009 
0.4444444444444444 0.023006134969325277 
0.2222222222222222 0.9800613496932514 
0.3333333333333333 0.0315512708150748 

0.3333333333333333 0.0315512708150748 
0.4444444444444444 0.023006134969325277 

0.0 0.9800613496932514 
0.3333333333333333 0.023006134969325277 
0.16666666666666666 0.973415132924335 

0.0 0.9886064855390009 
0.7777777777777778 0.01104294478527603 
0.3333333333333333 0.0315512708150748 
0.5555555555555556 0.023006134969325277 
0.6111111111111112 0.016359918200408937 

0.3333333333333333 0.023006134969325277 
0.5555555555555556 0.016359918200408937 

0.3333333333333333 0.0315512708150748 
0.4444444444444444 0.023006134969325277 

0.05555555555555555 1.0 
0.7777777777777778 0.016359918200408937 
0.3333333333333333 0.023006134969325277 
0.16666666666666666 0.9886064855390009 

0.3333333333333333 0.023006134969325277 
0.5555555555555556 0.016359918200408937 

0.3333333333333333 0.0315512708150748 
0.4444444444444444 0.023006134969325277 

