0.06382978723404255 0.5048475306595955 
0.776595744680851 0.49604513815650697 
0.07446808510638298 0.5022235112142304 
0.39893617021276595 0.49655674581626097 
0.5585106382978723 0.4964131824423506 
0.2765957446808511 0.4967965619067708 
0.6542553191489362 0.4961585606093769 
0.3882978723404255 0.4967130703789636 
0.09042553191489362 0.5009115014915478 
0.2074468085106383 0.4977626781571097 
0.1276595744680851 0.49804893482387697 
0.11702127659574468 0.49837212783474305 
0.22340425531914893 0.4971722737819026 
0.11170212765957446 0.49916215519463764 
0.10638297872340426 0.49992749419953586 
0.6063829787234043 0.49634570765661246 
0.2127659574468085 0.49738979118329474 
0.09574468085106383 0.5005536806580889 
0.10106382978723404 0.5002269746797133 

0.10106382978723404 0.5033715197215777 
0.7127659574468085 0.4961007991750452 
0.39893617021276595 0.49648346867749427 
0.5797872340425532 0.4964131824423506 
0.10638297872340426 0.5017401392111368 
0.1702127659574468 0.49992749419953586 
0.18085106382978725 0.4985498839907192 
0.13297872340425532 0.5002269746797133 
0.1276595744680851 0.5013051044083527 
0.26595744680851063 0.4972782437979653 
0.22872340425531915 0.497901596833629 
0.21808510638297873 0.49820548143851506 
0.35106382978723405 0.4967130703789636 
0.6276595744680851 0.49628087894090345 
0.6648936170212766 0.49621854363733725 
0.30319148936170215 0.4970714730349158 
0.3191489361702128 0.49688393676145254 
0.31382978723404253 0.49697547232350014 

0.047872340425531915 0.005800464037122842 
0.25 4.0603248259845503E-4 
0.0851063829787234 0.001691802010827581 
0.16489361702127658 0.0011317978609018174 
0.07446808510638298 0.0034579689452078196 
0.05851063829787234 0.004971826317533864 
0.1702127659574468 8.568867327568268E-4 
0.2074468085106383 7.733952049496339E-4 
0.2393617021276596 5.437935034802939E-4 

0.09042553191489362 0.5005536806580889 
0.5159574468085106 0.4959914650314881 
0.19148936170212766 0.49804893482387697 
0.10106382978723404 0.5002269746797133 
0.11170212765957446 0.49894348690752416 
0.2978723404255319 0.4971722737819026 
0.12234042553191489 0.4985498839907192 
0.20212765957446807 0.49738979118329474 
0.30319148936170215 0.49663320891758306 
0.35106382978723405 0.49634570765661246 
0.42021276595744683 0.49628087894090345 
0.2393617021276596 0.4972782437979653 
0.46808510638297873 0.4961585606093769 

0.06382978723404255 0.5033715197215777 
0.6170212765957447 0.49604513815650697 
0.0851063829787234 0.5027637505118056 
0.09042553191489362 0.5005536806580889 
0.5425531914893617 0.49621854363733725 
0.40425531914893614 0.49628087894090345 
0.18085106382978725 0.49697547232350014 
0.09574468085106383 0.5002269746797133 
0.11170212765957446 0.49894348690752416 
0.3191489361702128 0.49634570765661246 
0.13297872340425532 0.497901596833629 
0.22340425531914893 0.49688393676145254 
0.22872340425531915 0.49663320891758306 
0.11702127659574468 0.49837212783474305 
0.2712765957446808 0.49655674581626097 

0.10638297872340426 0.5027637505118056 
0.7127659574468085 0.49604513815650697 
0.17553191489361702 0.49820548143851506 
0.39361702127659576 0.4964131824423506 
0.14361702127659576 0.5002269746797133 
0.5691489361702128 0.49621854363733725 
0.13297872340425532 0.5005536806580889 
0.22340425531914893 0.4972782437979653 
0.11170212765957446 0.5022235112142304 
0.6170212765957447 0.4961007991750452 
0.2978723404255319 0.4971722737819026 
0.30851063829787234 0.49697547232350014 
0.34574468085106386 0.49688393676145254 
0.35638297872340424 0.4967130703789636 

0.0 0.006824075337791613 
0.4095744680851064 1.611240010311982E-4 
0.21808510638297873 4.0603248259845503E-4 
0.015957446808510637 0.005800464037122842 
0.026595744680851064 0.00428729950569939 
0.031914893617021274 0.003987819025521862 
0.03723404255319149 0.002800224017921473 
0.06382978723404255 0.002109259649862958 
0.09042553191489362 0.0012325986078886076 
0.17553191489361702 6.935337435690578E-4 
0.13297872340425532 8.568867327568268E-4 
0.0425531914893617 0.002265806264501078 
0.010638297872340425 0.006283836040216436 
0.11170212765957446 0.0011317978609018174 

0.06382978723404255 0.5033715197215777 
0.723404255319149 0.49634570765661246 
0.5053191489361702 0.4964131824423506 
0.32978723404255317 0.49648346867749427 
0.0851063829787234 0.5022235112142304 
0.09574468085106383 0.5002269746797133 
0.11170212765957446 0.4985498839907192 
0.09042553191489362 0.5005536806580889 
0.11702127659574468 0.49820548143851506 
0.1595744680851064 0.4971722737819026 
0.24468085106382978 0.49697547232350014 
0.16489361702127658 0.4970714730349158 
0.26063829787234044 0.4967965619067708 

0.06382978723404255 0.5022235112142304 
0.898936170212766 0.4959914650314881 
0.851063829787234 0.49634570765661246 
0.4095744680851064 0.4964131824423506 
0.09042553191489362 0.49992749419953586 
0.11702127659574468 0.49820548143851506 
0.0851063829787234 0.5017401392111368 
0.324468085106383 0.49697547232350014 
0.25 0.4970714730349158 
0.15425531914893617 0.497901596833629 
0.3882978723404255 0.49663320891758306 
0.2074468085106383 0.49750736815702 
0.2127659574468085 0.4972782437979653 

0.06382978723404255 0.5022235112142304 
0.7340425531914894 0.495939675174014 
0.3404255319148936 0.49648346867749427 
0.5638297872340425 0.49634570765661246 
0.09042553191489362 0.5002269746797133 
0.09574468085106383 0.49992749419953586 
0.11170212765957446 0.4985498839907192 
0.1595744680851064 0.49738979118329474 
0.15425531914893617 0.49820548143851506 
0.2553191489361702 0.4967965619067708 
0.6648936170212766 0.49604513815650697 
0.2074468085106383 0.4971722737819026 
0.25 0.49697547232350014 
0.6117021276595744 0.49621854363733725 
0.6595744680851063 0.4961585606093769 
0.11702127659574468 0.49837212783474305 

