123.0 14.071428571428571 
257.0 14.018181818181818 
125.0 14.055555555555555 
186.0 14.02127659574468 
216.0 14.020408163265307 
163.0 14.022727272727273 
234.0 14.018867924528301 
184.0 14.022222222222222 
128.0 14.047619047619047 
150.0 14.028571428571428 
135.0 14.030303030303031 
133.0 14.03225806451613 
153.0 14.025 
132.0 14.037037037037036 
131.0 14.041666666666666 
225.0 14.02 
151.0 14.026315789473685 
129.0 14.045454545454545 
130.0 14.043478260869565 

130.0 14.0625 
245.0 14.018518518518519 
186.0 14.020833333333334 
220.0 14.020408163265307 
131.0 14.052631578947368 
143.0 14.041666666666666 
145.0 14.033333333333333 
136.0 14.043478260869565 
135.0 14.05 
161.0 14.025641025641026 
154.0 14.029411764705882 
152.0 14.03125 
177.0 14.022222222222222 
229.0 14.019607843137255 
236.0 14.01923076923077 
168.0 14.024390243902438 
171.0 14.023255813953488 
170.0 14.023809523809524 

120.0 11.052631578947368 
158.0 11.02 
127.0 11.027777777777779 
142.0 11.024390243902438 
125.0 11.038461538461538 
122.0 11.047619047619047 
143.0 11.022727272727273 
150.0 11.022222222222222 
156.0 11.020833333333334 

128.0 14.045454545454545 
208.0 14.017857142857142 
147.0 14.030303030303031 
130.0 14.043478260869565 
132.0 14.035714285714286 
167.0 14.025 
134.0 14.033333333333333 
149.0 14.026315789473685 
168.0 14.021739130434783 
177.0 14.02 
190.0 14.019607843137255 
156.0 14.025641025641026 
199.0 14.018867924528301 

123.0 14.0625 
227.0 14.018181818181818 
127.0 14.058823529411764 
128.0 14.045454545454545 
213.0 14.01923076923077 
187.0 14.019607843137255 
145.0 14.023809523809524 
129.0 14.043478260869565 
132.0 14.035714285714286 
171.0 14.02 
136.0 14.029411764705882 
153.0 14.023255813953488 
154.0 14.021739130434783 
133.0 14.03225806451613 
162.0 14.02127659574468 

131.0 14.058823529411764 
245.0 14.018181818181818 
144.0 14.03125 
185.0 14.020408163265307 
138.0 14.043478260869565 
218.0 14.01923076923077 
136.0 14.045454545454545 
153.0 14.025641025641026 
132.0 14.055555555555555 
227.0 14.018518518518519 
167.0 14.025 
169.0 14.023809523809524 
176.0 14.023255813953488 
178.0 14.022222222222222 

111.0 11.058823529411764 
188.0 11.018518518518519 
152.0 11.02 
114.0 11.052631578947368 
116.0 11.043478260869565 
117.0 11.041666666666666 
118.0 11.03448275862069 
123.0 11.030303030303031 
128.0 11.025 
144.0 11.021739130434783 
136.0 11.022727272727273 
119.0 11.03125 
113.0 11.055555555555555 
132.0 11.024390243902438 

123.0 14.0625 
247.0 14.02 
206.0 14.020408163265307 
173.0 14.020833333333334 
127.0 14.055555555555555 
129.0 14.043478260869565 
132.0 14.033333333333333 
128.0 14.045454545454545 
133.0 14.03125 
141.0 14.025 
157.0 14.023809523809524 
142.0 14.024390243902438 
160.0 14.022727272727273 

123.0 14.055555555555555 
280.0 14.017857142857142 
271.0 14.02 
188.0 14.020408163265307 
128.0 14.041666666666666 
133.0 14.03125 
127.0 14.052631578947368 
172.0 14.023809523809524 
158.0 14.024390243902438 
140.0 14.029411764705882 
184.0 14.021739130434783 
150.0 14.027027027027026 
151.0 14.025641025641026 

123.0 14.055555555555555 
249.0 14.017543859649123 
175.0 14.020833333333334 
217.0 14.02 
128.0 14.043478260869565 
129.0 14.041666666666666 
132.0 14.033333333333333 
141.0 14.026315789473685 
140.0 14.03125 
159.0 14.022727272727273 
236.0 14.018181818181818 
150.0 14.025 
158.0 14.023809523809524 
226.0 14.01923076923077 
235.0 14.018867924528301 
133.0 14.03225806451613 

