0.03946132164108988 0.2897571018937481 
0.015032884434700909 0.7108337553726605 
0.02912621359223301 0.28976664768863053 
0.016285624804259317 0.5002983237523306 
0.01534606952709051 0.6581874891583823 
0.01973066082054494 0.28979762281896315 
0.028813028499843407 0.2897765678284101 
0.017225180081428124 0.44769461164069946 
0.017538365173817728 0.34242522967485534 
0.018477920450986535 0.2898088082826945 

0.018477920450986535 0.28979762281896315 
0.014406514249921704 0.7108337553726605 
0.015032884434700909 0.6581874891583823 
0.016285624804259317 0.5003110330328603 
0.01691199498903852 0.39506548096800903 
0.015659254619480114 0.5529546463740608 
0.017538365173817728 0.34242522967485534 
0.01816473535859693 0.2898088082826945 

0.018477920450986535 0.2898088082826945 
0.012214218603194488 0.34244905957584826 
0.017851550266207328 0.34242522967485534 

0.014406514249921704 0.28979762281896315 
0.010021922956467273 0.6582333755723875 
0.012840588787973693 0.2898088082826945 
0.011587848418415283 0.44769461164069946 
0.010648293141246476 0.6055856348817786 

0.019104290635765738 0.15826775480229247 
0.014719699342311305 0.7108337553726605 
0.015972439711869714 0.36879717150149793 
0.017225180081428124 0.21090800609544622 

0.018791105543376135 0.28979762281896315 
0.014406514249921704 0.6581735841844415 
0.01534606952709051 0.5266325307040395 
0.016285624804259317 0.44769461164069946 
0.017538365173817728 0.2898088082826945 
0.01691199498903852 0.34244905957584826 

0.011587848418415283 0.6581874891583823 
0.0278734732226746 0.2108958376353648 
0.01659880989664892 0.21090800609544622 
0.015972439711869714 0.5002983237523306 
0.012840588787973693 0.6581735841844415 
0.015659254619480114 0.5529407414001198 

0.019417475728155338 0.342414044211124 
0.011901033510804886 0.7371419660687408 
0.01534606952709051 0.5529546463740608 
0.01252740369558409 0.6845415862684678 
0.016285624804259317 0.4214135928936587 
0.017851550266207328 0.34242522967485534 
0.01691199498903852 0.36879717150149793 

0.01534606952709051 0.6581874891583823 
0.019417475728155338 0.21087299073072197 
0.01816473535859693 0.2108841761944533 
0.017538365173817728 0.34242522967485534 
0.016285624804259317 0.4213996879197178 
0.015659254619480114 0.5529407414001198 
0.01691199498903852 0.36876997955245827 

0.03225806451612903 0.2897868847737811 
0.015032884434700909 0.7108337553726605 
0.019104290635765738 0.342414044211124 
0.017851550266207328 0.5002861552922493 
0.01816473535859693 0.34242522967485534 
0.015659254619480114 0.6581874891583823 
0.016285624804259317 0.5529546463740608 
0.01659880989664892 0.5003110330328603 

