1554.0 100.01886792452831 
1476.0 116.02439024390245 
1521.0 100.01923076923077 
1480.0 108.02173913043478 
1477.0 114.02325581395348 
1491.0 100.0204081632653 
1520.0 100.01960784313725 
1483.0 106.02222222222223 
1484.0 102.02083333333333 
1487.0 100.02083333333333 

1487.0 100.0204081632653 
1474.0 116.02439024390245 
1476.0 114.02325581395348 
1480.0 108.02222222222223 
1482.0 104.02173913043478 
1478.0 110.02325581395348 
1484.0 102.02083333333333 
1486.0 100.02083333333333 

1487.0 100.02083333333333 
1467.0 102.02173913043478 
1485.0 102.02083333333333 

1474.0 100.0204081632653 
1460.0 114.025 
1469.0 100.02083333333333 
1465.0 106.02222222222223 
1462.0 112.02380952380952 

1489.0 95.02083333333333 
1475.0 116.02439024390245 
1479.0 103.02325581395348 
1483.0 97.02173913043478 

1488.0 100.0204081632653 
1474.0 114.02272727272727 
1477.0 109.02272727272727 
1480.0 106.02222222222223 
1484.0 100.02083333333333 
1482.0 102.02173913043478 

1465.0 114.02325581395348 
1517.0 97.02127659574468 
1481.0 97.02173913043478 
1479.0 108.02173913043478 
1469.0 114.02272727272727 
1478.0 110.02272727272727 

1490.0 102.0204081632653 
1466.0 117.02439024390245 
1477.0 110.02325581395348 
1468.0 115.025 
1480.0 105.02325581395348 
1485.0 102.02083333333333 
1482.0 103.02325581395348 

1477.0 114.02325581395348 
1490.0 97.0204081632653 
1486.0 97.02083333333333 
1484.0 102.02083333333333 
1480.0 105.02272727272727 
1478.0 110.02272727272727 
1482.0 103.02222222222223 

1531.0 100.02 
1476.0 116.02439024390245 
1489.0 102.0204081632653 
1485.0 108.02127659574468 
1486.0 102.02083333333333 
1478.0 114.02325581395348 
1480.0 110.02325581395348 
1481.0 108.02222222222223 

