904.0 102.02083333333333 
828.0 615.0714285714286 
878.0 538.0526315789474 
881.0 202.03333333333333 
869.0 544.0666666666667 
846.0 545.0454545454545 
890.0 190.02777777777777 
892.0 116.025 
834.0 609.0526315789474 
835.0 551.0625 
885.0 196.03030303030303 
873.0 544.0625 
874.0 538.0555555555555 
842.0 545.047619047619 
899.0 104.02083333333333 
903.0 104.0204081632653 
837.0 549.0555555555555 
840.0 547.0526315789474 
893.0 110.02325581395348 
895.0 110.02222222222223 
897.0 106.02173913043478 
830.0 613.0625 
832.0 611.0588235294117 
