0.20512820512820512 0.7334309369872467 
0.47863247863247865 0.007886948541784728 
0.4444444444444444 0.007887567034457236 
0.38461538461538464 0.02366263497522438 
0.41025641025641024 0.017352518314871283 
0.4188034188034188 0.014197506590968814 
0.4017094017094017 0.020506830944662536 
0.4358974358974359 0.011041879664248485 
0.42735042735042733 0.011043193961177564 
0.39316239316239315 0.020508322345433126 
0.1282051282051282 0.8012584242015348 
0.5470085470085471 0.007886353837291945 
0.3247863247863248 0.15457537109108843 
0.17094017094017094 0.7429094389192016 
0.23931623931623933 0.7334267865758916 
0.2564102564102564 0.7129500404208302 
0.26495726495726496 0.7066348436766022 
0.28205128205128205 0.7034695785724019 
0.29914529914529914 0.16719968772277538 
0.358974358974359 0.026817744148608994 
0.3162393162393162 0.1640422916984291 
