0.1623931623931624 0.8012584242015348 
0.5042735042735043 0.007886948541784728 
0.20512820512820512 0.7334309369872467 
0.3076923076923077 0.1955840123311768 
0.358974358974359 0.18296081476708384 
0.36752136752136755 0.03312807628732017 
0.3418803418803419 0.1861173133377135 
0.452991452991453 0.011041879664248485 
0.47863247863247865 0.007887567034457236 
0.38461538461538464 0.029972056778400244 
0.4017094017094017 0.02366263497522438 
0.4188034188034188 0.020506830944662536 
0.4358974358974359 0.014197506590968814 

0.9145299145299145 0.012619679716415496 
0.47863247863247865 0.6814069141229177 
0.5726495726495726 0.14196688255145065 
0.7777777777777778 0.037861422799048604 
0.8547008547008547 0.01262035027607319 
0.8034188034188035 0.03155091997242455 
0.8376068376068376 0.022085478660328752 
0.811965811965812 0.02839573405563723 
0.8290598290598291 0.025239791290120002 
0.8205128205128205 0.02524142142584598 

0.47863247863247865 0.007886948541784728 
0.358974358974359 0.02997376365752892 
0.4444444444444444 0.007887567034457236 
0.37606837606837606 0.026817744148608994 
0.38461538461538464 0.02366263497522438 
0.41025641025641024 0.017352518314871283 
0.4188034188034188 0.014197506590968814 
0.4017094017094017 0.020506830944662536 
0.4358974358974359 0.011041879664248485 
0.42735042735042733 0.011043193961177564 
0.39316239316239315 0.020508322345433126 

0.4700854700854701 0.007887567034457236 
0.1282051282051282 0.8012584242015348 
0.27350427350427353 0.7350080933021423 
0.3076923076923077 0.1955840123311768 
0.2564102564102564 0.7397441738150013 
0.36752136752136755 0.02997376365752892 
0.358974358974359 0.18296081476708384 
0.39316239316239315 0.029972056778400244 
0.4017094017094017 0.020508322345433126 
0.42735042735042733 0.020506830944662536 
0.3247863247863248 0.19242712264858344 
0.3418803418803419 0.1861173133377135 
0.4444444444444444 0.014197506590968814 
0.46153846153846156 0.011041879664248485 
0.452991452991453 0.011043193961177564 

0.9230769230769231 0.011041879664248485 
0.27350427350427353 1.0 
0.3418803418803419 0.7097782038319844 
0.6752136752136753 0.2082074477770669 
0.2905982905982906 0.7129500404208302 
0.7264957264957265 0.19558268698973574 
0.7606837606837606 0.037861422799048604 
0.3076923076923077 0.7097833579375886 
0.7094017094017094 0.19873973062613287 
0.905982905982906 0.012619679716415496 
0.8717948717948718 0.015773992346206744 
0.8461538461538461 0.01577466290586444 
0.7777777777777778 0.034705232602215794 
0.7948717948717948 0.02839573405563723 
0.811965811965812 0.025239791290120002 
0.8290598290598291 0.01893040411927426 

0.9487179487179487 0.011042523401519871 
0.2564102564102564 0.9305976118764264 
0.3504273504273504 0.8737899434675191 
0.36752136752136755 0.39115758030495945 
0.7094017094017094 0.1703556962195719 
0.49572649572649574 0.3280591957374814 
0.811965811965812 0.14196518668444538 
0.8205128205128205 0.02524142142584598 
0.29914529914529914 0.8832763509449122 
0.2905982905982906 0.9274309293931848 
0.7606837606837606 0.15773093543224073 
0.4017094017094017 0.3848441757838166 
0.41025641025641024 0.34384119499108545 
0.905982905982906 0.012619679716415496 
0.3333333333333333 0.8769521616427486 
0.8717948717948718 0.01262035027607319 
0.46153846153846156 0.3343711909891897 
0.48717948717948717 0.331215694308111 
0.7264957264957265 0.16719809784745795 
0.7435897435897436 0.16088797906863786 
0.8376068376068376 0.022085478660328752 
0.8547008547008547 0.01577609148948301 
0.38461538461538464 0.38799998193284546 
0.42735042735042733 0.34068379896673906 
0.4444444444444444 0.337528080671783 

0.13675213675213677 0.810741242212525 
0.5470085470085471 0.007886353837291945 
0.26495726495726496 0.7129500404208302 
0.3162393162393162 0.2050514392802704 
0.4017094017094017 0.17508716516425876 
0.4188034188034188 0.029972056778400244 
0.17094017094017094 0.8107271604597135 
0.1794871794871795 0.7429094389192016 
0.21367521367521367 0.7429036405503967 
0.3504273504273504 0.1955840123311768 
0.47863247863247865 0.007887567034457236 
0.5128205128205128 0.007886948541784728 
0.37606837606837606 0.1861173133377135 
0.46153846153846156 0.014197506590968814 
0.42735042735042733 0.02366263497522438 
0.4444444444444444 0.020506830944662536 

0.8974358974358975 0.01262035027607319 
0.24786324786324787 0.8217813364167944 
0.6752136752136753 0.7003106543744385 
0.7008547008547008 0.1703556962195719 
0.5982905982905983 0.7097957277910389 
0.4017094017094017 0.7113394292750124 
0.7777777777777778 0.1514210584612972 
0.7948717948717948 0.03470711016925736 
0.29914529914529914 0.8122887527320279 
0.3076923076923077 0.7208292505106628 
0.7350427350427351 0.16088797906863786 
0.6324786324786325 0.7097891563063935 
0.6410256410256411 0.7003152659426107 
0.36752136752136755 0.7113428430332698 
0.8547008547008547 0.01577466290586444 
0.8888888888888888 0.015773992346206744 
0.3247863247863248 0.7176639854064626 
0.3504273504273504 0.7145050612084992 
0.8034188034188035 0.02524142142584598 
0.8205128205128205 0.025239791290120002 
0.8376068376068376 0.01893040411927426 
0.26495726495726496 0.8186129420341915 
0.28205128205128205 0.8154528310355955 

0.1282051282051282 0.810741242212525 
0.5042735042735043 0.007886948541784728 
0.2905982905982906 0.7129434689361847 
0.3076923076923077 0.2050514392802704 
0.3247863247863248 0.15457537109108843 
0.37606837606837606 0.03312807628732017 
0.1623931623931624 0.8012584242015348 
0.17094017094017094 0.7429094389192016 
0.23931623931623933 0.7334267865758916 
0.2564102564102564 0.7129500404208302 
0.20512820512820512 0.7334309369872467 
0.38461538461538464 0.026817744148608994 
0.41025641025641024 0.02366263497522438 
0.4188034188034188 0.017352518314871283 
0.4444444444444444 0.014197506590968814 
0.46153846153846156 0.011041879664248485 
0.48717948717948717 0.007887567034457236 

0.4700854700854701 0.007887567034457236 
0.26495726495726496 0.7066348436766022 
0.28205128205128205 0.7034695785724019 
0.29914529914529914 0.16719968772277538 
0.358974358974359 0.026817744148608994 
0.4188034188034188 0.020508322345433126 
0.3504273504273504 0.15457537109108843 
0.3162393162393162 0.1640422916984291 
0.3333333333333333 0.15773226077368183 
0.4358974358974359 0.017352518314871283 
0.452991452991453 0.011043193961177564 

