1793.0 4.019607843137255 
965.0 4.090909090909091 
996.0 4.0588235294117645 
1542.0 4.020833333333333 
1712.0 4.02 
1326.0 4.027027027027027 
1225.0 4.027777777777778 
1340.0 4.0256410256410255 
1413.0 4.024390243902439 
1444.0 4.023809523809524 
1499.0 4.0227272727272725 
1175.0 4.0285714285714285 
1022.0 4.05 
1086.0 4.035714285714286 
1036.0 4.045454545454546 
1016.0 4.055555555555555 
1127.0 4.033333333333333 
1040.0 4.04 
1044.0 4.038461538461538 
1038.0 4.043478260869565 
1070.0 4.037037037037037 
1017.0 4.052631578947368 
1507.0 4.022222222222222 
1534.0 4.0212765957446805 
1149.0 4.03125 
1165.0 4.03030303030303 
1140.0 4.032258064516129 
1167.0 4.029411764705882 
