1733.0 4.022222222222222 
890.0 5.055555555555555 
995.0 4.1 
974.0 5.04 
1393.0 4.024390243902439 
1514.0 4.023809523809524 
1613.0 4.0227272727272725 
1379.0 4.0256410256410255 
1261.0 4.03030303030303 
1157.0 4.033333333333333 
1229.0 4.032258064516129 
1573.0 4.023255813953488 
946.0 5.05 
906.0 5.052631578947368 
1065.0 4.0476190476190474 
1121.0 4.038461538461538 
1031.0 4.05 
1088.0 4.04 
1126.0 4.0344827586206895 
1014.0 4.0625 
1249.0 4.03125 
959.0 5.045454545454546 
1076.0 4.041666666666667 
969.0 5.043478260869565 
1067.0 4.043478260869565 
1025.0 4.052631578947368 
1017.0 4.0588235294117645 
1022.0 4.055555555555555 
