0.11012861736334405 0.25482037475184244 
0.5160771704180064 0.24551163507474177 
0.5040192926045016 0.24585195458981862 
0.09244372990353698 0.5077123523725465 
0.4630225080385852 0.24597570714075562 
0.2090032154340836 0.25020804438280164 
0.9003215434083601 0.2448619341823226 
0.7709003215434084 0.2450300508552936 
0.8858520900321544 0.2449444358829471 
0.35932475884244375 0.24624089117847783 
0.452572347266881 0.2461052156242944 
0.18408360128617363 0.2533031608146579 
0.20980707395498394 0.24948202941730452 
0.20337620578778134 0.25106032282055923 
0.2845659163987138 0.2478319954048109 
0.33440514469453375 0.24702927615548978 
0.19051446945337622 0.2526583448913545 
0.19935691318327975 0.2515445719329215 
0.25643086816720256 0.24831103753747033 
0.2347266881028939 0.2491579155934218 
0.24517684887459806 0.24885615444704826 
0.2765273311897106 0.24806403143781783 
0.342443729903537 0.2468550015816239 
0.34726688102893893 0.24653259361997232 
0.3528938906752412 0.24638318505237755 
0.0972668810289389 0.5042853586542907 
0.6390675241157556 0.2451189587111917 
0.31270096463022506 0.2474077009444554 
0.6109324758842444 0.24521135314967407 
0.6004823151125402 0.24530744336569568 
