867.0 4.0588235294117645 
1372.0 4.020833333333333 
1357.0 4.022222222222222 
845.0 5.090909090909091 
1306.0 4.0227272727272725 
990.0 4.04 
1850.0 4.0181818181818185 
1689.0 4.018867924528302 
1832.0 4.018518518518518 
1177.0 4.023809523809524 
1293.0 4.023255813953488 
959.0 4.052631578947368 
991.0 4.037037037037037 
983.0 4.043478260869565 
1084.0 4.03030303030303 
1146.0 4.027027027027027 
967.0 4.05 
978.0 4.045454545454546 
1049.0 4.032258064516129 
1022.0 4.035714285714286 
1035.0 4.0344827586206895 
1074.0 4.03125 
1156.0 4.026315789473684 
1162.0 4.025 
1169.0 4.024390243902439 
851.0 5.076923076923077 
1525.0 4.019230769230769 
1119.0 4.0285714285714285 
1490.0 4.019607843137255 
1477.0 4.02 
