1912.0 4.018867924528302 
867.0 4.0588235294117645 
1188.0 4.055555555555555 
1529.0 4.019607843137255 
1819.0 4.019230769230769 
1372.0 4.020833333333333 
1522.0 4.020408163265306 
1214.0 4.04 
1196.0 4.0476190476190474 
1192.0 4.052631578947368 
1219.0 4.035714285714286 
1203.0 4.043478260869565 
1302.0 4.0285714285714285 
1234.0 4.033333333333333 
1314.0 4.026315789473684 
1252.0 4.03125 
1327.0 4.025 
1206.0 4.041666666666667 
1342.0 4.023255813953488 
1276.0 4.029411764705882 
1357.0 4.022222222222222 
1248.0 4.032258064516129 
1263.0 4.03030303030303 
1351.0 4.0227272727272725 
