988.0 4.1 
1912.0 4.020833333333333 
997.0 4.071428571428571 
1038.0 4.05 
1559.0 4.023809523809524 
1383.0 4.024390243902439 
1592.0 4.0227272727272725 
1739.0 4.022222222222222 
1788.0 4.0212765957446805 
1219.0 4.0256410256410255 
1307.0 4.025 
1057.0 4.037037037037037 
1199.0 4.027027027027027 
1151.0 4.027777777777778 
1050.0 4.041666666666667 
1097.0 4.033333333333333 
1068.0 4.035714285714286 
1770.0 4.021739130434782 
1110.0 4.03125 
1042.0 4.0476190476190474 
1043.0 4.045454545454546 
1047.0 4.043478260869565 
1118.0 4.03030303030303 
1139.0 4.0285714285714285 
1129.0 4.029411764705882 
