1793.0 4.019607843137255 
965.0 4.090909090909091 
996.0 4.0588235294117645 
1542.0 4.020833333333333 
1712.0 4.02 
1326.0 4.027027027027027 
1225.0 4.027777777777778 
1340.0 4.0256410256410255 
1413.0 4.024390243902439 
1444.0 4.023809523809524 
1499.0 4.0227272727272725 
1175.0 4.0285714285714285 
1022.0 4.05 
1086.0 4.035714285714286 
1036.0 4.045454545454546 
1016.0 4.055555555555555 
1127.0 4.033333333333333 
1040.0 4.04 
1044.0 4.038461538461538 
1038.0 4.043478260869565 
1070.0 4.037037037037037 
1017.0 4.052631578947368 
1507.0 4.022222222222222 
1534.0 4.0212765957446805 
1149.0 4.03125 
1165.0 4.03030303030303 
1140.0 4.032258064516129 
1167.0 4.029411764705882 

1912.0 4.018867924528302 
867.0 4.0588235294117645 
1188.0 4.055555555555555 
1529.0 4.019607843137255 
1819.0 4.019230769230769 
1372.0 4.020833333333333 
1522.0 4.020408163265306 
1214.0 4.04 
1196.0 4.0476190476190474 
1192.0 4.052631578947368 
1219.0 4.035714285714286 
1203.0 4.043478260869565 
1302.0 4.0285714285714285 
1234.0 4.033333333333333 
1314.0 4.026315789473684 
1252.0 4.03125 
1327.0 4.025 
1206.0 4.041666666666667 
1342.0 4.023255813953488 
1276.0 4.029411764705882 
1357.0 4.022222222222222 
1248.0 4.032258064516129 
1263.0 4.03030303030303 
1351.0 4.0227272727272725 

1770.0 4.020833333333333 
975.0 4.1 
1005.0 4.076923076923077 
1326.0 4.0256410256410255 
1539.0 4.024390243902439 
1009.0 4.071428571428571 
1019.0 4.0588235294117645 
1650.0 4.0212765957446805 
1211.0 4.026315789473684 
1558.0 4.0227272727272725 
1645.0 4.022222222222222 
1035.0 4.05 
1051.0 4.043478260869565 
1060.0 4.038461538461538 
1133.0 4.0344827586206895 
1093.0 4.037037037037037 
1162.0 4.03125 
1024.0 4.052631578947368 
1056.0 4.04 
1118.0 4.035714285714286 
1022.0 4.055555555555555 
1180.0 4.029411764705882 
1192.0 4.027777777777778 
1540.0 4.023809523809524 
1556.0 4.023255813953488 
1199.0 4.027027027027027 
1170.0 4.03030303030303 
1646.0 4.021739130434782 

988.0 4.1 
1912.0 4.020833333333333 
997.0 4.071428571428571 
1038.0 4.05 
1559.0 4.023809523809524 
1383.0 4.024390243902439 
1592.0 4.0227272727272725 
1739.0 4.022222222222222 
1788.0 4.0212765957446805 
1219.0 4.0256410256410255 
1307.0 4.025 
1057.0 4.037037037037037 
1199.0 4.027027027027027 
1151.0 4.027777777777778 
1050.0 4.041666666666667 
1097.0 4.033333333333333 
1068.0 4.035714285714286 
1770.0 4.021739130434782 
1110.0 4.03125 
1042.0 4.0476190476190474 
1043.0 4.045454545454546 
1047.0 4.043478260869565 
1118.0 4.03030303030303 
1139.0 4.0285714285714285 
1129.0 4.029411764705882 

1733.0 4.022222222222222 
890.0 5.055555555555555 
995.0 4.1 
974.0 5.04 
1393.0 4.024390243902439 
1514.0 4.023809523809524 
1613.0 4.0227272727272725 
1379.0 4.0256410256410255 
1261.0 4.03030303030303 
1157.0 4.033333333333333 
1229.0 4.032258064516129 
1573.0 4.023255813953488 
946.0 5.05 
906.0 5.052631578947368 
1065.0 4.0476190476190474 
1121.0 4.038461538461538 
1031.0 4.05 
1088.0 4.04 
1126.0 4.0344827586206895 
1014.0 4.0625 
1249.0 4.03125 
959.0 5.045454545454546 
1076.0 4.041666666666667 
969.0 5.043478260869565 
1067.0 4.043478260869565 
1025.0 4.052631578947368 
1017.0 4.0588235294117645 
1022.0 4.055555555555555 

845.0 5.090909090909091 
1306.0 4.0227272727272725 
937.0 4.090909090909091 
922.0 5.0588235294117645 
1092.0 4.03030303030303 
1155.0 4.029411764705882 
1205.0 4.026315789473684 
1265.0 4.0256410256410255 
990.0 4.04 
1012.0 4.037037037037037 
1063.0 4.035714285714286 
883.0 5.083333333333333 
911.0 5.0625 
1293.0 4.024390243902439 
1175.0 4.0285714285714285 
1273.0 4.025 
1187.0 4.027027027027027 
994.0 4.038461538461538 
1076.0 4.03125 
903.0 5.071428571428571 
890.0 5.076923076923077 
1069.0 4.0344827586206895 

901.0 5.076923076923077 
1653.0 4.023809523809524 
991.0 4.1 
1371.0 4.024390243902439 
1254.0 4.0256410256410255 
1360.0 4.025 
1087.0 4.0625 
1135.0 4.029411764705882 
1196.0 4.0285714285714285 
1213.0 4.027777777777778 
1247.0 4.026315789473684 
1109.0 4.052631578947368 
1089.0 4.055555555555555 
1111.0 4.041666666666667 
1122.0 4.038461538461538 
1125.0 4.0344827586206895 

925.0 4.1 
1850.0 4.0181818181818185 
928.0 4.076923076923077 
1689.0 4.018867924528302 
1832.0 4.018518518518518 
1487.0 4.022222222222222 
1367.0 4.0227272727272725 
1177.0 4.023809523809524 
1293.0 4.023255813953488 
950.0 4.066666666666666 
959.0 4.052631578947368 
956.0 4.0625 
991.0 4.037037037037037 
1501.0 4.020408163265306 
1595.0 4.02 
1619.0 4.019230769230769 
983.0 4.043478260869565 
1084.0 4.03030303030303 
1146.0 4.027027027027027 
967.0 4.05 
978.0 4.045454545454546 
1049.0 4.032258064516129 
1022.0 4.035714285714286 
1035.0 4.0344827586206895 
1074.0 4.03125 
1156.0 4.026315789473684 
1488.0 4.0212765957446805 
1162.0 4.025 
1169.0 4.024390243902439 

1546.0 4.020833333333333 
1000.0 4.052631578947368 
1055.0 4.05 
1063.0 4.04 
1372.0 4.025 
1289.0 4.0256410256410255 
1436.0 4.021739130434782 
1379.0 4.023809523809524 
1162.0 4.0344827586206895 
1492.0 4.0212765957446805 
1095.0 4.037037037037037 
1131.0 4.035714285714286 
1235.0 4.027027027027027 
1279.0 4.026315789473684 
1211.0 4.027777777777778 
1179.0 4.032258064516129 
1088.0 4.038461538461538 
1185.0 4.03030303030303 
1196.0 4.029411764705882 

851.0 5.076923076923077 
1525.0 4.019230769230769 
964.0 5.038461538461538 
976.0 4.111111111111111 
1430.0 4.022222222222222 
1346.0 4.0227272727272725 
902.0 5.04 
1212.0 4.026315789473684 
1281.0 4.0256410256410255 
1170.0 4.027027027027027 
1119.0 4.0285714285714285 
1156.0 4.027777777777778 
1490.0 4.019607843137255 
1464.0 4.020833333333333 
876.0 5.066666666666666 
978.0 4.076923076923077 
1308.0 4.025 
1016.0 4.05 
1039.0 4.045454545454546 
995.0 4.052631578947368 
1064.0 4.037037037037037 
1085.0 4.035714285714286 
901.0 5.052631578947368 
888.0 5.055555555555555 
987.0 4.055555555555555 
1108.0 4.03125 
985.0 4.066666666666666 
1333.0 4.023255813953488 
1095.0 4.032258064516129 
1477.0 4.02 
1320.0 4.024390243902439 
1050.0 4.04 
1060.0 4.038461538461538 
1042.0 4.043478260869565 
1047.0 4.041666666666667 
1090.0 4.033333333333333 
1086.0 4.0344827586206895 

