0.8545016077170418 0.24521135314967407 
0.18890675241157556 0.2626823015172529 
0.21382636655948553 0.25482037475184244 
0.6527331189710611 0.24551163507474177 
0.7893890675241158 0.24530744336569568 
0.4790996784565916 0.24702927615548978 
0.3979099678456592 0.24721323265012582 
0.4903536977491961 0.2466896641653923 
0.5490353697749196 0.24638318505237755 
0.5739549839228296 0.24624089117847783 
0.6181672025723473 0.24597570714075562 
0.35771704180064307 0.2474077009444554 
0.2347266881028939 0.2526583448913545 
0.2861736334405145 0.2491579155934218 
0.2459807073954984 0.2515445719329215 
0.22990353697749197 0.2540196229516617 
0.31913183279742763 0.248574510710433 
0.2491961414790997 0.25020804438280164 
0.25241157556270094 0.24983107507379346 
0.24758842443729903 0.25106032282055923 
0.2733118971061093 0.24948202941730452 
0.23070739549839228 0.2533031608146579 
0.6245980707395499 0.24585195458981862 
0.6463022508038585 0.2456202476859365 
0.33681672025723475 0.24806403143781783 
0.3496784565916399 0.2478319954048109 
0.3295819935691318 0.24831103753747033 
0.3512861736334405 0.24761360855021616 

0.9501607717041801 0.2450300508552936 
0.11012861736334405 0.25482037475184244 
0.36816720257234725 0.2540196229516617 
0.6422829581993569 0.24521135314967407 
0.8754019292604501 0.2451189587111917 
0.5160771704180064 0.24551163507474177 
0.6366559485530546 0.24540745563135094 
0.3890675241157556 0.25020804438280164 
0.3745980707395498 0.2520749400083657 
0.37138263665594856 0.2533031608146579 
0.39308681672025725 0.2491579155934218 
0.38022508038585207 0.25106032282055923 
0.45980707395498394 0.2474077009444554 
0.40514469453376206 0.248574510710433 
0.4694533762057878 0.2468550015816239 
0.41961414790996787 0.24806403143781783 
0.47990353697749194 0.24653259361997232 
0.38263665594855306 0.2506164278008939 
0.4919614147909968 0.2461052156242944 
0.43890675241157556 0.24761360855021616 
0.5040192926045016 0.24585195458981862 
0.41639871382636656 0.24831103753747033 
0.4284565916398714 0.2478319954048109 
0.4991961414790997 0.24597570714075562 

0.8360128617363344 0.24551163507474177 
0.19694533762057878 0.26490984743411916 
0.22106109324758844 0.259255307798997 
0.4790996784565916 0.2466896641653923 
0.6503215434083601 0.24638318505237755 
0.22427652733118972 0.2579089888382537 
0.23231511254019294 0.25482037475184244 
0.7395498392282959 0.2456202476859365 
0.3866559485530547 0.2468550015816239 
0.6655948553054662 0.24597570714075562 
0.7355305466237942 0.24585195458981862 
0.24517684887459806 0.2526583448913545 
0.2580385852090032 0.25106032282055923 
0.2652733118971061 0.24983107507379346 
0.32395498392282956 0.24885615444704826 
0.29180064308681675 0.24948202941730452 
0.34726688102893893 0.24806403143781783 
0.23633440514469453 0.2533031608146579 
0.2620578778135048 0.25020804438280164 
0.31189710610932475 0.2491579155934218 
0.2347266881028939 0.2540196229516617 
0.3617363344051447 0.24761360855021616 
0.37138263665594856 0.24721323265012582 
0.6511254019292605 0.24624089117847783 
0.6639871382636656 0.2461052156242944 
0.3770096463022508 0.24702927615548978 
0.3536977491961415 0.2478319954048109 
0.7363344051446945 0.24573358258457445 

0.20739549839228297 0.26490984743411916 
0.9501607717041801 0.24551163507474177 
0.21463022508038584 0.2579089888382537 
0.24758842443729903 0.2526583448913545 
0.6663987138263665 0.24624089117847783 
0.52491961414791 0.24638318505237755 
0.6929260450160771 0.24597570714075562 
0.8110932475884244 0.24585195458981862 
0.8504823151125402 0.2456202476859365 
0.39308681672025725 0.2466896641653923 
0.4638263665594855 0.24653259361997232 
0.2628617363344051 0.24948202941730452 
0.3770096463022508 0.24702927615548978 
0.3384244372990354 0.24721323265012582 
0.2572347266881029 0.2506164278008939 
0.295016077170418 0.248574510710433 
0.2717041800643087 0.2491579155934218 
0.8360128617363344 0.24573358258457445 
0.3054662379421222 0.24806403143781783 
0.2508038585209003 0.2520749400083657 
0.2516077170418006 0.2515445719329215 
0.25482315112540194 0.25106032282055923 
0.31189710610932475 0.2478319954048109 
0.3287781350482315 0.2474077009444554 
0.3207395498392283 0.24761360855021616 

0.8062700964630225 0.24585195458981862 
0.12861736334405144 0.4990496738069553 
0.21302250803858522 0.26490984743411916 
0.19614147909967847 0.49523809523809526 
0.5329581993569131 0.24638318505237755 
0.6302250803858521 0.24624089117847783 
0.7098070739549839 0.24597570714075562 
0.5217041800643086 0.2466896641653923 
0.42684887459807075 0.2478319954048109 
0.3432475884244373 0.248574510710433 
0.40112540192926044 0.24831103753747033 
0.677652733118971 0.2461052156242944 
0.17363344051446947 0.49768839574664814 
0.1414790996784566 0.49833321166995154 
0.2692926045016077 0.2520749400083657 
0.31430868167202575 0.24983107507379346 
0.24196141479099678 0.2526583448913545 
0.2877813504823151 0.25020804438280164 
0.3183279742765273 0.24885615444704826 
0.2282958199356913 0.25572122052704577 
0.4172025723472669 0.24806403143781783 
0.18408360128617363 0.4965746227882151 
0.27813504823151125 0.2506164278008939 
0.19212218649517684 0.49609037367585285 
0.2709003215434084 0.25106032282055923 
0.23713826366559485 0.2533031608146579 
0.23070739549839228 0.25482037475184244 
0.2347266881028939 0.2540196229516617 

0.09244372990353698 0.5077123523725465 
0.4630225080385852 0.24597570714075562 
0.16639871382636656 0.2626823015172529 
0.15434083601286175 0.49985042560713605 
0.2909967845659164 0.2478319954048109 
0.34163987138263663 0.24761360855021616 
0.38183279742765275 0.2468550015816239 
0.430064308681672 0.2466896641653923 
0.2090032154340836 0.25020804438280164 
0.2266881028938907 0.24948202941730452 
0.26768488745980706 0.2491579155934218 
0.1229903536977492 0.5058560641084913 
0.1454983922829582 0.5007512713823393 
0.452572347266881 0.24638318505237755 
0.35771704180064307 0.2474077009444554 
0.4364951768488746 0.24653259361997232 
0.36736334405144694 0.24702927615548978 
0.21221864951768488 0.24983107507379346 
0.27813504823151125 0.24806403143781783 
0.13906752411575563 0.5029390396935473 
0.12861736334405144 0.5042853586542907 
0.272508038585209 0.24885615444704826 

0.13745980707395497 0.5042853586542907 
0.7419614147909968 0.24624089117847783 
0.20980707395498394 0.26490984743411916 
0.5152733118971061 0.24638318505237755 
0.4212218649517685 0.2466896641653923 
0.5064308681672026 0.24653259361997232 
0.2869774919614148 0.25572122052704577 
0.32556270096463025 0.24761360855021616 
0.3745980707395498 0.2474077009444554 
0.3882636655948553 0.24721323265012582 
0.41559485530546625 0.2468550015816239 
0.3046623794212219 0.2533031608146579 
0.28858520900321544 0.2540196229516617 
0.3062700964630225 0.2506164278008939 
0.31511254019292606 0.24983107507379346 
0.317524115755627 0.24885615444704826 

0.1567524115755627 0.26490984743411916 
0.9003215434083601 0.2448619341823226 
0.15916398713826366 0.259255307798997 
0.7709003215434084 0.2450300508552936 
0.8858520900321544 0.2449444358829471 
0.6085209003215434 0.24585195458981862 
0.5120578778135049 0.24597570714075562 
0.35932475884244375 0.24624089117847783 
0.452572347266881 0.2461052156242944 
0.17684887459807075 0.2567421790722761 
0.18408360128617363 0.2533031608146579 
0.18167202572347266 0.25572122052704577 
0.20980707395498394 0.24948202941730452 
0.6197749196141479 0.24540745563135094 
0.6953376205787781 0.24530744336569568 
0.7146302250803859 0.2451189587111917 
0.20337620578778134 0.25106032282055923 
0.2845659163987138 0.2478319954048109 
0.33440514469453375 0.24702927615548978 
0.19051446945337622 0.2526583448913545 
0.19935691318327975 0.2515445719329215 
0.25643086816720256 0.24831103753747033 
0.2347266881028939 0.2491579155934218 
0.24517684887459806 0.24885615444704826 
0.2765273311897106 0.24806403143781783 
0.342443729903537 0.2468550015816239 
0.6093247588424437 0.2456202476859365 
0.34726688102893893 0.24653259361997232 
0.3528938906752412 0.24638318505237755 

0.6559485530546624 0.24551163507474177 
0.2170418006430868 0.2533031608146579 
0.2612540192926045 0.2526583448913545 
0.26768488745980706 0.25020804438280164 
0.5160771704180064 0.24653259361997232 
0.44935691318327975 0.2466896641653923 
0.567524115755627 0.24573358258457445 
0.5217041800643086 0.24624089117847783 
0.34726688102893893 0.24885615444704826 
0.612540192926045 0.2456202476859365 
0.2934083601286174 0.24948202941730452 
0.32234726688102894 0.2491579155934218 
0.4059485530546624 0.24702927615548978 
0.4413183279742765 0.2468550015816239 
0.3866559485530547 0.24721323265012582 
0.3609324758842444 0.24831103753747033 
0.2877813504823151 0.24983107507379346 
0.3657556270096463 0.2478319954048109 
0.3745980707395498 0.24761360855021616 

0.0972668810289389 0.5042853586542907 
0.6390675241157556 0.2451189587111917 
0.18810289389067525 0.4948611259290871 
0.1977491961414791 0.26763240355473356 
0.5627009646302251 0.24585195458981862 
0.49517684887459806 0.24597570714075562 
0.1382636655948553 0.49523809523809526 
0.387459807073955 0.2468550015816239 
0.4429260450160772 0.2466896641653923 
0.3536977491961415 0.24702927615548978 
0.31270096463022506 0.2474077009444554 
0.342443729903537 0.24721323265012582 
0.6109324758842444 0.24521135314967407 
0.590032154340836 0.24551163507474177 
0.11736334405144695 0.5017722299275696 
0.19935691318327975 0.259255307798997 
0.4646302250803859 0.24653259361997232 
0.22990353697749197 0.2526583448913545 
0.24839228295819935 0.2515445719329215 
0.21302250803858522 0.2533031608146579 
0.2684887459807074 0.24948202941730452 
0.2853697749196141 0.2491579155934218 
0.13745980707395497 0.49833321166995154 
0.1270096463022508 0.4990496738069553 
0.20659163987138263 0.2540196229516617 
0.30385852090032156 0.24806403143781783 
0.204983922829582 0.2567421790722761 
0.4847266881028939 0.2461052156242944 
0.2934083601286174 0.24831103753747033 
0.6004823151125402 0.24530744336569568 
0.4742765273311897 0.24638318505237755 
0.2572347266881029 0.25020804438280164 
0.2652733118971061 0.24983107507379346 
0.2508038585209003 0.25106032282055923 
0.25482315112540194 0.2506164278008939 
0.28938906752411575 0.248574510710433 
0.2861736334405145 0.24885615444704826 

