0.03605066580058461 0.0747314781451008 
0.03150373497888925 0.10847022010434794 
0.03182851575186749 0.09401004544555967 
0.03312763884378045 0.07955134266875655 
0.034101981162715164 0.07473250255838956 

0.05131536213056187 0.0723220580899173 
0.03215329652484573 0.9951811598896331 
0.03377720038973693 0.11329179353298516 
0.04222150048717116 0.07232415050854969 
0.03670022734654108 0.07232526494890824 
0.034751542708671646 0.09883126640578353 
0.03605066580058461 0.0843723652248257 
0.03540110425462813 0.08678416612986609 

0.029230269568041572 0.9735007442843858 
0.04319584280610588 0.0747314781451008 
0.02987983111399805 0.9686819041740189 
0.03150373497888925 0.09401120941660084 
0.03215329652484573 0.07955134266875655 
0.037674569665475804 0.07473250255838956 

0.03280285807080221 0.990362319779266 
0.039298473530367 0.0747314781451008 
0.034426761935693405 0.10847295342261817 
0.037674569665475804 0.07473250255838956 
0.03637544657356284 0.07955134266875655 
0.034751542708671646 0.09883253988361397 
0.03605066580058461 0.0843723652248257 
0.03540110425462813 0.09401120941660084 
0.035076323481649886 0.09401242629541655 

0.03215329652484573 0.9831300439136236 
0.037674569665475804 0.06268540228247212 
0.03377720038973693 0.10124329405842936 
0.03312763884378045 0.9542098642290359 
0.03702500811951932 0.06750642483854126 
0.034426761935693405 0.09642184635060004 
0.03572588502760637 0.08678543960769652 
0.03280285807080221 0.9783040647808707 
0.03637544657356284 0.08196410914068337 

0.027606365703150372 0.9710829436377061 
0.047417992854822996 0.06268437786918334 
0.03182851575186749 0.08196410914068337 
0.03020461188697629 0.9638509766720708 
0.037349788892497564 0.06268540228247212 
0.03670022734654108 0.07232526494890824 
0.029230269568041572 0.9686698167824377 

0.034101981162715164 0.10847295342261817 
0.10620331276388438 0.07472776706299812 
0.037999350438454045 0.0747314781451008 
0.0769730431958428 0.07473049470834359 
0.035076323481649886 0.09401242629541655 
0.1039298473530367 0.07472954983773371 
0.03605066580058461 0.07955352511445872 
0.03572588502760637 0.08919009089483414 
0.03670022734654108 0.07473250255838956 
0.03540110425462813 0.08919236930623385 

0.03864891198441052 0.0747314781451008 
0.03020461188697629 0.11570268274673888 
0.03572588502760637 0.09401004544555967 
0.03085417343293277 0.10124195993879746 
0.03247807729782397 0.09641946550074317 
0.03605066580058461 0.0843723652248257 
0.03637544657356284 0.07955134266875655 
0.03150373497888925 0.09642062947178433 
0.037674569665475804 0.07473250255838956 

0.03280285807080221 0.9951811598896331 
0.047417992854822996 0.06268339443242613 
0.034426761935693405 0.11329179353298516 
0.03312763884378045 0.9710869593377981 
0.037999350438454045 0.06268540228247212 
0.03637544657356284 0.0675042423928391 
0.035076323481649886 0.08678543960769652 
0.03572588502760637 0.07232526494890824 

0.03117895420591101 0.08919358618504958 
0.0662552776875609 0.06268339443242613 
0.038324131211432286 0.06268540228247212 
0.06430659304969145 0.06268437786918334 
0.03247807729782397 0.07473468500409174 
0.037674569665475804 0.0675042423928391 
0.034751542708671646 0.07232415050854969 

