1457.0 109.02173913043478 
2394.0 96.00680272108843 
1468.0 103.01666666666667 
1462.0 109.01818181818182 
1464.0 103.01960784313725 
1470.0 97.02127659574468 
2227.0 96.00699300699301 
2109.0 96.00740740740741 
2223.0 96.00735294117646 
1644.0 97.0111111111111 
1760.0 96.01098901098901 
1677.0 96.01136363636364 
1669.0 96.01190476190476 
1788.0 96.01063829787235 
1861.0 96.01020408163265 
1564.0 97.01470588235294 
1499.0 97.01515151515152 
2023.0 96.00934579439253 
1974.0 96.00943396226415 
1924.0 96.00980392156863 
1879.0 96.00990099009901 
2094.0 96.0078125 
2060.0 96.00819672131148 
1956.0 96.00961538461539 
1568.0 97.01408450704226 
1594.0 97.01369863013699 
2036.0 96.00833333333334 
1781.0 96.01075268817205 
1626.0 97.01123595505618 
1616.0 97.01333333333334 
1599.0 97.01351351351352 
1496.0 97.015625 
1483.0 97.01587301587301 
2025.0 96.00909090909092 
1869.0 96.01 
1964.0 96.00952380952381 
1474.0 97.01694915254237 
1671.0 96.01149425287356 
1480.0 97.01612903225806 
1863.0 96.01010101010101 
1618.0 97.0125 
1623.0 97.01162790697674 
1465.0 103.01724137931035 
1471.0 97.02083333333333 
1459.0 109.02083333333333 
1460.0 109.0204081632653 
