1460.0 115.02439024390245 
2619.0 95.00564971751412 
1461.0 109.02127659574468 
2309.0 95.00628930817611 
2566.0 95.00621118012423 
1469.0 97.01923076923077 
1466.0 101.01886792452831 
1462.0 107.01886792452831 
1465.0 103.02 
1471.0 95.01851851851852 
1940.0 95.00826446280992 
1831.0 95.009009009009 
1907.0 95.00892857142857 
1633.0 95.0126582278481 
2000.0 95.00819672131148 
1580.0 95.01282051282051 
1477.0 95.01515151515152 
1529.0 95.01492537313433 
1809.0 95.00990099009901 
2212.0 95.00662251655629 
2264.0 95.00649350649351 
1757.0 95.01 
1671.0 95.01098901098901 
1722.0 95.01063829787235 
2047.0 95.00746268656717 
2090.0 95.00735294117646 
2191.0 95.00694444444444 
2159.0 95.00709219858156 
1553.0 95.01369863013699 
1916.0 95.00877192982456 
2128.0 95.00719424460432 
2152.0 95.00714285714285 
1575.0 95.01315789473684 
2106.0 95.0072463768116 
1648.0 95.01149425287356 
1666.0 95.01136363636364 
2567.0 95.00617283950618 
2585.0 95.00595238095238 
2017.0 95.00806451612904 
2611.0 95.00578034682081 
2596.0 95.00584795321637 
2105.0 95.00729927007299 
1736.0 95.01020408163265 
1750.0 95.01010101010101 
2199.0 95.0068493150685 
1819.0 95.00943396226415 
1643.0 95.0125 
1817.0 95.00952380952381 
2029.0 95.00769230769231 
2038.0 95.00763358778626 
1729.0 95.01052631578948 
2589.0 95.00591715976331 
2026.0 95.0079365079365 
2020.0 95.008 
