1454.0 109.01960784313725 
2925.0 95.00735294117646 
1458.0 109.01923076923077 
1468.0 103.01923076923077 
1470.0 101.01818181818182 
1472.0 97.01851851851852 
2122.0 95.00806451612904 
2395.0 95.0079365079365 
2800.0 95.00757575757575 
2582.0 95.00769230769231 
1474.0 95.01754385964912 
2503.0 95.00787401574803 
2904.0 95.00740740740741 
1870.0 95.00970873786407 
1970.0 95.00952380952381 
1598.0 95.01149425287356 
1695.0 95.01136363636364 
1980.0 95.00892857142857 
2065.0 95.00877192982456 
1863.0 95.01030927835052 
1791.0 95.01041666666667 
2526.0 95.0078125 
1753.0 95.01086956521739 
1477.0 95.01724137931035 
1514.0 95.01694915254237 
1738.0 95.0111111111111 
1701.0 95.01123595505618 
1542.0 95.01538461538462 
1779.0 95.01052631578948 
2074.0 95.00854700854701 
2095.0 95.00847457627118 
1557.0 95.01388888888889 
1584.0 95.01219512195122 
1597.0 95.01204819277109 
1569.0 95.01369863013699 
2104.0 95.00833333333334 
2113.0 95.00813008130082 
1576.0 95.01298701298701 
1977.0 95.00943396226415 
1978.0 95.00934579439253 
