0.006263701847792045 0.6581735841844415 
0.011587848418415283 0.2108841761944533 
0.007516442217350454 0.6055438758171819 
0.008142812402129659 0.5003110330328603 
0.012214218603194488 0.15825656933856114 
0.00845599749451926 0.44764688699544564 
0.006890072032571249 0.6055571627922807 
0.16003758221108674 0.1579089347823072 
0.12308174130911369 0.15795248310331675 
0.05355465079862198 0.15801198053163612 
0.0689007203257125 0.15800255106543706 
0.12182900093955527 0.15796326162293964 
0.1099279674287504 0.1579655382074585 
0.09364234262449107 0.1579854065814382 
0.09896648919511432 0.1579702214670394 
0.082680864390855 0.15799371094087522 
0.07015346069527091 0.15799954166133096 
0.08048856874412778 0.15799659561310062 
0.1506420294393987 0.1579251999755207 
0.15941121202630754 0.1579159970100254 
0.034137175070466645 0.15808005352734908 
0.026933917945505793 0.15808505889468086 
0.04697776385844034 0.15803286006393466 
0.035076730347635456 0.15806133215343263 
0.0413404321954275 0.15804851971315867 
0.09426871280927028 0.15797759071373302 
0.04290635765737551 0.15804049891721475 
0.025681177575947386 0.1580902052582757 
0.09802693391794551 0.15797508660077866 
0.014406514249921704 0.1581812146355292 
0.05324146570623239 0.15802206030584925 
0.4202943939868462 0.15784090307344875 
0.010335108048856874 0.36868173398198933 
0.01096147823363608 0.3160653125898285 
0.32821797682430315 0.15786914554932155 
0.2768556216724084 0.1578708636926536 
0.35515189476980896 0.1578479998145603 
0.39711869715001563 0.15784737684011832 
0.137801440651425 0.15793355497129583 
0.24459755715627937 0.15788723530045168 
0.21515815847165676 0.15789161616897454 
0.06764797995615408 0.1580056258913715 
0.3488881929220169 0.1578581313462789 
0.33072345756342 0.15786342779364398 
0.25963044159098025 0.15788409339630793 
0.20357031005324147 0.15790758287014375 
0.2621359223300971 0.15787533696523323 
0.27466332602568116 0.1578735162648148 
0.4080801753836517 0.15784203085013693 
0.2098340119010335 0.15789623225191457 
0.13279047917319137 0.15793709030835085 
0.35202004384591296 0.15785527641294259 
0.4005637331663013 0.15784554368565892 
0.35233322893830255 0.15785389264423347 
0.21233949264015034 0.15789389364035877 
0.12809270278734733 0.1579445235811336 
0.32853116191669274 0.15786421768767794 
0.13059818352646413 0.15793890216859177 
0.4027560288130285 0.15784435054247214 
0.4062010648293141 0.15784260264345787 
0.4043219542749765 0.15784376241292972 
0.007829627309740057 0.5264589428035523 
0.009708737864077669 0.3687334403709357 
0.013466958972752897 0.15820685616642205 
0.01534606952709051 0.1581182763324285 
