1461.0 109.0204081632653 
3022.0 97.00578034682081 
1474.0 97.02173913043478 
1469.0 107.01923076923077 
1471.0 103.01754385964912 
1473.0 101.01818181818182 
1464.0 109.02 
1466.0 107.02173913043478 
3008.0 97.00584795321637 
2751.0 97.00595238095238 
1777.0 97.00961538461539 
1922.0 97.00952380952381 
1967.0 97.00787401574803 
2111.0 97.0078125 
2312.0 97.00714285714285 
2454.0 97.00709219858156 
2519.0 97.00653594771242 
2650.0 97.00649350649351 
2256.0 97.00746268656717 
2136.0 97.00757575757575 
1561.0 97.01282051282051 
1630.0 97.0125 
1704.0 97.01204819277109 
1639.0 97.01234567901234 
2274.0 97.00729927007299 
2308.0 97.00719424460432 
2677.0 97.00632911392405 
2708.0 97.00613496932516 
1734.0 97.01020408163265 
1759.0 97.01 
2730.0 97.0059880239521 
1501.0 97.02083333333333 
1516.0 97.01851851851852 
1481.0 97.02127659574468 
1536.0 97.01785714285714 
2726.0 97.00602409638554 
2482.0 97.00694444444444 
2466.0 97.00699300699301 
2491.0 97.00675675675676 
2506.0 97.00671140939598 
2665.0 97.00645161290322 
2122.0 97.00763358778626 
1962.0 97.00854700854701 
3009.0 97.00581395348837 
1935.0 97.00925925925925 
2462.0 97.00704225352112 
1765.0 97.00990099009901 
2121.0 97.00769230769231 
1944.0 97.0091743119266 
1953.0 97.00877192982456 
1711.0 97.01176470588236 
1720.0 97.01063829787235 
1508.0 97.01923076923077 
1553.0 97.01369863013699 
1546.0 97.01449275362319 
1539.0 97.01754385964912 
1727.0 97.01041666666667 
