1461.0 109.02222222222223 
2613.0 95.00492610837438 
1468.0 103.02127659574468 
1464.0 109.0204081632653 
1472.0 97.02127659574468 
1939.0 95.00719424460432 
2235.0 95.00704225352112 
1476.0 95.01923076923077 
1474.0 97.0204081632653 
2576.0 95.00552486187846 
2491.0 95.00564971751412 
2326.0 95.00625 
2407.0 95.00617283950618 
1821.0 95.00884955752213 
1894.0 95.00862068965517 
2256.0 95.00657894736842 
2308.0 95.00645161290322 
1599.0 95.0111111111111 
1648.0 95.01075268817205 
1817.0 95.00925925925925 
1779.0 95.00934579439253 
1727.0 95.01010101010101 
1744.0 95.00952380952381 
1692.0 95.01041666666667 
1652.0 95.01063829787235 
1685.0 95.01052631578948 
2440.0 95.0060606060606 
1909.0 95.0078125 
1937.0 95.00746268656717 
2458.0 95.00588235294117 
2484.0 95.00568181818181 
1537.0 95.01369863013699 
1514.0 95.01388888888889 
1578.0 95.01190476190476 
1540.0 95.01298701298701 
1560.0 95.0125 
1729.0 95.00980392156863 
1497.0 95.01587301587301 
1565.0 95.01219512195122 
1510.0 95.01408450704226 
1741.0 95.00970873786407 
2588.0 95.00546448087432 
1491.0 95.01754385964912 
2599.0 95.00540540540541 
2602.0 95.00518134715026 
2442.0 95.00595238095238 
2245.0 95.00694444444444 
1482.0 95.01785714285714 
2451.0 95.00591715976331 
1903.0 95.00813008130082 
2251.0 95.00680272108843 
1899.0 95.00840336134453 
1493.0 95.01724137931035 
