2333.0 95.00826446280992 
1448.0 114.02272727272727 
1459.0 106.02 
1463.0 101.02173913043478 
1465.0 97.02083333333333 
1452.0 112.02222222222223 
1454.0 108.02222222222223 
1467.0 95.0204081632653 
1741.0 95.01282051282051 
1850.0 95.01219512195122 
1455.0 106.0204081632653 
1450.0 112.02272727272727 
2101.0 95.01 
2173.0 95.00990099009901 
1939.0 95.01149425287356 
2007.0 95.01123595505618 
1534.0 95.02 
2237.0 95.00884955752213 
2301.0 95.00862068965517 
2074.0 95.01052631578948 
2015.0 95.01086956521739 
1606.0 95.01724137931035 
1891.0 95.01162790697674 
1652.0 95.01666666666667 
1580.0 95.01923076923077 
1677.0 95.01515151515152 
1700.0 95.01492537313433 
2186.0 95.00952380952381 
1867.0 95.01190476190476 
1887.0 95.01176470588236 
2206.0 95.00943396226415 
1593.0 95.01886792452831 
2320.0 95.00847457627118 
2224.0 95.0091743119266 
2307.0 95.00854700854701 
1857.0 95.01204819277109 
1723.0 95.01369863013699 
1732.0 95.01315789473684 
1709.0 95.01470588235294 
1714.0 95.01449275362319 
1656.0 95.01612903225806 
1670.0 95.015625 
1663.0 95.01587301587301 
2213.0 95.00934579439253 
2219.0 95.00925925925925 
1597.0 95.01818181818182 
1602.0 95.01785714285714 
2012.0 95.0111111111111 
