1452.0 114.02272727272727 
2620.0 100.0060606060606 
1459.0 112.01754385964912 
1462.0 106.01851851851852 
1469.0 106.01694915254237 
1480.0 102.01666666666667 
1482.0 100.01960784313725 
1454.0 112.02127659574468 
2491.0 100.00617283950618 
2283.0 100.00632911392405 
2400.0 100.00625 
1923.0 100.00961538461539 
1847.0 100.00970873786407 
1640.0 100.0125 
1710.0 100.01234567901234 
2187.0 100.00699300699301 
2119.0 100.00704225352112 
1551.0 100.01449275362319 
1617.0 100.01388888888889 
2251.0 100.00675675675676 
1492.0 100.01587301587301 
1546.0 100.01492537313433 
1713.0 100.01190476190476 
1764.0 100.01162790697674 
2076.0 100.00709219858156 
1979.0 100.00909090909092 
1942.0 100.00925925925925 
2041.0 100.00719424460432 
1814.0 100.01098901098901 
1793.0 100.0111111111111 
2021.0 100.00735294117646 
1776.0 100.01123595505618 
2267.0 100.00671140939598 
1627.0 100.01333333333334 
1826.0 100.01075268817205 
1835.0 100.01 
2002.0 100.00806451612904 
2011.0 100.0077519379845 
1774.0 100.01149425287356 
1992.0 100.00840336134453 
2270.0 100.00657894736842 
2278.0 100.00645161290322 
1984.0 100.00869565217391 
1622.0 100.01351351351352 
1989.0 100.00862068965517 
1485.0 100.01666666666667 
1466.0 106.01754385964912 
1489.0 100.01639344262296 
1456.0 112.01886792452831 
1465.0 106.01818181818182 
