0.011274663326025681 0.5002422533970534 
0.6185405574694645 0.28938540402287416 
0.012840588787973693 0.34239298922057093 
0.011901033510804886 0.4476697339000884 
0.013780144065142498 0.2897868847737811 
0.3028499843407454 0.28940527116807996 
0.4027560288130285 0.2894036999658168 
0.447228311932352 0.28939774249056827 
0.544942060757908 0.2893970325323781 
0.2336360789226433 0.2894349471207608 
0.272471030378954 0.28943380089338655 
0.1926088318196054 0.2894855770615356 
0.15753210147196994 0.28948751547965346 
0.5793924209207642 0.2893942647765911 
0.5493266520513623 0.2893956344608651 
0.4108988412151582 0.2894021625528492 
0.43877231443783277 0.2894014061785551 
0.6144691512683996 0.28938843032052036 
0.5916066395239586 0.28938905329496234 
0.09959285937989351 0.28951368412424505 
0.11963670529282806 0.2895065916878605 
0.29909176323207015 0.289419203756824 
0.28061384278108364 0.289421136478738 
0.13247729408080175 0.2895043151033417 
0.13748825555903538 0.28949773146703145 
0.1500156592546195 0.28949561529821743 
0.06827435014093329 0.2895815523976168 
0.08048856874412778 0.28957768695378844 
0.04697776385844034 0.2896476060112726 
0.05731287190729721 0.28964199897574483 
0.09019730660820545 0.28957022892099005 
0.223614155966176 0.2894384787402386 
0.20075164422173505 0.28947118624542817 
0.2092076417162543 0.28945559619464556 
0.06388975884747886 0.2896114967024741 
0.21735045411838397 0.28944730361444176 
0.40400876918258694 0.28940292710416293 
0.03069213905418102 0.2897066224360642 
0.03852176636392108 0.2896991907381276 
0.5840901973066082 0.28938968237699714 
0.027247103037895397 0.2897571018937481 
0.020357031005324145 0.28976664768863053 
0.09489508299404949 0.28952119789348424 
0.04227998747259631 0.28969200270241846 
0.015032884434700909 0.2897765678284101 
0.09301597243971187 0.28954982177629995 
0.15627936110241153 0.28948948760939075 
0.060131537738803635 0.2896162369206175 
0.09865330410272471 0.28951864419413503 
0.277168806764798 0.2894293629361167 
0.22016911994989039 0.2894421564956947 
0.1528343250861259 0.2894935365837188 
0.3025367992483558 0.28940935451859434 
0.2737237707485124 0.2894304509514471 
0.4453492013780144 0.2893991848266809 
0.4419041653617288 0.2894006578507961 
0.04384591293454432 0.28968504653882865 
0.19761979329783902 0.28947636163113905 
0.1534606952709051 0.2894914943378954 
0.1948011274663326 0.2894836714979619 
0.20043845912934544 0.2894728835493443 
0.13498277481991858 0.28949988611164235 
0.09082367679298466 0.2895596774995879 

0.010335108048856874 0.5265715190836868 
0.499217037269026 0.2104881590536768 
0.014406514249921704 0.21090800609544622 
0.012840588787973693 0.4739241225611934 
0.013466958972752897 0.36864690020417246 
0.014093329157532102 0.31604726235950503 
0.011274663326025681 0.5265607810385048 
0.011901033510804886 0.4739901130562503 
0.4948324459755716 0.2104899376569756 
0.4143438772314438 0.21049268496385695 
0.10930159724397119 0.21058905203600384 
0.15471343564046353 0.2105866428592002 
0.1688067647979956 0.21054323973694183 
0.21390541810209834 0.21054162136768154 
0.2768556216724084 0.21052400426230458 
0.3213279047917319 0.21052267152620052 
0.34168493579705606 0.21050803756113537 
0.38271218290009396 0.2105069210086061 
0.25931725649859066 0.21053241840218623 
0.2217350454118384 0.21053539309810368 
0.0416536172878171 0.2106733732241322 
0.06326338866269965 0.21066494110531947 
0.08643908549953022 0.21065305486554722 
0.06608205449420608 0.21066088119626125 
0.2649545881616035 0.21052811920662626 
0.27560288130285 0.21052535617446802 
0.3911681803946132 0.2105025961342519 
0.4008769182586909 0.2104974885372387 
0.09583463827121828 0.21060453960117018 
0.10366426558095834 0.21059917057857935 
0.4077669902912621 0.2104936226674034 
0.022862511744440966 0.2108841761944533 
0.027560288130284997 0.21082327755858288 
0.01659880989664892 0.2108958376353648 
0.03382398997807704 0.21080587794833403 
0.4065142499217037 0.21049457166858282 
0.3300970873786408 0.21051878437923002 
0.32508612590040714 0.21052006197298978 
0.3329157532101472 0.21051384665199735 
0.3376135295959912 0.2105126536440754 
0.38740995928593797 0.21050581886320585 
0.21735045411838397 0.21053691450746634 
0.1672408393360476 0.2105609449732944 
0.49514563106796117 0.21048904318496767 
0.15878484184152836 0.21057968301510044 
0.3238333855308487 0.21052135756102727 
0.10554337613529596 0.21059656580524302 
0.21703726902599435 0.21053845932312676 
0.16160350767303477 0.21057744820277496 
0.1644221735045412 0.2105668622496542 
0.08863138114625743 0.21064559683274886 
0.09145004697776386 0.21061596305349178 
0.02505480739116818 0.2108420156003893 
0.03914813654870028 0.2106964749195099 
0.03695584090197307 0.21071736688750362 
0.03476354525524585 0.21079763602769 
0.09364234262449107 0.21061013233303602 

0.28343250861259006 0.15793709030835085 
0.006263701847792045 0.6581735841844415 
0.009708737864077669 0.44763614895026355 
0.01096147823363608 0.31614084887976784 
0.011587848418415283 0.2108841761944533 
0.007516442217350454 0.6055438758171819 
0.008142812402129659 0.5003110330328603 
0.012214218603194488 0.15825656933856114 
0.09802693391794551 0.15805695183197138 
0.13216410898841216 0.15804049891721475 
0.00845599749451926 0.44764688699544564 
0.006890072032571249 0.6055571627922807 
0.2107735671782023 0.15798274918641853 
0.23332289383025367 0.15798014441308222 
0.16003758221108674 0.15802206030584925 
0.1813341684935797 0.15801526495244725 
0.03319761979329784 0.1582458312933791 
0.25336673974318824 0.15795248310331675 
0.27341058565612275 0.15794646199925144 
0.20231756968368306 0.15799659561310062 
0.18383964923269652 0.1580056258913715 
0.0557469464453492 0.1581732569190453 
0.14500469777638583 0.15802557650615612 
0.07015346069527091 0.15815813725772557 
0.047604134043219545 0.1582255942082285 
0.07798308800501096 0.1581182763324285 
0.08518634512997181 0.1581123269405932 
0.2373943000313185 0.1579702214670394 
0.13748825555903538 0.15803286006393466 
0.14375195740682745 0.15802917544058803 
0.24365800187911055 0.15796785774640182 
0.05167554024428437 0.15821604841334608 
0.27936110241152523 0.15794261801755988 
0.24929533354212338 0.15796102681061414 
0.2752896962104604 0.1579445235811336 
0.13435640463513937 0.15803663347338642 
0.09238960225493266 0.15808005352734908 
0.09520826808643909 0.1580658277465111 
0.08800501096147824 0.15810655253087055 
0.08957093642342624 0.1581009454953428 
0.07140620106482931 0.1581439930584266 
0.07579079235828375 0.15813073287158386 
0.07359849671155654 0.15813725772542703 
0.24585029752583776 0.1579655382074585 
0.24772940808017538 0.15796326162293964 
0.05292828061384278 0.15819799818302263 
0.054494206075790794 0.1581894565561732 
0.18290009395552773 0.15801198053163612 

0.009082367679298466 0.5266065344484111 
0.3025367992483558 0.1842068451952392 
0.01252740369558409 0.3686238228263688 
0.010648293141246476 0.5265129479281483 
0.011274663326025681 0.36870119991665135 
0.013153773880363295 0.2108958376353648 
0.2502348888192922 0.18421185127690937 
0.21327904791731914 0.18422275341032393 
0.2489821484497338 0.1842213205012443 
0.06764797995615408 0.21062840192379692 
0.10397745067334795 0.18431697899197835 
0.07798308800501096 0.18432683471526629 
0.07547760726589414 0.18434107076001507 
0.11274663326025681 0.18430775235741137 
0.13560914500469778 0.18429632890508976 
0.042593172564985904 0.21072297392303138 
0.02223614155966176 0.21073469772458933 
0.18634512997181335 0.18427374890353893 
0.17099906044472282 0.18427606844248223 
0.1553398058252427 0.18428580140981343 
0.14124647666771062 0.18428835510916264 
0.2085812715314751 0.18423341067160112 
0.19793297839022864 0.18424351884681742 
0.16536172878171 0.18428084133992345 
0.04384591293454432 0.2107066266504365 
0.05198872533667397 0.2106964749195099 
0.19041653617287818 0.18424711286467219 
0.11055433761352959 0.18431076176151748 
0.06201064829314125 0.21063168634460805 
0.05887879736924522 0.21068686461423286 
0.05355465079862198 0.2106916048323763 
0.021296586282492952 0.21074715426374466 
0.017225180081428124 0.21075367911758783 
0.18697150015659256 0.1842670433273207 
0.13811462574381458 0.18429095988249894 
0.16786720952082682 0.18427843216311982 
0.014406514249921704 0.210781990347823 
0.07610397745067335 0.18433027100192967 
0.016285624804259317 0.21076041445058744 
0.136235515189477 0.1842936172775186 
0.05950516755402443 0.21066494110531947 
0.06107109301597244 0.21064199789831695 
0.011587848418415283 0.3686389424876885 
0.013466958972752897 0.2108841761944533 
0.009708737864077669 0.5265827045474182 
0.010021922956467273 0.5265715190836868 

0.007516442217350454 0.6581735841844415 
0.3733166301284059 0.28942016426104783 
0.009708737864077669 0.6054207964688961 
0.010648293141246476 0.4475971738233065 
0.012840588787973693 0.44755588661254664 
0.016285624804259317 0.3423156121302884 
0.01691199498903852 0.2897765678284101 
0.008142812402129659 0.6055189980765708 
0.3329157532101472 0.28942311692218126 
0.2677732539931099 0.2894272282224931 
0.3044159098026934 0.28942514687670995 
0.15502662073285312 0.28951368412424505 
0.13122455371124334 0.2895161400811807 
0.06639523958659568 0.2895895731935607 
0.08831819605386784 0.2895855132845025 
0.23770748512370812 0.28944469406123097 
0.21641089884121517 0.2894459896492685 
0.03852176636392108 0.28964199897574483 
0.059191982461634825 0.2896261123750829 
0.25775133103664266 0.2894384787402386 
0.020043845912934545 0.28967831120582904 
0.03695584090197307 0.28965338042099525 
0.08925775133103664 0.2895739135443367 
0.10523019104290636 0.28956662998655813 
0.20294393986846226 0.28944730361444176 
0.17256498590667085 0.28949988611164235 
0.16097713748825557 0.2895043151033417 
0.19198246163482618 0.28944998826270923 
0.12088944566238648 0.28954982177629995 
0.11431255872220482 0.28955303401203814 
0.18571875978703414 0.2894541632855659 
0.10898841215158159 0.2895563184328493 
0.2627622925148763 0.2894372857323166 
0.062323833385530845 0.2896114967024741 
0.12464766677106169 0.2895436045458391 
0.12746633260256812 0.28952380266682054 
0.1797682430316317 0.2894728835493443 
0.1825869088631381 0.28946466017765865 
0.10836204196680238 0.28956311378625127 
0.17663639210773568 0.2894817979606669 
0.2637018477920451 0.28943380089338655 
0.2662073285311619 0.2894304509514471 
0.17413091136861886 0.28948948760939075 
0.060757907923582835 0.2896162369206175 
0.17569683683056686 0.28948751547965346 
0.017851550266207328 0.2896991907381276 
0.011901033510804886 0.44757153229241364 
0.019104290635765738 0.28969200270241846 
0.008769182586908864 0.605455630246713 
0.011587848418415283 0.4475883158399071 

0.010335108048856874 0.5266192437289408 
0.3711243344816787 0.15784926417648243 
0.01252740369558409 0.3687451018118472 
0.011274663326025681 0.5265715190836868 
0.013780144065142498 0.2108958376353648 
0.16003758221108674 0.1579089347823072 
0.252740369558409 0.15790493616886644 
0.015032884434700909 0.1582255942082285 
0.014406514249921704 0.21087299073072197 
0.3595364860632634 0.15786501630982275 
0.3329157532101472 0.15786830103819233 
0.2812402129658628 0.15788409339630793 
0.30660820544942063 0.1578820634417792 
0.12308174130911369 0.15795248310331675 
0.14594425305355466 0.15794646199925144 
0.25931725649859066 0.15789274741298454 
0.27560288130285 0.15788939747104505 
0.05355465079862198 0.15801198053163612 
0.0689007203257125 0.15800255106543706 
0.12182900093955527 0.15796326162293964 
0.1099279674287504 0.1579655382074585 
0.09364234262449107 0.1579854065814382 
0.09896648919511432 0.1579702214670394 
0.082680864390855 0.15799371094087522 
0.07015346069527091 0.15799954166133096 
0.08048856874412778 0.15799659561310062 
0.3169433134982775 0.15787911078064581 
0.1506420294393987 0.1579251999755207 
0.15941121202630754 0.1579159970100254 
0.3225806451612903 0.15787442126002263 
0.33072345756342 0.15786914554932155 
0.034137175070466645 0.15808005352734908 
0.026933917945505793 0.15808505889468086 
0.04697776385844034 0.15803286006393466 
0.035076730347635456 0.15806133215343263 
0.0413404321954275 0.15804851971315867 
0.09426871280927028 0.15797759071373302 
0.021609771374882555 0.15813725772542703 
0.04290635765737551 0.15804049891721475 
0.025681177575947386 0.1580902052582757 
0.09802693391794551 0.15797508660077866 
0.3632947071719386 0.15786342779364398 
0.01973066082054494 0.1581812146355292 
0.3667397431882242 0.1578618736237609 
0.36767929846539305 0.15785597905197604 
0.3175696836830567 0.15787626357169612 
0.25587222048230507 0.15790236298706922 
0.01691199498903852 0.1581894565561732 
0.32038834951456313 0.15787533696523323 
0.14876291888506107 0.15793355497129583 
0.25775133103664266 0.15789863449915878 
0.14751017851550266 0.1579407444802649 
0.020357031005324145 0.1581732569190453 

0.008142812402129659 0.5265504640931338 
0.4688380833072346 0.15791310980516388 
0.009395552771688067 0.5265405439533541 
0.01252740369558409 0.3686912797768717 
0.013153773880363295 0.31604726235950503 
0.013780144065142498 0.21082327755858288 
0.21735045411838397 0.1579318300689423 
0.3028499843407454 0.15792846240244232 
0.4296899467585343 0.15791897170594288 
0.361415596617601 0.15792203793096596 
0.014406514249921704 0.1581812146355292 
0.3366739743188224 0.157926818344781 
0.46226119636705293 0.15791454271424352 
0.1384278108362042 0.15797508660077866 
0.1697463200751644 0.1579702214670394 
0.05324146570623239 0.15802206030584925 
0.0836204196680238 0.15801862401918587 
0.17287817099906044 0.1579545618178154 
0.19949890385217664 0.15795044085749338 
0.136235515189477 0.15799088574642758 
0.11368618853742563 0.15799371094087522 
0.3438772314437833 0.1579251999755207 
0.10178515502662074 0.1580056258913715 
0.01534606952709051 0.1581732569190453 
0.026933917945505793 0.15816556895566217 
0.0970873786407767 0.15801198053163612 
0.08549953022236141 0.15801526495244725 
0.035703100532414656 0.1581244087824743 
0.1099279674287504 0.15799659561310062 
0.20231756968368306 0.1579445235811336 
0.20889445662386472 0.15794261801755988 
0.040400876918258694 0.15808505889468086 
0.04885687441277795 0.15804049891721475 
0.05292828061384278 0.15803663347338642 
0.04415909802693392 0.15808005352734908 
0.21171312245537113 0.15793890216859177 
0.21453178828687755 0.15793355497129583 
0.04635139367366113 0.15806133215343263 
0.17193861572189165 0.15796785774640182 
0.17225180081428124 0.1579655382074585 

0.008142812402129659 0.5264456826167095 
0.4202943939868462 0.15784090307344875 
0.012840588787973693 0.3160002133984989 
0.009082367679298466 0.47386409730862705 
0.010335108048856874 0.36868173398198933 
0.014093329157532102 0.2108622526855399 
0.01096147823363608 0.3160653125898285 
0.014719699342311305 0.1582255942082285 
0.32821797682430315 0.15786914554932155 
0.2768556216724084 0.1578708636926536 
0.35515189476980896 0.1578479998145603 
0.39711869715001563 0.15784737684011832 
0.17726276229251486 0.15792846240244232 
0.137801440651425 0.15793355497129583 
0.24459755715627937 0.15788723530045168 
0.21515815847165676 0.15789161616897454 
0.11713122455371125 0.15799371094087522 
0.09207641716254306 0.15799659561310062 
0.06764797995615408 0.1580056258913715 
0.3488881929220169 0.1578581313462789 
0.33072345756342 0.15786342779364398 
0.25963044159098025 0.15788409339630793 
0.20357031005324147 0.15790758287014375 
0.18979016598809897 0.1579089347823072 
0.2621359223300971 0.15787533696523323 
0.27466332602568116 0.1578735162648148 
0.4080801753836517 0.15784203085013693 
0.11838396492326965 0.15797263064384304 
0.01973066082054494 0.1581732569190453 
0.05731287190729721 0.15802206030584925 
0.03977450673347949 0.15813725772542703 
0.06576886940181648 0.15801862401918587 
0.028186658315064204 0.15816556895566217 
0.03131850923896023 0.15815094922201642 
0.1255872220482305 0.1579655382074585 
0.18290009395552773 0.15791897170594288 
0.2098340119010335 0.15789623225191457 
0.05355465079862198 0.15805695183197138 
0.04791731913560914 0.15806133215343263 
0.13279047917319137 0.15793709030835085 
0.018791105543376135 0.15819799818302263 
0.35202004384591296 0.15785527641294259 
0.4005637331663013 0.15784554368565892 
0.02943939868462261 0.15815813725772557 
0.35233322893830255 0.15785389264423347 
0.1797682430316317 0.15792203793096596 
0.0416536172878171 0.1581182763324285 
0.04447228311932352 0.15810655253087055 
0.015972439711869714 0.15821604841334608 
0.21233949264015034 0.15789389364035877 
0.12809270278734733 0.1579445235811336 
0.32853116191669274 0.15786421768767794 
0.13059818352646413 0.15793890216859177 
0.4027560288130285 0.15784435054247214 
0.0554337613529596 0.15804851971315867 
0.4062010648293141 0.15784260264345787 
0.4043219542749765 0.15784376241292972 
0.04572502348888193 0.1580954986608303 
0.04729094895082994 0.1580658277465111 

0.007829627309740057 0.5264589428035523 
0.5615408706545568 0.2104682905354177 
0.008769182586908864 0.5264522074705527 
0.009708737864077669 0.3687334403709357 
0.013153773880363295 0.21080587794833403 
0.01252740369558409 0.3423307317916081 
0.36454744754149704 0.21051384665199735 
0.5377388036329471 0.2104767740903139 
0.4882555590353899 0.21047906787757553 
0.011901033510804886 0.3686725417350653 
0.1390541810209834 0.21060730713858838 
0.32696523645474473 0.21051628169556416 
0.4325086125900407 0.21048728508481443 
0.4688380833072346 0.21048642110416757 
0.31475101785155024 0.2105295311973247 
0.2790479173191356 0.21053389456707777 
0.10491700595051676 0.21061596305349178 
0.21453178828687755 0.21056485552114954 
0.18509238960225494 0.2105866428592002 
0.2768556216724084 0.21054162136768154 
0.14563106796116504 0.21060453960117018 
0.17381772627622924 0.21059150799293946 
0.249608518634513 0.2105482514611031 
0.10021922956467272 0.21064199789831695 
0.07328531161916693 0.21066088119626125 
0.3886626996554964 0.21050916880514534 
0.3927341058565612 0.21050365669261248 
0.41340432195427496 0.21049949350699781 
0.23488881929220168 0.2105609449732944 
0.05355465079862198 0.2106964749195099 
0.0689007203257125 0.2106916048323763 
0.027247103037895397 0.21073469772458933 
0.040400876918258694 0.21072874833275404 
0.32633886626996556 0.21052535617446802 
0.549639837143752 0.2104752853536081 
0.1841528343250861 0.21058905203600384 
0.4826182273723771 0.2104798491858048 
0.025367992483557783 0.21075367911758783 
0.017538365173817728 0.2107745586498864 
0.42123394926401503 0.21049175835739403 
0.42843720638897587 0.2104899376569756 
0.5546507986219856 0.2104703140363943 
0.04635139367366113 0.2107066266504365 
0.052301910429063576 0.21070148028684166 
0.473222674600689 0.21048556694148235 
0.47886000626370184 0.21048063907983877 
0.4171625430629502 0.21049457166858282 
0.04290635765737551 0.21072297392303138 
0.24616348261822737 0.21054997636345663 
0.2383338553084873 0.2105590394097207 
0.24115252113999375 0.2105571658724257 
0.24428437206388975 0.21055532356075257 
0.07203257124960852 0.2106691037968854 
0.10209834011901034 0.21063168634460805 
0.01534606952709051 0.2107896783112061 
0.016285624804259317 0.210781990347823 
0.2777951769495772 0.21053539309810368 
0.02630754776072659 0.2107408301746351 
0.24459755715627937 0.21055351170051168 
0.0704666457876605 0.21068686461423286 
0.010648293141246476 0.3687222549072044 
0.014093329157532102 0.21079763602769 

0.010021922956467273 0.68452554467658 
0.3730034450360163 0.15786830103819233 
0.010335108048856874 0.5265943659883296 
0.2759160663952396 0.1578851275240872 
0.3564046351393674 0.15788307211483701 
0.012840588787973693 0.2108420156003893 
0.011901033510804886 0.3160653125898285 
0.010648293141246476 0.47391457676631094 
0.011587848418415283 0.36871151686202236 
0.013466958972752897 0.15820685616642205 
0.16035076730347636 0.15793709030835085 
0.1262135922330097 0.1579566779866294 
0.1500156592546195 0.1579545618178154 
0.06420294393986846 0.15805268240472456 
0.17914187284685248 0.157935308150737 
0.047604134043219545 0.15805695183197138 
0.01534606952709051 0.1581182763324285 
0.031631694331349824 0.1581123269405932 
0.11932352020043846 0.15798014441308222 
0.24553711243344817 0.15789389364035877 
0.2618227372377075 0.1578904996164453 
0.10303789539617914 0.15798274918641853 
0.07610397745067335 0.15800876829589794 
0.09207641716254306 0.15799954166133096 
0.1938615721891638 0.1579159970100254 
0.20732853116191668 0.15791310980516388 
0.2389602254932665 0.15790236298706922 
0.22893830253679925 0.15790625013403972 
0.03914813654870028 0.15808005352734908 
0.1528343250861259 0.15795044085749338 
0.2192295646727216 0.1579089347823072 
0.22674600689007204 0.15790758287014375 
0.04603820858127153 0.1580658277465111 
0.21233949264015034 0.1579103062874002 
0.0689007203257125 0.15802206030584925 
0.07453805198872533 0.15801862401918587 
0.35671782023175697 0.1578820634417792 
0.3623551518947698 0.15787626357169612 
0.18446601941747573 0.1579318300689423 
0.37049796429689946 0.15787173766151597 
0.36580018791105545 0.1578735162648148 
0.21202630754776072 0.15791169781446543 
0.09646100845599749 0.15798811820900938 
0.10084559974945193 0.1579854065814382 
0.24146570623238334 0.15789986030340333 
0.12245537112433448 0.15796785774640182 
0.06733479486376448 0.15804851971315867 
0.12182900093955527 0.1579702214670394 
0.18822424052615094 0.15792203793096596 
0.1910429063576574 0.1579204931153055 
0.09426871280927028 0.15799659561310062 
0.3636078922643282 0.15787533696523323 
0.18728468524898215 0.15792846240244232 
0.18540557469464453 0.15793013276502613 

