1464.0 108.01960784313725 
3403.0 100.00473933649289 
1469.0 102.01960784313725 
1466.0 106.02127659574468 
1472.0 100.02 
2395.0 100.00549450549451 
2714.0 100.0054347826087 
2856.0 100.00520833333333 
3168.0 100.00518134715026 
2174.0 100.00662251655629 
2298.0 100.00657894736842 
2043.0 100.00854700854701 
1931.0 100.00862068965517 
3278.0 100.00507614213198 
3182.0 100.0051282051282 
2740.0 100.00537634408602 
2829.0 100.00534759358288 
3390.0 100.00485436893204 
3317.0 100.00487804878048 
1746.0 100.00961538461539 
1810.0 100.00934579439253 
2383.0 100.00602409638554 
2324.0 100.0060975609756 
1851.0 100.00925925925925 
1867.0 100.009009009009 
1907.0 100.00892857142857 
1646.0 100.01219512195122 
1685.0 100.01204819277109 
1578.0 100.01470588235294 
1611.0 100.01449275362319 
1716.0 100.01176470588236 
2142.0 100.00675675675676 
2069.0 100.008 
2096.0 100.00740740740741 
1632.0 100.01333333333334 
2122.0 100.00709219858156 
2718.0 100.00540540540541 
1526.0 100.01694915254237 
1551.0 100.01666666666667 
3293.0 100.00490196078431 
1515.0 100.01886792452831 
1493.0 100.01923076923077 
1731.0 100.00990099009901 
1563.0 100.01639344262296 
1476.0 100.01960784313725 
1725.0 100.01098901098901 
1927.0 100.00869565217391 
1620.0 100.01351351351352 
1743.0 100.00980392156863 
2313.0 100.00641025641026 
2131.0 100.00689655172414 
1916.0 100.00884955752213 
2394.0 100.00564971751412 
2302.0 100.00645161290322 
2850.0 100.00526315789473 
2839.0 100.00531914893617 
1568.0 100.01612903225806 
2059.0 100.00819672131148 
1918.0 100.00877192982456 
2050.0 100.00847457627118 
2068.0 100.00806451612904 
1859.0 100.00909090909092 
1718.0 100.01136363636364 

1461.0 109.0204081632653 
3022.0 97.00578034682081 
1474.0 97.02173913043478 
1469.0 107.01923076923077 
1471.0 103.01754385964912 
1473.0 101.01818181818182 
1464.0 109.02 
1466.0 107.02173913043478 
3008.0 97.00584795321637 
2751.0 97.00595238095238 
1777.0 97.00961538461539 
1922.0 97.00952380952381 
1967.0 97.00787401574803 
2111.0 97.0078125 
2312.0 97.00714285714285 
2454.0 97.00709219858156 
2519.0 97.00653594771242 
2650.0 97.00649350649351 
2256.0 97.00746268656717 
2136.0 97.00757575757575 
1561.0 97.01282051282051 
1630.0 97.0125 
1704.0 97.01204819277109 
1639.0 97.01234567901234 
2274.0 97.00729927007299 
2308.0 97.00719424460432 
2677.0 97.00632911392405 
2708.0 97.00613496932516 
1734.0 97.01020408163265 
1759.0 97.01 
2730.0 97.0059880239521 
1501.0 97.02083333333333 
1516.0 97.01851851851852 
1481.0 97.02127659574468 
1536.0 97.01785714285714 
2726.0 97.00602409638554 
2482.0 97.00694444444444 
2466.0 97.00699300699301 
2491.0 97.00675675675676 
2506.0 97.00671140939598 
2665.0 97.00645161290322 
2122.0 97.00763358778626 
1962.0 97.00854700854701 
3009.0 97.00581395348837 
1935.0 97.00925925925925 
2462.0 97.00704225352112 
1765.0 97.00990099009901 
2121.0 97.00769230769231 
1944.0 97.0091743119266 
1953.0 97.00877192982456 
1711.0 97.01176470588236 
1720.0 97.01063829787235 
1508.0 97.01923076923077 
1553.0 97.01369863013699 
1546.0 97.01449275362319 
1539.0 97.01754385964912 
1727.0 97.01041666666667 

2333.0 95.00826446280992 
1448.0 114.02272727272727 
1459.0 106.02 
1463.0 101.02173913043478 
1465.0 97.02083333333333 
1452.0 112.02222222222223 
1454.0 108.02222222222223 
1467.0 95.0204081632653 
1741.0 95.01282051282051 
1850.0 95.01219512195122 
1455.0 106.0204081632653 
1450.0 112.02272727272727 
2101.0 95.01 
2173.0 95.00990099009901 
1939.0 95.01149425287356 
2007.0 95.01123595505618 
1534.0 95.02 
2237.0 95.00884955752213 
2301.0 95.00862068965517 
2074.0 95.01052631578948 
2015.0 95.01086956521739 
1606.0 95.01724137931035 
1891.0 95.01162790697674 
1652.0 95.01666666666667 
1580.0 95.01923076923077 
1677.0 95.01515151515152 
1700.0 95.01492537313433 
2186.0 95.00952380952381 
1867.0 95.01190476190476 
1887.0 95.01176470588236 
2206.0 95.00943396226415 
1593.0 95.01886792452831 
2320.0 95.00847457627118 
2224.0 95.0091743119266 
2307.0 95.00854700854701 
1857.0 95.01204819277109 
1723.0 95.01369863013699 
1732.0 95.01315789473684 
1709.0 95.01470588235294 
1714.0 95.01449275362319 
1656.0 95.01612903225806 
1670.0 95.015625 
1663.0 95.01587301587301 
2213.0 95.00934579439253 
2219.0 95.00925925925925 
1597.0 95.01818181818182 
1602.0 95.01785714285714 
2012.0 95.0111111111111 

1457.0 109.02173913043478 
2394.0 96.00680272108843 
1468.0 103.01666666666667 
1462.0 109.01818181818182 
1464.0 103.01960784313725 
1470.0 97.02127659574468 
2227.0 96.00699300699301 
2109.0 96.00740740740741 
2223.0 96.00735294117646 
1644.0 97.0111111111111 
1760.0 96.01098901098901 
1677.0 96.01136363636364 
1669.0 96.01190476190476 
1788.0 96.01063829787235 
1861.0 96.01020408163265 
1564.0 97.01470588235294 
1499.0 97.01515151515152 
2023.0 96.00934579439253 
1974.0 96.00943396226415 
1924.0 96.00980392156863 
1879.0 96.00990099009901 
2094.0 96.0078125 
2060.0 96.00819672131148 
1956.0 96.00961538461539 
1568.0 97.01408450704226 
1594.0 97.01369863013699 
2036.0 96.00833333333334 
1781.0 96.01075268817205 
1626.0 97.01123595505618 
1616.0 97.01333333333334 
1599.0 97.01351351351352 
1496.0 97.015625 
1483.0 97.01587301587301 
2025.0 96.00909090909092 
1869.0 96.01 
1964.0 96.00952380952381 
1474.0 97.01694915254237 
1671.0 96.01149425287356 
1480.0 97.01612903225806 
1863.0 96.01010101010101 
1618.0 97.0125 
1623.0 97.01162790697674 
1465.0 103.01724137931035 
1471.0 97.02083333333333 
1459.0 109.02083333333333 
1460.0 109.0204081632653 

1452.0 114.02272727272727 
2620.0 100.0060606060606 
1459.0 112.01754385964912 
1462.0 106.01851851851852 
1469.0 106.01694915254237 
1480.0 102.01666666666667 
1482.0 100.01960784313725 
1454.0 112.02127659574468 
2491.0 100.00617283950618 
2283.0 100.00632911392405 
2400.0 100.00625 
1923.0 100.00961538461539 
1847.0 100.00970873786407 
1640.0 100.0125 
1710.0 100.01234567901234 
2187.0 100.00699300699301 
2119.0 100.00704225352112 
1551.0 100.01449275362319 
1617.0 100.01388888888889 
2251.0 100.00675675675676 
1492.0 100.01587301587301 
1546.0 100.01492537313433 
1713.0 100.01190476190476 
1764.0 100.01162790697674 
2076.0 100.00709219858156 
1979.0 100.00909090909092 
1942.0 100.00925925925925 
2041.0 100.00719424460432 
1814.0 100.01098901098901 
1793.0 100.0111111111111 
2021.0 100.00735294117646 
1776.0 100.01123595505618 
2267.0 100.00671140939598 
1627.0 100.01333333333334 
1826.0 100.01075268817205 
1835.0 100.01 
2002.0 100.00806451612904 
2011.0 100.0077519379845 
1774.0 100.01149425287356 
1992.0 100.00840336134453 
2270.0 100.00657894736842 
2278.0 100.00645161290322 
1984.0 100.00869565217391 
1622.0 100.01351351351352 
1989.0 100.00862068965517 
1485.0 100.01666666666667 
1466.0 106.01754385964912 
1489.0 100.01639344262296 
1456.0 112.01886792452831 
1465.0 106.01818181818182 

1461.0 109.02222222222223 
2613.0 95.00492610837438 
1468.0 103.02127659574468 
1464.0 109.0204081632653 
1472.0 97.02127659574468 
1939.0 95.00719424460432 
2235.0 95.00704225352112 
1476.0 95.01923076923077 
1474.0 97.0204081632653 
2576.0 95.00552486187846 
2491.0 95.00564971751412 
2326.0 95.00625 
2407.0 95.00617283950618 
1821.0 95.00884955752213 
1894.0 95.00862068965517 
2256.0 95.00657894736842 
2308.0 95.00645161290322 
1599.0 95.0111111111111 
1648.0 95.01075268817205 
1817.0 95.00925925925925 
1779.0 95.00934579439253 
1727.0 95.01010101010101 
1744.0 95.00952380952381 
1692.0 95.01041666666667 
1652.0 95.01063829787235 
1685.0 95.01052631578948 
2440.0 95.0060606060606 
1909.0 95.0078125 
1937.0 95.00746268656717 
2458.0 95.00588235294117 
2484.0 95.00568181818181 
1537.0 95.01369863013699 
1514.0 95.01388888888889 
1578.0 95.01190476190476 
1540.0 95.01298701298701 
1560.0 95.0125 
1729.0 95.00980392156863 
1497.0 95.01587301587301 
1565.0 95.01219512195122 
1510.0 95.01408450704226 
1741.0 95.00970873786407 
2588.0 95.00546448087432 
1491.0 95.01754385964912 
2599.0 95.00540540540541 
2602.0 95.00518134715026 
2442.0 95.00595238095238 
2245.0 95.00694444444444 
1482.0 95.01785714285714 
2451.0 95.00591715976331 
1903.0 95.00813008130082 
2251.0 95.00680272108843 
1899.0 95.00840336134453 
1493.0 95.01724137931035 

1454.0 109.01960784313725 
2925.0 95.00735294117646 
1458.0 109.01923076923077 
1468.0 103.01923076923077 
1470.0 101.01818181818182 
1472.0 97.01851851851852 
2122.0 95.00806451612904 
2395.0 95.0079365079365 
2800.0 95.00757575757575 
2582.0 95.00769230769231 
1474.0 95.01754385964912 
2503.0 95.00787401574803 
2904.0 95.00740740740741 
1870.0 95.00970873786407 
1970.0 95.00952380952381 
1598.0 95.01149425287356 
1695.0 95.01136363636364 
1980.0 95.00892857142857 
2065.0 95.00877192982456 
1863.0 95.01030927835052 
1791.0 95.01041666666667 
2526.0 95.0078125 
1753.0 95.01086956521739 
1477.0 95.01724137931035 
1514.0 95.01694915254237 
1738.0 95.0111111111111 
1701.0 95.01123595505618 
1542.0 95.01538461538462 
1779.0 95.01052631578948 
2074.0 95.00854700854701 
2095.0 95.00847457627118 
1557.0 95.01388888888889 
1584.0 95.01219512195122 
1597.0 95.01204819277109 
1569.0 95.01369863013699 
2104.0 95.00833333333334 
2113.0 95.00813008130082 
1576.0 95.01298701298701 
1977.0 95.00943396226415 
1978.0 95.00934579439253 

1454.0 109.015625 
2770.0 95.00460829493088 
1469.0 101.01639344262296 
1457.0 107.01694915254237 
1461.0 103.01886792452831 
1473.0 97.02 
1463.0 101.01886792452831 
1475.0 95.01923076923077 
2476.0 95.00568181818181 
2312.0 95.00574712643679 
2562.0 95.00487804878048 
2696.0 95.00485436893204 
1994.0 95.0079365079365 
1868.0 95.00813008130082 
2209.0 95.00636942675159 
2115.0 95.00653594771242 
1802.0 95.01041666666667 
1722.0 95.01052631578948 
1644.0 95.01086956521739 
2542.0 95.00526315789473 
2484.0 95.00546448087432 
2257.0 95.00625 
2078.0 95.00714285714285 
2034.0 95.00719424460432 
2265.0 95.00591715976331 
2305.0 95.00584795321637 
2731.0 95.0046511627907 
1806.0 95.00961538461539 
1491.0 95.01724137931035 
1611.0 95.01149425287356 
1555.0 95.01587301587301 
1638.0 95.01136363636364 
1518.0 95.01694915254237 
1528.0 95.01639344262296 
1829.0 95.00934579439253 
2012.0 95.00757575757575 
2098.0 95.00671140939598 
1599.0 95.01282051282051 
1581.0 95.01298701298701 
1852.0 95.00826446280992 
1488.0 95.01818181818182 
2552.0 95.00515463917526 
2707.0 95.00478468899522 
1522.0 95.01666666666667 
2553.0 95.00510204081633 
2002.0 95.00769230769231 
1561.0 95.01515151515152 
1570.0 95.01470588235294 
1479.0 95.01886792452831 
2106.0 95.00662251655629 
1837.0 95.00854700854701 
2477.0 95.00549450549451 
1845.0 95.00833333333334 
2714.0 95.00473933649289 
1605.0 95.0125 
2725.0 95.00467289719626 
2719.0 95.00471698113208 
1574.0 95.01428571428572 
1579.0 95.01315789473684 

1453.0 109.01612903225806 
3221.0 97.00502512562814 
1456.0 109.01587301587301 
1459.0 103.02083333333333 
1470.0 97.01785714285714 
1468.0 102.01724137931035 
2592.0 97.00675675675676 
3145.0 97.00534759358288 
2987.0 97.0054347826087 
1466.0 103.01851851851852 
1872.0 97.01030927835052 
2472.0 97.0068493150685 
2809.0 97.00574712643679 
2925.0 97.00571428571429 
2433.0 97.00735294117646 
2319.0 97.00751879699249 
1763.0 97.01063829787235 
2113.0 97.00869565217391 
2019.0 97.00952380952381 
2312.0 97.0078125 
1893.0 97.01020408163265 
1983.0 97.00970873786407 
2225.0 97.00806451612904 
1748.0 97.01162790697674 
1662.0 97.01234567901234 
2669.0 97.00657894736842 
2682.0 97.00636942675159 
2748.0 97.00621118012423 
2178.0 97.00854700854701 
1599.0 97.01369863013699 
1648.0 97.01351351351352 
1515.0 97.01515151515152 
1557.0 97.01492537313433 
2470.0 97.00719424460432 
3183.0 97.005291005291 
2016.0 97.00961538461539 
2969.0 97.00546448087432 
1509.0 97.01587301587301 
1484.0 97.01666666666667 
2773.0 97.00591715976331 
2796.0 97.00584795321637 
3199.0 97.00510204081633 
1576.0 97.01408450704226 
1595.0 97.01388888888889 
2939.0 97.00568181818181 
2957.0 97.00549450549451 
2760.0 97.00602409638554 
1565.0 97.01470588235294 
2214.0 97.00813008130082 
2189.0 97.00847457627118 
2198.0 97.00840336134453 
2208.0 97.00833333333334 
1658.0 97.0126582278481 
1754.0 97.01123595505618 
1477.0 97.01724137931035 
1480.0 97.01694915254237 
2315.0 97.00757575757575 
1512.0 97.01538461538462 
2209.0 97.00826446280992 
1653.0 97.01333333333334 
1462.0 103.0204081632653 
1473.0 97.01754385964912 

1460.0 115.02439024390245 
2619.0 95.00564971751412 
1461.0 109.02127659574468 
2309.0 95.00628930817611 
2566.0 95.00621118012423 
1469.0 97.01923076923077 
1466.0 101.01886792452831 
1462.0 107.01886792452831 
1465.0 103.02 
1471.0 95.01851851851852 
1940.0 95.00826446280992 
1831.0 95.009009009009 
1907.0 95.00892857142857 
1633.0 95.0126582278481 
2000.0 95.00819672131148 
1580.0 95.01282051282051 
1477.0 95.01515151515152 
1529.0 95.01492537313433 
1809.0 95.00990099009901 
2212.0 95.00662251655629 
2264.0 95.00649350649351 
1757.0 95.01 
1671.0 95.01098901098901 
1722.0 95.01063829787235 
2047.0 95.00746268656717 
2090.0 95.00735294117646 
2191.0 95.00694444444444 
2159.0 95.00709219858156 
1553.0 95.01369863013699 
1916.0 95.00877192982456 
2128.0 95.00719424460432 
2152.0 95.00714285714285 
1575.0 95.01315789473684 
2106.0 95.0072463768116 
1648.0 95.01149425287356 
1666.0 95.01136363636364 
2567.0 95.00617283950618 
2585.0 95.00595238095238 
2017.0 95.00806451612904 
2611.0 95.00578034682081 
2596.0 95.00584795321637 
2105.0 95.00729927007299 
1736.0 95.01020408163265 
1750.0 95.01010101010101 
2199.0 95.0068493150685 
1819.0 95.00943396226415 
1643.0 95.0125 
1817.0 95.00952380952381 
2029.0 95.00769230769231 
2038.0 95.00763358778626 
1729.0 95.01052631578948 
2589.0 95.00591715976331 
2026.0 95.0079365079365 
2020.0 95.008 

