0.17005545286506468 0.3461883408071748 
0.15157116451016636 0.3542600896860987 
0.1589648798521257 0.34977578475336313 

0.21811460258780038 0.3432531593966571 
0.1866913123844732 0.34977578475336313 
0.19038817005545286 0.3461883408071748 

0.133086876155268 0.34977578475336313 
0.22365988909426987 0.33289369559482984 
0.18299445471349354 0.33873749568816824 
0.1645101663585952 0.3461883408071748 
0.20702402957486138 0.3369634849455477 
0.17190388170055454 0.3408071748878923 
0.16820702402957485 0.3432531593966571 

0.19038817005545286 0.3461883408071748 
0.3179297597042514 0.3408071748878923 
0.20147874306839186 0.3432531593966571 

0.17929759704251386 0.34977578475336313 
0.7578558225508318 0.32543241511851373 
0.34750462107208874 0.3369634849455477 
0.5656192236598891 0.3273542600896862 
0.22365988909426987 0.3408071748878923 
0.42513863216266173 0.32857725234406865 
0.37153419593345655 0.3318385650224215 
0.1977818853974122 0.3461883408071748 
0.2199630314232902 0.3432531593966571 
0.39371534195933455 0.3300448430493273 
0.3974121996303142 0.3292761050608584 

0.19038817005545286 0.3461883408071748 
0.19593345656192238 0.3432531593966571 

0.6025878003696857 0.3300448430493273 
0.16635859519408502 0.3542600896860987 
0.5878003696857671 0.33289369559482984 
0.3900184842883549 0.33408071748878926 
0.21811460258780038 0.3461883408071748 
0.3197781885397412 0.3354260089686098 
0.23844731977818853 0.3432531593966571 
0.266173752310536 0.3408071748878923 
0.2920517560073937 0.3369634849455477 
0.27171903881700554 0.33873749568816824 

0.3826247689463956 0.3308945008260561 
0.1977818853974122 0.3542600896860987 
0.21626617375231053 0.3461883408071748 
0.26062846580406657 0.3408071748878923 
0.2809611829944547 0.3369634849455477 
0.3179297597042514 0.3354260089686098 
0.2088724584103512 0.34977578475336313 
0.3456561922365989 0.33408071748878926 
0.35489833641404805 0.3318385650224215 
0.2698706099815157 0.33873749568816824 
0.35304990757855825 0.33289369559482984 

0.18114602587800369 0.3542600896860987 
0.5249537892791127 0.33408071748878926 
0.31608133086876156 0.3408071748878923 
0.21626617375231053 0.3461883408071748 
0.4658040665434381 0.3354260089686098 
0.3955637707948244 0.33873749568816824 
0.18484288354898337 0.34977578475336313 
0.43622920517560076 0.3369634849455477 

0.18299445471349354 0.3461883408071748 
0.4805914972273567 0.3308945008260561 
0.38632162661737524 0.3354260089686098 
0.2199630314232902 0.33873749568816824 
0.2144177449168207 0.3408071748878923 
0.4658040665434381 0.3318385650224215 

