686.0 4.1 
676.0 4.125 
680.0 4.111111111111111 

712.0 4.090909090909091 
695.0 4.111111111111111 
697.0 4.1 

666.0 4.111111111111111 
715.0 4.0588235294117645 
693.0 4.076923076923077 
683.0 4.1 
706.0 4.071428571428571 
687.0 4.083333333333333 
685.0 4.090909090909091 

697.0 4.1 
766.0 4.083333333333333 
703.0 4.090909090909091 

691.0 4.111111111111111 
1004.0 4.035714285714286 
782.0 4.071428571428571 
900.0 4.041666666666667 
715.0 4.083333333333333 
824.0 4.045454545454546 
795.0 4.055555555555555 
701.0 4.1 
713.0 4.090909090909091 
807.0 4.05 
809.0 4.0476190476190474 

697.0 4.1 
700.0 4.090909090909091 

920.0 4.05 
684.0 4.125 
912.0 4.0588235294117645 
805.0 4.0625 
712.0 4.1 
767.0 4.066666666666666 
723.0 4.090909090909091 
738.0 4.083333333333333 
752.0 4.071428571428571 
741.0 4.076923076923077 

801.0 4.052631578947368 
701.0 4.125 
711.0 4.1 
735.0 4.083333333333333 
746.0 4.071428571428571 
766.0 4.066666666666666 
707.0 4.111111111111111 
781.0 4.0625 
786.0 4.055555555555555 
740.0 4.076923076923077 
785.0 4.0588235294117645 

692.0 4.125 
878.0 4.0625 
765.0 4.083333333333333 
711.0 4.1 
846.0 4.066666666666666 
808.0 4.076923076923077 
694.0 4.111111111111111 
830.0 4.071428571428571 

693.0 4.1 
854.0 4.052631578947368 
803.0 4.066666666666666 
713.0 4.076923076923077 
710.0 4.083333333333333 
846.0 4.055555555555555 

