1548.0 3.027027027027027 
1265.0 3.033333333333333 
1495.0 3.0303030303030303 
1291.0 3.032258064516129 
1498.0 3.0277777777777777 
1496.0 3.0285714285714285 
937.0 3.076923076923077 
935.0 3.090909090909091 
936.0 3.0833333333333335 
1262.0 3.0416666666666665 
1115.0 3.05 
1186.0 3.0476190476190474 
1031.0 3.066666666666667 
1080.0 3.0625 
1232.0 3.0454545454545454 
1111.0 3.0588235294117645 
1246.0 3.0434782608695654 
1027.0 3.0714285714285716 
1113.0 3.0555555555555554 
929.0 4.076923076923077 
