939.0 4.1 

1485.0 4.033333333333333 
1014.0 4.076923076923077 
1065.0 4.0625 
1270.0 4.038461538461538 
1117.0 4.0588235294117645 
1410.0 4.037037037037037 
1132.0 4.0476190476190474 
1238.0 4.041666666666667 
1166.0 4.043478260869565 
1425.0 4.0344827586206895 
1142.0 4.045454545454546 
1413.0 4.035714285714286 

969.0 4.111111111111111 
1404.0 4.045454545454546 
1345.0 4.055555555555555 
1368.0 4.052631578947368 
1380.0 4.0476190476190474 
1375.0 4.05 

967.0 4.1 
1548.0 3.027027027027027 
1265.0 3.033333333333333 
1193.0 4.045454545454546 
1495.0 3.0303030303030303 
1291.0 3.032258064516129 
1180.0 4.05 
1095.0 4.055555555555555 
1498.0 3.0277777777777777 
1043.0 4.066666666666666 
1010.0 4.076923076923077 
1077.0 4.0625 
985.0 4.083333333333333 
970.0 4.090909090909091 
1088.0 4.0588235294117645 
1496.0 3.0285714285714285 

1026.0 4.090909090909091 
1366.0 4.038461538461538 
1110.0 4.071428571428571 
1156.0 4.05 
1260.0 4.0476190476190474 
1286.0 4.043478260869565 
1363.0 4.041666666666667 
1142.0 4.0588235294117645 
1146.0 4.055555555555555 
1282.0 4.045454545454546 
1364.0 4.04 

937.0 3.076923076923077 
935.0 3.090909090909091 
936.0 3.0833333333333335 

1465.0 3.04 
968.0 4.1 
972.0 3.111111111111111 
1262.0 3.0416666666666665 
1115.0 3.05 
1186.0 3.0476190476190474 
1031.0 3.066666666666667 
1080.0 3.0625 
1232.0 3.0454545454545454 
1014.0 3.1 
1111.0 3.0588235294117645 
1246.0 3.0434782608695654 
1017.0 3.090909090909091 
1022.0 3.0833333333333335 
1026.0 3.076923076923077 
1027.0 3.0714285714285716 
1113.0 3.0555555555555554 

1001.0 4.111111111111111 
1424.0 4.035714285714286 
1152.0 4.076923076923077 
1195.0 4.0588235294117645 
1350.0 4.05 
1173.0 4.071428571428571 
1184.0 4.0625 
1380.0 4.045454545454546 
1385.0 4.04 
1355.0 4.0476190476190474 
1404.0 4.037037037037037 
1400.0 4.038461538461538 

929.0 4.076923076923077 

946.0 4.083333333333333 
940.0 4.111111111111111 

