0.06832797427652733 0.7527424032278401 
0.17684887459807075 0.4990496738069553 
0.07797427652733119 0.7508861149637849 
0.09003215434083602 0.5017722299275696 
0.387459807073955 0.24721323265012582 
0.09083601286173633 0.5007512713823393 
0.13745980707395497 0.49985042560713605 
0.2982315112540193 0.2506164278008939 
0.3319935691318328 0.24983107507379346 
0.3432475884244373 0.24885615444704826 
0.36977491961414793 0.24761360855021616 
0.2379421221864952 0.259255307798997 
0.22909967845659163 0.2626823015172529 
0.25482315112540194 0.2579089888382537 
0.28135048231511256 0.2526583448913545 
0.2684887459807074 0.25572122052704577 
0.2934083601286174 0.2520749400083657 
0.26688102893890675 0.2567421790722761 
0.3778135048231511 0.2474077009444554 
0.23070739549839228 0.26082601325319765 
0.340032154340836 0.2491579155934218 
0.20257234726688103 0.26490984743411916 
0.8633440514469454 0.2456202476859365 
0.7532154340836013 0.24597570714075562 
0.8520900321543409 0.24573358258457445 
0.6181672025723473 0.24638318505237755 
0.5514469453376206 0.2466896641653923 
0.5329581993569131 0.2468550015816239 
