997.0 4.1 
1757.0 4.023809523809524 
1260.0 4.071428571428571 
1277.0 4.055555555555555 
1271.0 4.066666666666666 
1572.0 4.026315789473684 
1662.0 4.0256410256410255 
1435.0 4.032258064516129 
1512.0 4.03125 
1330.0 4.04 
1718.0 4.025 
1322.0 4.045454545454546 
1537.0 4.029411764705882 
1550.0 4.027027027027027 
1299.0 4.05 
1359.0 4.038461538461538 
1362.0 4.037037037037037 
1291.0 4.052631578947368 
1389.0 4.035714285714286 
1316.0 4.0476190476190474 
1403.0 4.0344827586206895 
1427.0 4.033333333333333 
1513.0 4.03030303030303 
1736.0 4.024390243902439 
