815.0 6.090909090909091 
1637.0 4.026315789473684 
950.0 5.055555555555555 
827.0 6.083333333333333 
842.0 5.066666666666666 
1212.0 4.027777777777778 
1592.0 4.027027027027027 
993.0 4.111111111111111 
843.0 5.0625 
901.0 5.0588235294117645 
1101.0 4.041666666666667 
1143.0 4.038461538461538 
1157.0 4.0344827586206895 
1190.0 4.029411764705882 
995.0 4.1 
1026.0 4.076923076923077 
1015.0 4.090909090909091 
1047.0 4.071428571428571 
1080.0 4.05 
1064.0 4.0625 
1095.0 4.0476190476190474 
1062.0 4.066666666666666 
1200.0 4.0285714285714285 
1017.0 4.083333333333333 
1153.0 4.035714285714286 
