1804.0 4.0212765957446805 
1048.0 4.111111111111111 
1060.0 4.083333333333333 
1121.0 4.066666666666666 
1667.0 4.0227272727272725 
1790.0 4.021739130434782 
1558.0 4.025 
1407.0 4.0344827586206895 
1241.0 4.045454545454546 
1132.0 4.0588235294117645 
1334.0 4.035714285714286 
1302.0 4.043478260869565 
1153.0 4.055555555555555 
1470.0 4.0285714285714285 
1193.0 4.052631578947368 
1203.0 4.05 
1504.0 4.026315789473684 
1420.0 4.033333333333333 
1486.0 4.027027027027027 
1305.0 4.041666666666667 
1317.0 4.04 
1318.0 4.038461538461538 
1328.0 4.037037037037037 
