1080.0 4.111111111111111 
1919.0 4.0227272727272725 
1274.0 4.03125 
1659.0 4.03030303030303 
1102.0 4.083333333333333 
1105.0 4.066666666666666 
1186.0 4.052631578947368 
1197.0 4.041666666666667 
1817.0 4.023255813953488 
1115.0 4.0588235294117645 
1131.0 4.055555555555555 
1760.0 4.023809523809524 
1211.0 4.033333333333333 
1258.0 4.032258064516129 
1207.0 4.038461538461538 
1209.0 4.0344827586206895 
1680.0 4.027777777777778 
1704.0 4.027027027027027 
1674.0 4.029411764705882 
1756.0 4.025 
1723.0 4.026315789473684 
1737.0 4.0256410256410255 
1201.0 4.04 
