0.06832797427652733 0.7527424032278401 
0.7290996784565916 0.2468550015816239 
0.17684887459807075 0.4990496738069553 
0.07797427652733119 0.7508861149637849 
0.09003215434083602 0.5017722299275696 
0.387459807073955 0.24721323265012582 
0.6929260450160771 0.24702927615548978 
0.21141479099678456 0.26763240355473356 
0.09083601286173633 0.5007512713823393 
0.13745980707395497 0.49985042560713605 
0.2982315112540193 0.2506164278008939 
0.3319935691318328 0.24983107507379346 
0.3432475884244373 0.24885615444704826 
0.36977491961414793 0.24761360855021616 
0.21302250803858522 0.26490984743411916 
0.2379421221864952 0.259255307798997 
0.22909967845659163 0.2626823015172529 
0.25482315112540194 0.2579089888382537 
0.28135048231511256 0.2526583448913545 
0.2684887459807074 0.25572122052704577 
0.2934083601286174 0.2520749400083657 
0.26688102893890675 0.2567421790722761 
0.3778135048231511 0.2474077009444554 
0.23070739549839228 0.26082601325319765 
0.340032154340836 0.2491579155934218 

0.20257234726688103 0.26490984743411916 

0.8633440514469454 0.2456202476859365 
0.25562700964630225 0.26763240355473356 
0.2652733118971061 0.26082601325319765 
0.31430868167202575 0.2567421790722761 
0.7532154340836013 0.24597570714075562 
0.8520900321543409 0.24573358258457445 
0.6655948553054662 0.24653259361997232 
0.5442122186495176 0.24885615444704826 
0.4107717041800643 0.2515445719329215 
0.32315112540192925 0.25482037475184244 
0.4855305466237942 0.2491579155934218 
0.45980707395498394 0.25106032282055923 
0.340032154340836 0.2540196229516617 
0.594855305466238 0.2474077009444554 
0.3721864951768489 0.2533031608146579 
0.38022508038585207 0.2526583448913545 
0.6221864951768489 0.2468550015816239 
0.5546623794212219 0.248574510710433 
0.6077170418006431 0.24702927615548978 
0.4622186495176849 0.2506164278008939 
0.47186495176848875 0.25020804438280164 
0.47266881028938906 0.24983107507379346 
0.4807073954983923 0.24948202941730452 

0.24678456591639872 0.26490984743411916 
0.6181672025723473 0.24638318505237755 
0.4662379421221865 0.24831103753747033 
0.295016077170418 0.2567421790722761 
0.2829581993569132 0.26082601325319765 
0.5530546623794212 0.24806403143781783 
0.4139871382636656 0.248574510710433 
0.3167202572347267 0.25482037475184244 
0.319935691318328 0.2520749400083657 
0.27009646302250806 0.2626823015172529 
0.409967845659164 0.24983107507379346 
0.3392282958199357 0.2506164278008939 
0.3778135048231511 0.25020804438280164 
0.5643086816720257 0.24761360855021616 
0.6012861736334405 0.2474077009444554 
0.32556270096463025 0.25106032282055923 
0.6165594855305466 0.24702927615548978 
0.6061093247588425 0.24721323265012582 
0.5594855305466238 0.2478319954048109 

0.2580385852090032 0.2626823015172529 
0.2604501607717042 0.26082601325319765 

0.2540192926045016 0.26490984743411916 
0.7588424437299035 0.2466896641653923 
0.5401929260450161 0.2468550015816239 
0.27893890675241156 0.2579089888382537 
0.4340836012861736 0.24761360855021616 
0.4895498392282958 0.2474077009444554 
0.3408360128617363 0.2506164278008939 
0.31913183279742763 0.2515445719329215 
0.5 0.24721323265012582 
0.3737942122186495 0.24983107507379346 
0.31109324758842444 0.2526583448913545 
0.3995176848874598 0.24806403143781783 
0.2877813504823151 0.2567421790722761 
0.38987138263665594 0.24831103753747033 
0.385048231511254 0.2491579155934218 
0.29983922829581994 0.2533031608146579 
0.2909967845659164 0.25572122052704577 
0.2934083601286174 0.25482037475184244 
0.2966237942122186 0.2540196229516617 
0.3770096463022508 0.24948202941730452 

0.2596463022508039 0.26490984743411916 
0.5514469453376206 0.2466896641653923 
0.2829581993569132 0.2526583448913545 
0.2684887459807074 0.259255307798997 
0.3609324758842444 0.24948202941730452 
0.27813504823151125 0.2567421790722761 
0.520096463022508 0.2474077009444554 
0.4172025723472669 0.2491579155934218 
0.31913183279742763 0.25106032282055923 
0.4630225080385852 0.24761360855021616 
0.35771704180064307 0.2506164278008939 
0.43488745980707394 0.2478319954048109 
0.5329581993569131 0.2468550015816239 
0.2757234726688103 0.2579089888382537 
0.42363344051446944 0.248574510710433 
0.4284565916398714 0.24806403143781783 

0.21784565916398713 0.26763240355473356 
0.28938906752411575 0.2533031608146579 
0.2628617363344051 0.259255307798997 
0.2508038585209003 0.2626823015172529 
0.23633440514469453 0.26490984743411916 
0.2845659163987138 0.2567421790722761 
0.2861736334405145 0.25572122052704577 

0.21463022508038584 0.26490984743411916 
0.8255627009646302 0.24624089117847783 
0.42604501607717044 0.2579089888382537 
0.4397106109324759 0.2540196229516617 
0.43488745980707394 0.2567421790722761 
0.6768488745980707 0.2468550015816239 
0.7491961414790996 0.2466896641653923 
0.5667202572347267 0.24831103753747033 
0.6286173633440515 0.24806403143781783 
0.48231511254019294 0.25020804438280164 
0.7942122186495176 0.24653259361997232 
0.4758842443729904 0.2515445719329215 
0.6487138263665595 0.24761360855021616 
0.6591639871382636 0.24702927615548978 
0.45739549839228294 0.2526583448913545 
0.5056270096463023 0.24983107507379346 
0.5080385852090032 0.24948202941730452 
0.4509646302250804 0.2533031608146579 
0.5297427652733119 0.2491579155934218 
0.47106109324758844 0.2520749400083657 
0.5409967845659164 0.24885615444704826 
0.5602893890675241 0.248574510710433 
0.6294212218649518 0.2478319954048109 
0.8086816720257235 0.24638318505237755 

0.28135048231511256 0.26763240355473356 
0.9557877813504824 0.24597570714075562 
0.43729903536977494 0.24806403143781783 
0.7467845659163987 0.2478319954048109 
0.2990353697749196 0.26082601325319765 
0.30144694533762056 0.2567421790722761 
0.3665594855305466 0.2533031608146579 
0.3754019292604502 0.2506164278008939 
0.8737942122186495 0.2461052156242944 
0.3094855305466238 0.25482037475184244 
0.32234726688102894 0.2540196229516617 
0.8279742765273312 0.24624089117847783 
0.3866559485530547 0.248574510710433 
0.42443729903536975 0.24831103753747033 
0.3834405144694534 0.24983107507379346 
0.385048231511254 0.24885615444704826 
0.7636655948553055 0.24721323265012582 
0.7829581993569131 0.24702927615548978 
0.7588424437299035 0.24761360855021616 
0.8247588424437299 0.24653259361997232 
0.7982315112540193 0.2468550015816239 
0.8094855305466238 0.2466896641653923 
0.37861736334405144 0.25020804438280164 

