815.0 6.090909090909091 
1637.0 4.026315789473684 
950.0 5.055555555555555 
827.0 6.083333333333333 
842.0 5.066666666666666 
1212.0 4.027777777777778 
1592.0 4.027027027027027 
993.0 4.111111111111111 
843.0 5.0625 
901.0 5.0588235294117645 
1101.0 4.041666666666667 
1143.0 4.038461538461538 
1157.0 4.0344827586206895 
1190.0 4.029411764705882 
995.0 4.1 
1026.0 4.076923076923077 
1015.0 4.090909090909091 
1047.0 4.071428571428571 
1080.0 4.05 
1064.0 4.0625 
1095.0 4.0476190476190474 
1062.0 4.066666666666666 
1200.0 4.0285714285714285 
1017.0 4.083333333333333 
1153.0 4.035714285714286 

982.0 4.1 

1804.0 4.0212765957446805 
1048.0 4.111111111111111 
1060.0 4.083333333333333 
1121.0 4.066666666666666 
1667.0 4.0227272727272725 
1790.0 4.021739130434782 
1558.0 4.025 
1407.0 4.0344827586206895 
1241.0 4.045454545454546 
1132.0 4.0588235294117645 
1334.0 4.035714285714286 
1302.0 4.043478260869565 
1153.0 4.055555555555555 
1470.0 4.0285714285714285 
1193.0 4.052631578947368 
1203.0 4.05 
1504.0 4.026315789473684 
1420.0 4.033333333333333 
1486.0 4.027027027027027 
1305.0 4.041666666666667 
1317.0 4.04 
1318.0 4.038461538461538 
1328.0 4.037037037037037 

1037.0 4.1 
1499.0 4.024390243902439 
1310.0 4.032258064516129 
1097.0 4.066666666666666 
1082.0 4.083333333333333 
1418.0 4.03125 
1245.0 4.033333333333333 
1124.0 4.0588235294117645 
1128.0 4.0476190476190474 
1066.0 4.090909090909091 
1240.0 4.038461538461538 
1152.0 4.041666666666667 
1200.0 4.04 
1432.0 4.029411764705882 
1478.0 4.0285714285714285 
1135.0 4.043478260869565 
1497.0 4.027027027027027 
1484.0 4.027777777777778 
1426.0 4.03030303030303 

1051.0 4.090909090909091 
1054.0 4.083333333333333 

1046.0 4.1 
1674.0 4.0256410256410255 
1402.0 4.026315789473684 
1077.0 4.071428571428571 
1270.0 4.029411764705882 
1339.0 4.0285714285714285 
1154.0 4.041666666666667 
1127.0 4.045454545454546 
1352.0 4.027777777777778 
1195.0 4.038461538461538 
1117.0 4.05 
1227.0 4.03125 
1088.0 4.066666666666666 
1215.0 4.032258064516129 
1209.0 4.035714285714286 
1103.0 4.052631578947368 
1092.0 4.0625 
1095.0 4.0588235294117645 
1099.0 4.055555555555555 
1199.0 4.037037037037037 

1053.0 4.1 
1416.0 4.0256410256410255 
1082.0 4.05 
1064.0 4.076923076923077 
1179.0 4.037037037037037 
1076.0 4.066666666666666 
1377.0 4.0285714285714285 
1249.0 4.035714285714286 
1127.0 4.043478260869565 
1306.0 4.029411764705882 
1175.0 4.041666666666667 
1271.0 4.03030303030303 
1393.0 4.026315789473684 
1073.0 4.071428571428571 
1257.0 4.033333333333333 
1263.0 4.03125 

1001.0 4.111111111111111 
1090.0 4.052631578947368 
1057.0 4.076923076923077 
1042.0 4.090909090909091 
1024.0 4.1 
1084.0 4.066666666666666 
1086.0 4.0625 

997.0 4.1 
1757.0 4.023809523809524 
1260.0 4.071428571428571 
1277.0 4.055555555555555 
1271.0 4.066666666666666 
1572.0 4.026315789473684 
1662.0 4.0256410256410255 
1435.0 4.032258064516129 
1512.0 4.03125 
1330.0 4.04 
1718.0 4.025 
1322.0 4.045454545454546 
1537.0 4.029411764705882 
1550.0 4.027027027027027 
1299.0 4.05 
1359.0 4.038461538461538 
1362.0 4.037037037037037 
1291.0 4.052631578947368 
1389.0 4.035714285714286 
1316.0 4.0476190476190474 
1403.0 4.0344827586206895 
1427.0 4.033333333333333 
1513.0 4.03030303030303 
1736.0 4.024390243902439 

1080.0 4.111111111111111 
1919.0 4.0227272727272725 
1274.0 4.03125 
1659.0 4.03030303030303 
1102.0 4.083333333333333 
1105.0 4.066666666666666 
1186.0 4.052631578947368 
1197.0 4.041666666666667 
1817.0 4.023255813953488 
1115.0 4.0588235294117645 
1131.0 4.055555555555555 
1760.0 4.023809523809524 
1211.0 4.033333333333333 
1258.0 4.032258064516129 
1207.0 4.038461538461538 
1209.0 4.0344827586206895 
1680.0 4.027777777777778 
1704.0 4.027027027027027 
1674.0 4.029411764705882 
1756.0 4.025 
1723.0 4.026315789473684 
1737.0 4.0256410256410255 
1201.0 4.04 

