MSI    MAC     Extensibility       Elegance
128.0  13.575641025641026  1000.0  0.276765298380401
89.0  13.041666666666666  1000.0  0.284397507377655
122.0  13.169884169884169  1000.0  0.27327303825755295
115.0  12.751249999999999  1000.0  0.25732145855635313
106.0  13.765591397849464  1000.0  0.284397507377655
85.0  12.545454545454545  1000.0  0.284397507377655
78.0  13.308823529411764  1000.0  0.276765298380401
102.0  12.592592592592592  1000.0  0.27874840038241044
83.0  12.55  1000.0  0.27327303825755295
