123.0 14.071428571428571 
238.0 14.027777777777779 
128.0 14.05 
230.0 14.03125 
173.0 14.038461538461538 
129.0 14.047619047619047 
186.0 14.03448275862069 
180.0 14.035714285714286 

131.0 14.066666666666666 
217.0 14.027027027027026 
136.0 14.05 
200.0 14.033333333333333 
174.0 14.03448275862069 
155.0 14.038461538461538 
147.0 14.045454545454545 
143.0 14.047619047619047 
208.0 14.028571428571428 
167.0 14.035714285714286 
209.0 14.027777777777779 
161.0 14.037037037037036 

123.0 14.0625 
140.0 14.033333333333333 
129.0 14.045454545454545 
128.0 14.047619047619047 

118.0 11.055555555555555 
162.0 11.025641025641026 
123.0 11.041666666666666 
141.0 11.03448275862069 
148.0 11.03225806451613 
156.0 11.027027027027026 
149.0 11.03125 

123.0 14.0625 
178.0 14.033333333333333 
128.0 14.043478260869565 
171.0 14.035714285714286 
127.0 14.058823529411764 
142.0 14.041666666666666 

114.0 11.058823529411764 
168.0 11.026315789473685 
140.0 11.03225806451613 
119.0 11.045454545454545 
139.0 11.04 
117.0 11.055555555555555 
130.0 11.041666666666666 
127.0 11.043478260869565 

112.0 11.058823529411764 
201.0 11.026315789473685 
145.0 11.033333333333333 
194.0 11.027027027027026 
136.0 11.037037037037036 
117.0 11.05 
123.0 11.045454545454545 
120.0 11.047619047619047 

123.0 14.066666666666666 
158.0 14.027777777777779 
140.0 14.03448275862069 
128.0 14.05 
129.0 14.045454545454545 

123.0 14.0625 
187.0 14.03448275862069 
166.0 14.043478260869565 
129.0 14.045454545454545 
128.0 14.047619047619047 
180.0 14.035714285714286 

123.0 14.066666666666666 
144.0 14.035714285714286 
128.0 14.047619047619047 
138.0 14.045454545454545 

