0.07100591715976332 0.5745612473746039 
0.7514792899408284 0.568361159564748 
0.10059171597633136 0.5715175679043111 
0.7041420118343196 0.5688543483678046 
0.3668639053254438 0.5698786635741532 
0.10650887573964497 0.5711793812965006 
0.4437869822485207 0.569313524149961 
0.40828402366863903 0.569488448257449 

0.11834319526627218 0.5738848741589833 
0.6272189349112426 0.5682545241478706 
0.14792899408284024 0.5715175679043111 
0.5266272189349113 0.5691502616496387 
0.3727810650887574 0.569313524149961 
0.2603550295857988 0.5698786635741532 
0.21301775147928995 0.5708719389257639 
0.1893491124260355 0.5711793812965006 
0.5739644970414202 0.568473888434018 
0.33136094674556216 0.569488448257449 
0.5798816568047337 0.568361159564748 
0.2958579881656805 0.5696763297062324 

0.07100591715976332 0.5732930475953152 
0.17159763313609466 0.5691502616496387 
0.10650887573964497 0.5708719389257639 
0.10059171597633136 0.5711793812965006 

0.04142011834319527 0.14619154414818494 
0.30177514792899407 0.14194253292185005 
0.07100591715976332 0.14421878893595796 
0.17751479289940827 0.14319839830894424 
0.21893491124260356 0.1428824063728367 
0.26627218934911245 0.14213939830685388 
0.22485207100591717 0.14273922252678786 

0.07100591715976332 0.5732930475953152 
0.39644970414201186 0.5691502616496387 
0.10059171597633136 0.5705912306742217 
0.35502958579881655 0.569488448257449 
0.09467455621301775 0.5727708476861962 
0.1834319526627219 0.5703339147769747 

0.01775147928994083 0.14665572184517953 
0.33727810650887574 0.1420383752803389 
0.17159763313609466 0.1428824063728367 
0.047337278106508875 0.14475681308474714 
0.16568047337278108 0.14398205831049068 
0.03550295857988166 0.14619154414818494 
0.11242603550295859 0.14421878893595796 
0.09467455621301775 0.14447610483320494 

0.005917159763313609 0.14665572184517953 
0.5325443786982249 0.1420383752803389 
0.20118343195266272 0.14303513580862187 
0.4911242603550296 0.14213939830685388 
0.14792899408284024 0.14356120386521565 
0.03550295857988166 0.1454024420632943 
0.07100591715976332 0.14475681308474714 
0.05325443786982249 0.14506425545548385 

0.07100591715976332 0.5738848741589833 
0.2781065088757396 0.568361159564748 
0.17159763313609466 0.569313524149961 
0.10059171597633136 0.5715175679043111 
0.10650887573964497 0.5708719389257639 

0.07100591715976332 0.5732930475953152 
0.44970414201183434 0.569313524149961 
0.3254437869822485 0.5705912306742217 
0.10650887573964497 0.5708719389257639 
0.10059171597633136 0.5711793812965006 
0.40828402366863903 0.569488448257449 

0.07100591715976332 0.5738848741589833 
0.1952662721893491 0.569488448257449 
0.10059171597633136 0.5711793812965006 
0.15976331360946747 0.5708719389257639 

