0.18810289389067525 0.2626823015172529 
0.3247588424437299 0.2506164278008939 
0.2797427652733119 0.25106032282055923 
0.2733118971061093 0.2533031608146579 
0.2741157556270096 0.2520749400083657 
0.8946945337620579 0.2456202476859365 
0.7363344051446945 0.24624089117847783 
0.6422829581993569 0.24638318505237755 
0.8255627009646302 0.2461052156242944 
0.40434083601286175 0.24806403143781783 
0.4533762057877814 0.24761360855021616 
0.569935691318328 0.24653259361997232 
0.5305466237942122 0.2468550015816239 
0.8569131832797428 0.24585195458981862 
0.5594855305466238 0.2466896641653923 
0.8697749196141479 0.24573358258457445 
0.09003215434083602 1.0 
0.42684887459807075 0.2478319954048109 
0.37057877813504825 0.248574510710433 
0.3360128617363344 0.25020804438280164 
0.3762057877813505 0.24831103753747033 
0.3512861736334405 0.24948202941730452 
0.34887459807073956 0.24983107507379346 
0.13987138263665594 0.5042853586542907 
0.14790996784565916 0.5029390396935473 
0.17282958199356913 0.26490984743411916 
0.19694533762057878 0.2579089888382537 
0.21945337620578778 0.2540196229516617 
0.20016077170418006 0.2567421790722761 
0.21141479099678456 0.25572122052704577 
0.21543408360128619 0.25482037475184244 
0.48392282958199356 0.24702927615548978 
0.4694533762057878 0.24721323265012582 
