1062.0 4.125 
1734.0 4.025 
1070.0 4.076923076923077 
1468.0 4.026315789473684 
1730.0 4.0256410256410255 
1332.0 4.027027027027027 
1258.0 4.035714285714286 
1138.0 4.052631578947368 
1100.0 4.055555555555555 
1213.0 4.037037037037037 
1076.0 4.071428571428571 
1145.0 4.0476190476190474 
1172.0 4.041666666666667 
1085.0 4.0625 
1280.0 4.03125 
1082.0 4.066666666666666 
1154.0 4.045454545454546 
1097.0 4.0588235294117645 
1314.0 4.027777777777778 
1294.0 4.029411764705882 
1187.0 4.04 
1199.0 4.038461538461538 
1286.0 4.03030303030303 
