0.18810289389067525 0.2626823015172529 

0.21864951768488747 0.2626823015172529 
0.3247588424437299 0.2506164278008939 
0.2797427652733119 0.25106032282055923 
0.2387459807073955 0.26082601325319765 
0.26768488745980706 0.2540196229516617 
0.2427652733118971 0.2579089888382537 
0.25643086816720256 0.25482037475184244 
0.25241157556270094 0.2567421790722761 
0.2733118971061093 0.2533031608146579 
0.2741157556270096 0.2520749400083657 
0.24115755627009647 0.259255307798997 
0.2540192926045016 0.25572122052704577 

0.22588424437299034 0.26763240355473356 
0.24437299035369775 0.26490984743411916 

0.22347266881028938 0.2567421790722761 
0.8569131832797428 0.24638318505237755 
0.44935691318327975 0.2478319954048109 
0.7258842443729904 0.24761360855021616 
0.29019292604501606 0.2533031608146579 
0.3271704180064309 0.25106032282055923 
0.2347266881028939 0.25482037475184244 
0.2387459807073955 0.2540196229516617 
0.4437299035369775 0.248574510710433 
0.35771704180064307 0.2506164278008939 
0.3609324758842444 0.24983107507379346 
0.3946945337620579 0.2491579155934218 
0.8006430868167203 0.24653259361997232 
0.7435691318327974 0.2468550015816239 
0.795016077170418 0.2466896641653923 
0.39147909967845657 0.24948202941730452 
0.7290996784565916 0.2474077009444554 
0.7403536977491961 0.24702927615548978 

0.24678456591639872 0.26763240355473356 
0.8946945337620579 0.2456202476859365 
0.34726688102893893 0.25106032282055923 
0.7363344051446945 0.24624089117847783 
0.6422829581993569 0.24638318505237755 
0.8255627009646302 0.2461052156242944 
0.40434083601286175 0.24806403143781783 
0.5257234726688103 0.2474077009444554 
0.4533762057877814 0.24761360855021616 
0.569935691318328 0.24653259361997232 
0.39389067524115756 0.24948202941730452 
0.5305466237942122 0.2468550015816239 
0.8569131832797428 0.24585195458981862 
0.5594855305466238 0.2466896641653923 
0.3729903536977492 0.24983107507379346 
0.8697749196141479 0.24573358258457445 
0.35771704180064307 0.25020804438280164 
0.34887459807073956 0.2506164278008939 

0.20659163987138263 0.2626823015172529 
0.09003215434083602 1.0 
0.20418006430868169 0.26490984743411916 

0.8585209003215434 0.24638318505237755 
0.26366559485530544 0.26490984743411916 
0.2684887459807074 0.2626823015172529 
0.27813504823151125 0.25482037475184244 
0.6583601286173634 0.24653259361997232 
0.4983922829581994 0.24761360855021616 
0.2805466237942122 0.2540196229516617 
0.42684887459807075 0.2478319954048109 
0.3327974276527331 0.2526583448913545 
0.37057877813504825 0.248574510710433 
0.5538585209003215 0.2468550015816239 
0.6045016077170418 0.2466896641653923 
0.31270096463022506 0.2533031608146579 
0.33520900321543406 0.25106032282055923 
0.5329581993569131 0.24721323265012582 
0.3360128617363344 0.25020804438280164 
0.3762057877813505 0.24831103753747033 
0.407556270096463 0.24806403143781783 
0.3512861736334405 0.24948202941730452 
0.34887459807073956 0.24983107507379346 

0.25 0.26490984743411916 
0.13987138263665594 0.5042853586542907 
0.20096463022508038 0.49833321166995154 
0.14790996784565916 0.5029390396935473 
0.17926045016077172 0.5017722299275696 
0.1872990353697749 0.5007512713823393 
0.1977491961414791 0.4990496738069553 

0.17282958199356913 0.26490984743411916 
0.5152733118971061 0.2491579155934218 
0.19694533762057878 0.2579089888382537 
0.31270096463022506 0.2515445719329215 
0.30385852090032156 0.2526583448913545 
0.4107717041800643 0.25106032282055923 
0.21945337620578778 0.2540196229516617 
0.4887459807073955 0.2506164278008939 
0.5048231511254019 0.25020804438280164 
0.20016077170418006 0.2567421790722761 
0.21141479099678456 0.25572122052704577 
0.21543408360128619 0.25482037475184244 

0.26688102893890675 0.2710355987055016 
0.8070739549839229 0.24653259361997232 
0.2733118971061093 0.259255307798997 
0.5932475884244373 0.2468550015816239 
0.8038585209003215 0.2466896641653923 
0.48392282958199356 0.24702927615548978 
0.42443729903536975 0.2491579155934218 
0.3279742765273312 0.2533031608146579 
0.297427652733119 0.2540196229516617 
0.3882636655948553 0.24948202941730452 
0.27813504823151125 0.2579089888382537 
0.33360128617363344 0.2520749400083657 
0.3553054662379421 0.2506164278008939 
0.2853697749196141 0.25572122052704577 
0.44212218649517687 0.24806403143781783 
0.2829581993569132 0.2567421790722761 
0.3408360128617363 0.2515445719329215 
0.295016077170418 0.25482037475184244 
0.4694533762057878 0.24721323265012582 
0.4533762057877814 0.24761360855021616 
0.36736334405144694 0.25020804438280164 
0.3770096463022508 0.24983107507379346 
0.44694533762057875 0.2478319954048109 

