964.0 4.090909090909091 

1002.0 4.090909090909091 
1134.0 4.041666666666667 
1078.0 4.043478260869565 
1027.0 4.083333333333333 
1063.0 4.055555555555555 
1032.0 4.071428571428571 
1049.0 4.0588235294117645 
1044.0 4.066666666666666 
1070.0 4.052631578947368 
1071.0 4.0476190476190474 
1030.0 4.076923076923077 
1046.0 4.0625 

1011.0 4.111111111111111 
1034.0 4.1 

1008.0 4.066666666666666 
1796.0 4.024390243902439 
1289.0 4.03030303030303 
1633.0 4.029411764705882 
1091.0 4.052631578947368 
1137.0 4.043478260869565 
1022.0 4.0588235294117645 
1027.0 4.055555555555555 
1282.0 4.033333333333333 
1175.0 4.041666666666667 
1179.0 4.038461538461538 
1221.0 4.035714285714286 
1726.0 4.025 
1655.0 4.026315789473684 
1719.0 4.0256410256410255 
1217.0 4.037037037037037 
1637.0 4.0285714285714285 
1651.0 4.027027027027027 

1037.0 4.111111111111111 
1843.0 4.0212765957446805 
1162.0 4.043478260869565 
1646.0 4.023809523809524 
1529.0 4.024390243902439 
1757.0 4.023255813953488 
1233.0 4.03125 
1384.0 4.0285714285714285 
1294.0 4.029411764705882 
1439.0 4.025 
1220.0 4.037037037037037 
1390.0 4.026315789473684 
1796.0 4.022222222222222 
1426.0 4.0256410256410255 
1194.0 4.038461538461538 
1812.0 4.021739130434782 
1175.0 4.04 
1164.0 4.041666666666667 

987.0 4.090909090909091 
842.0 7.1 
984.0 4.1 

1798.0 4.024390243902439 
1058.0 4.1 
1064.0 4.090909090909091 
1076.0 4.0588235294117645 
1549.0 4.025 
1350.0 4.029411764705882 
1079.0 4.055555555555555 
1261.0 4.03030303030303 
1144.0 4.05 
1191.0 4.033333333333333 
1419.0 4.026315789473684 
1482.0 4.0256410256410255 
1119.0 4.052631578947368 
1147.0 4.043478260869565 
1393.0 4.027777777777778 
1148.0 4.04 
1198.0 4.032258064516129 
1237.0 4.03125 
1167.0 4.037037037037037 
1164.0 4.038461538461538 

1041.0 4.1 
904.0 5.076923076923077 
980.0 5.052631578947368 
914.0 5.071428571428571 
953.0 5.066666666666666 
963.0 5.0625 
976.0 5.055555555555555 

945.0 4.1 
1371.0 4.035714285714286 
975.0 4.071428571428571 
1119.0 4.045454545454546 
1108.0 4.05 
1241.0 4.043478260869565 
1003.0 4.055555555555555 
1338.0 4.041666666666667 
1358.0 4.04 
979.0 4.066666666666666 
993.0 4.0625 
998.0 4.0588235294117645 

1062.0 4.125 
1734.0 4.025 
1070.0 4.076923076923077 
1468.0 4.026315789473684 
1730.0 4.0256410256410255 
1332.0 4.027027027027027 
1258.0 4.035714285714286 
1138.0 4.052631578947368 
1100.0 4.055555555555555 
1213.0 4.037037037037037 
1076.0 4.071428571428571 
1145.0 4.0476190476190474 
1172.0 4.041666666666667 
1085.0 4.0625 
1280.0 4.03125 
1082.0 4.066666666666666 
1154.0 4.045454545454546 
1097.0 4.0588235294117645 
1314.0 4.027777777777778 
1294.0 4.029411764705882 
1187.0 4.04 
1199.0 4.038461538461538 
1286.0 4.03030303030303 

