860.0 101.01960784313725 
792.0 1125.0833333333333 
800.0 1067.0625 
817.0 692.1 
833.0 292.0416666666667 
831.0 599.1 
841.0 274.037037037037 
842.0 154.02777777777777 
825.0 622.125 
794.0 1117.076923076923 
796.0 1081.076923076923 
858.0 101.02 
827.0 622.1111111111111 
819.0 692.0909090909091 
820.0 675.0909090909091 
823.0 669.0833333333334 
846.0 137.02702702702703 
848.0 115.02380952380952 
830.0 605.1 
844.0 154.02702702702703 
828.0 605.1111111111111 
835.0 291.04 
837.0 275.0416666666667 
798.0 1073.0714285714287 
822.0 675.0833333333334 
850.0 113.02222222222223 
854.0 107.02083333333333 
856.0 103.02083333333333 
852.0 109.02222222222223 
839.0 274.03846153846155 
