907.0 103.02 
806.0 1629.076923076923 
816.0 1450.0625 
819.0 675.0833333333334 
846.0 130.02380952380952 
890.0 118.025 
829.0 599.0909090909091 
834.0 274.03846153846155 
808.0 1456.076923076923 
838.0 272.0344827586207 
840.0 138.02702702702703 
827.0 605.1 
821.0 669.0769230769231 
812.0 1450.0666666666666 
893.0 118.02439024390245 
810.0 1450.0714285714287 
895.0 116.02380952380952 
897.0 112.02272727272727 
899.0 110.02222222222223 
901.0 106.02127659574468 
842.0 136.02564102564102 
844.0 132.025 
836.0 272.0357142857143 
903.0 104.02083333333333 
905.0 104.0204081632653 
