907.0 103.02 
806.0 1623.076923076923 
818.0 1554.0588235294117 
819.0 692.0909090909091 
854.0 109.02173913043478 
903.0 106.02127659574468 
837.0 291.03846153846155 
835.0 597.0769230769231 
841.0 274.037037037037 
844.0 154.02702702702703 
810.0 1619.0625 
812.0 1564.076923076923 
850.0 115.02325581395348 
827.0 622.1111111111111 
846.0 132.02380952380952 
821.0 690.0769230769231 
825.0 669.0769230769231 
832.0 603.0833333333334 
822.0 675.0833333333334 
829.0 620.0909090909091 
830.0 605.1 
814.0 1558.0714285714287 
808.0 1623.0714285714287 
816.0 1558.0666666666666 
824.0 673.0714285714286 
833.0 599.0909090909091 
905.0 104.0204081632653 
845.0 137.02631578947367 
