0.10869565217391304 0.6525014892313888 
0.6086956521739131 2.467657645022506E-7 
0.2971014492753623 0.3868167364437993 
0.14492753623188406 0.6322007483912107 
0.41304347826086957 0.32594450830194066 
0.427536231884058 0.12369950247086561 
0.47101449275362317 0.11191708726716151 
0.4782608695652174 0.03469000215344256 
0.5579710144927537 0.001309894369446839 
0.35507246376811596 0.34102350049081714 
0.5 0.009164915746059973 
0.5942028985507246 5.034021595897992E-7 
0.5289855072463768 0.005237340134855844 
0.34057971014492755 0.3717541048251097 
0.3188405797101449 0.3756855994184942 
0.4927536231884058 0.020290483509588893 
0.3695652173913043 0.34101441128515775 
0.37681159420289856 0.3298892235581024 
0.4420289855072464 0.11388425106343707 
0.12318840579710146 0.6413685107566255 
0.13043478260869565 0.6361300119977514 
0.391304347826087 0.3298819521935749 
0.39855072463768115 0.3259494660504821 
0.3333333333333333 0.37568064166995274 
0.45652173913043476 0.11257330793949107 

0.9492753623188406 0.0013093490171072779 
0.2246376811594203 0.6701709050331826 
0.4855072463768116 0.02421874592544705 
0.8260869565217391 0.011128963243252315 
0.2826086956521739 0.6322034751529084 
0.2971014492753623 0.3756855994184942 
0.3695652173913043 0.32595541534873185 
0.42028985507246375 0.1132277307469649 
0.43478260869565216 0.11322679852074341 
0.47101449275362317 0.02421923723386106 
0.3115942028985507 0.3717541048251097 
0.35507246376811596 0.3298892235581024 
0.2391304347826087 0.6649313275553953 
0.2536231884057971 0.6413721064863369 
0.8985507246376812 0.0032734528729000557 
0.9202898550724637 0.001964317176920683 
0.26811594202898553 0.6361331282968348 
0.8405797101449275 0.011128564204955074 
0.855072463768116 0.0072012849632799285 
0.8695652173913043 0.007200939073846802 
0.8840579710144928 0.0032737555661505055 
0.9347826086956522 0.001964038935931111 

0.6086956521739131 2.467657645022506E-7 
0.0 0.6917668576798195 
0.17391304347826086 0.6282718055801636 
0.2971014492753623 0.3868167364437993 
0.41304347826086957 0.32463566268699295 
0.427536231884058 0.12435392527833945 
0.47101449275362317 0.11191708726716151 
0.4782608695652174 0.03469000215344256 
0.35507246376811596 0.34101441128515775 
0.09420289855072464 0.6701709050331826 
0.5072463768115942 0.01898089549780912 
0.4420289855072464 0.11388425106343707 
0.10144927536231885 0.6459622189051918 
0.34057971014492755 0.3717541048251097 
0.028985507246376812 0.6767073423602131 
0.13043478260869565 0.6309013415667554 
0.5797101449275363 0.0039275855993422155 
0.37681159420289856 0.3298819521935749 
0.15942028985507245 0.6282742115463675 
0.5362318840579711 0.007855361881320645 
0.5652173913043478 0.0039278756803738995 
0.4927536231884058 0.020290483509588893 
0.39855072463768115 0.3259494660504821 
0.3333333333333333 0.3743676010370085 
0.11594202898550725 0.634832073429595 
0.014492753623188406 0.6806374749347676 
0.3115942028985507 0.38549698378206043 
0.3188405797101449 0.37568064166995274 
0.5217391304347826 0.009164915746059973 
0.3695652173913043 0.3396923450074328 
0.07246376811594203 0.6727704178517594 
0.043478260869565216 0.676701499299432 
0.057971014492753624 0.672772556488385 
0.5942028985507246 5.034021595897992E-7 
0.14492753623188406 0.630897745837044 
0.391304347826087 0.3285671572803775 

0.6086956521739131 2.467657645022506E-7 
0.11594202898550725 0.6701709050331826 
0.17391304347826086 0.6322007483912107 
0.2971014492753623 0.3868167364437993 
0.41304347826086957 0.12500943879049242 
0.39855072463768115 0.32595541534873185 
0.47101449275362317 0.11322679852074341 
0.4782608695652174 0.03469000215344256 
0.35507246376811596 0.34102350049081714 
0.13043478260869565 0.6649313275553953 
0.14492753623188406 0.6413721064863369 
0.5942028985507246 5.034021595897992E-7 
0.3695652173913043 0.34101441128515775 
0.3115942028985507 0.38681078714554956 
0.3188405797101449 0.3756855994184942 
0.34057971014492755 0.3717541048251097 
0.5072463768115942 0.023564323117973202 
0.5217391304347826 0.009164915746059973 
0.391304347826087 0.3298819521935749 
0.4927536231884058 0.034689510845028554 
0.37681159420289856 0.3298892235581024 
0.427536231884058 0.12435392527833945 
0.4420289855072464 0.11388425106343707 
0.15942028985507245 0.6361331282968348 
0.3333333333333333 0.37568064166995274 
0.5362318840579711 0.00785503136475122 
0.5652173913043478 0.0039275855993422155 
0.5797101449275363 0.001309894369446839 
0.5507246376811594 0.005237340134855844 
0.45652173913043476 0.1132277307469649 

0.5942028985507246 2.467657645022506E-7 
0.10144927536231885 0.6459530661386538 
0.2826086956521739 0.6289286343538414 
0.45652173913043476 0.11322679852074341 
0.3188405797101449 0.37568064166995274 
0.391304347826087 0.3259494660504821 
0.13043478260869565 0.6308946295379607 
0.2536231884057971 0.6289313611155392 
0.5072463768115942 0.023564323117973202 
0.37681159420289856 0.3298819521935749 
0.3333333333333333 0.37174990980711314 
0.5217391304347826 0.009164553385701461 
0.11594202898550725 0.6348242826818871 
0.5362318840579711 0.00785503136475122 
0.5507246376811594 0.005237023988572038 
0.5652173913043478 0.0039275855993422155 
0.5797101449275363 0.0013096161284572667 

0.9492753623188406 0.0013093490171072779 
0.3115942028985507 0.37568064166995274 
0.4782608695652174 0.022908993279581163 
0.8623188405797102 0.011128564204955074 
0.38405797101449274 0.3259494660504821 
0.43478260869565216 0.11322679852074341 
0.4492753623188406 0.11191628132774345 
0.463768115942029 0.02421874592544705 
0.32608695652173914 0.37174990980711314 
0.3695652173913043 0.3298819521935749 
0.8768115942028986 0.009818976193175304 
0.8913043478260869 0.007200939073846802 
0.9057971014492754 0.005891446796045882 
0.9202898550724637 0.0032734528729000557 
0.9347826086956522 0.001964038935931111 

0.9492753623188406 0.0013093490171072779 
0.21739130434782608 0.9999958049820035 
0.2898550724637681 0.882844683653693 
0.3115942028985507 0.37568064166995274 
0.5072463768115942 0.018981257858167636 
0.8260869565217391 0.011128963243252315 
0.38405797101449274 0.3259494660504821 
0.42028985507246375 0.1132277307469649 
0.2318840579710145 0.8867806592890284 
0.4492753623188406 0.11191628132774345 
0.463768115942029 0.02421874592544705 
0.3695652173913043 0.3298819521935749 
0.32608695652173914 0.37174990980711314 
0.2608695652173913 0.8828474104153907 
0.8478260869565217 0.011128564204955074 
0.2463768115942029 0.882850526714474 
0.8623188405797102 0.009819338553533816 
0.8768115942028986 0.007200939073846802 
0.8913043478260869 0.005891762942329689 
0.9057971014492754 0.0032734528729000557 
0.4782608695652174 0.022908993279581163 
0.4927536231884058 0.020290882547886132 
0.43478260869565216 0.11191708726716151 
0.9202898550724637 0.001964317176920683 
0.9347826086956522 0.001964038935931111 

0.9492753623188406 0.0013093490171072779 
0.2971014492753623 0.3756855994184942 
0.42028985507246375 0.11322679852074341 
0.3695652173913043 0.3259494660504821 
0.5 0.020290882547886132 
0.8405797101449275 0.011128963243252315 
0.4492753623188406 0.10929783788772456 
0.47101449275362317 0.02421874592544705 
0.3115942028985507 0.37174990980711314 
0.35507246376811596 0.3298819521935749 
0.8695652173913043 0.0072012849632799285 
0.9057971014492754 0.0032737555661505055 
0.9202898550724637 0.001964317176920683 
0.855072463768116 0.011128564204955074 
0.8840579710144928 0.007200939073846802 
0.8913043478260869 0.005891762942329689 
0.9347826086956522 0.001964038935931111 
0.8623188405797102 0.009819338553533816 

0.9492753623188406 0.0013093490171072779 
0.21739130434782608 0.9960692681371603 
0.30434782608695654 0.9509022496647688 
0.3115942028985507 0.38681078714554956 
0.5652173913043478 0.005237023988572038 
0.9202898550724637 0.0032734528729000557 
0.4420289855072464 0.12435291847402026 
0.427536231884058 0.3246314676689963 
0.47101449275362317 0.11322679852074341 
0.4927536231884058 0.034689510845028554 
0.2463768115942029 0.9934421381167726 
0.2608695652173913 0.9574583224962036 
0.5362318840579711 0.009164553385701461 
0.3695652173913043 0.34101441128515775 
0.5072463768115942 0.02029010347311532 
0.32608695652173914 0.38549278876406384 
0.35507246376811596 0.37174990980711314 
0.4057971014492754 0.328562199531836 
0.3333333333333333 0.37568064166995274 
0.38405797101449274 0.3396923450074328 
0.391304347826087 0.3298819521935749 
0.2753623188405797 0.9535281899216491 
0.2318840579710145 0.996065672407449 
0.2898550724637681 0.9535250736225659 
0.34782608695652173 0.374364005307297 
0.41304347826086957 0.3259494660504821 
0.9347826086956522 0.001964038935931111 
0.5 0.023563857667896752 

0.9492753623188406 0.0013093490171072779 
0.2028985507246377 1.0 
0.8478260869565217 0.011128963243252315 
0.4855072463768116 0.02421874592544705 
0.2318840579710145 0.9960692681371603 
0.2536231884057971 0.6413721064863369 
0.2826086956521739 0.6322007483912107 
0.3188405797101449 0.3711046397661773 
0.42028985507246375 0.1132277307469649 
0.41304347826086957 0.2899294397972967 
0.47101449275362317 0.02421923723386106 
0.4057971014492754 0.3213685063981652 
0.36231884057971014 0.3514669977934205 
0.37681159420289856 0.3253082639057855 
0.34782608695652173 0.3671689501547962 
0.26811594202898553 0.6361331282968348 
0.391304347826087 0.32137445569641493 
0.3333333333333333 0.36717314517279276 
0.21739130434782608 0.996073463155157 
0.8623188405797102 0.009819338553533816 
0.8768115942028986 0.0072012849632799285 
0.8913043478260869 0.005891762942329689 
0.9057971014492754 0.0032737555661505055 
0.9202898550724637 0.001964317176920683 
0.9347826086956522 0.001964038935931111 

