791.0 1098.0833333333333 
860.0 101.01960784313725 
817.0 692.1 
796.0 1067.0625 
833.0 599.0833333333334 
835.0 290.04 
841.0 272.0357142857143 
842.0 154.02777777777777 
853.0 103.02083333333333 
825.0 622.125 
845.0 115.02380952380952 
858.0 101.02 
849.0 109.02222222222223 
823.0 669.0833333333334 
820.0 675.0909090909091 
844.0 132.02439024390245 
827.0 622.1111111111111 
828.0 605.1111111111111 
837.0 275.0416666666667 
793.0 1081.0714285714287 
794.0 1073.0666666666666 
830.0 605.1 
831.0 599.0909090909091 
822.0 675.0833333333334 
839.0 273.03846153846155 

907.0 103.02 
807.0 1125.0833333333333 
843.0 138.02702702702703 
890.0 118.025 
815.0 1067.0666666666666 
817.0 675.0909090909091 
827.0 599.1 
834.0 274.03846153846155 
836.0 274.037037037037 
841.0 138.02777777777777 
819.0 669.0833333333334 
825.0 605.1111111111111 
809.0 1117.076923076923 
811.0 1081.076923076923 
900.0 106.02127659574468 
903.0 104.02083333333333 
813.0 1073.0714285714287 
892.0 118.02439024390245 
894.0 112.02325581395348 
896.0 112.02272727272727 
898.0 106.02173913043478 
905.0 104.0204081632653 

860.0 101.01960784313725 
776.0 1158.0833333333333 
800.0 1061.0588235294117 
817.0 692.1 
833.0 597.0833333333334 
835.0 291.04 
841.0 272.0357142857143 
842.0 154.02777777777777 
825.0 622.1111111111111 
789.0 1125.0833333333333 
846.0 130.02325581395348 
837.0 275.0416666666667 
790.0 1088.090909090909 
823.0 669.0833333333334 
780.0 1135.0714285714287 
794.0 1065.076923076923 
856.0 107.02083333333333 
828.0 605.1 
798.0 1061.0625 
850.0 113.02272727272727 
854.0 107.02127659574468 
844.0 132.02439024390245 
831.0 599.0909090909091 
822.0 673.0769230769231 
792.0 1071.0833333333333 
778.0 1141.076923076923 
819.0 690.0833333333334 
820.0 675.0833333333334 
848.0 115.02380952380952 
827.0 620.0909090909091 
786.0 1129.0555555555557 
782.0 1135.0625 
784.0 1129.0588235294117 
858.0 101.02 
796.0 1065.0714285714287 
830.0 603.0909090909091 

860.0 101.01960784313725 
792.0 1125.0833333333333 
800.0 1067.0625 
817.0 692.1 
833.0 292.0416666666667 
831.0 599.1 
841.0 274.037037037037 
842.0 154.02777777777777 
825.0 622.125 
794.0 1117.076923076923 
796.0 1081.076923076923 
858.0 101.02 
827.0 622.1111111111111 
819.0 692.0909090909091 
820.0 675.0909090909091 
823.0 669.0833333333334 
846.0 137.02702702702703 
848.0 115.02380952380952 
830.0 605.1 
844.0 154.02702702702703 
828.0 605.1111111111111 
835.0 291.04 
837.0 275.0416666666667 
798.0 1073.0714285714287 
822.0 675.0833333333334 
850.0 113.02222222222223 
854.0 107.02083333333333 
856.0 103.02083333333333 
852.0 109.02222222222223 
839.0 274.03846153846155 

858.0 101.01960784313725 
790.0 1088.076923076923 
815.0 1062.0625 
839.0 274.037037037037 
820.0 675.0833333333334 
830.0 599.0909090909091 
794.0 1065.0666666666666 
811.0 1062.0666666666666 
846.0 137.02702702702703 
828.0 605.1 
822.0 669.0769230769231 
848.0 115.02325581395348 
792.0 1071.0714285714287 
850.0 113.02222222222223 
852.0 109.02173913043478 
854.0 107.02083333333333 
856.0 103.0204081632653 

907.0 103.02 
819.0 675.0833333333334 
842.0 136.02564102564102 
895.0 118.02439024390245 
829.0 599.0909090909091 
836.0 274.037037037037 
838.0 272.0344827586207 
840.0 138.02702702702703 
821.0 669.0769230769231 
827.0 605.1 
897.0 116.02325581395348 
899.0 112.02272727272727 
901.0 110.02173913043478 
903.0 106.02127659574468 
905.0 104.0204081632653 

907.0 103.02 
806.0 1629.076923076923 
816.0 1450.0625 
819.0 675.0833333333334 
846.0 130.02380952380952 
890.0 118.025 
829.0 599.0909090909091 
834.0 274.03846153846155 
808.0 1456.076923076923 
838.0 272.0344827586207 
840.0 138.02702702702703 
827.0 605.1 
821.0 669.0769230769231 
812.0 1450.0666666666666 
893.0 118.02439024390245 
810.0 1450.0714285714287 
895.0 116.02380952380952 
897.0 112.02272727272727 
899.0 110.02222222222223 
901.0 106.02127659574468 
842.0 136.02564102564102 
844.0 132.025 
836.0 272.0357142857143 
903.0 104.02083333333333 
905.0 104.0204081632653 

907.0 103.02 
817.0 675.0909090909091 
834.0 274.037037037037 
827.0 599.0909090909091 
845.0 132.025 
892.0 118.025 
838.0 268.03333333333336 
841.0 138.02702702702703 
819.0 669.0769230769231 
825.0 605.1 
896.0 112.02325581395348 
901.0 106.02173913043478 
903.0 104.02083333333333 
894.0 118.02439024390245 
898.0 112.02272727272727 
899.0 110.02222222222223 
905.0 104.0204081632653 
895.0 116.02380952380952 

907.0 103.02 
806.0 1623.076923076923 
818.0 1554.0588235294117 
819.0 692.0909090909091 
854.0 109.02173913043478 
903.0 106.02127659574468 
837.0 291.03846153846155 
835.0 597.0769230769231 
841.0 274.037037037037 
844.0 154.02702702702703 
810.0 1619.0625 
812.0 1564.076923076923 
850.0 115.02325581395348 
827.0 622.1111111111111 
846.0 132.02380952380952 
821.0 690.0769230769231 
825.0 669.0769230769231 
832.0 603.0833333333334 
822.0 675.0833333333334 
829.0 620.0909090909091 
830.0 605.1 
814.0 1558.0714285714287 
808.0 1623.0714285714287 
816.0 1558.0666666666666 
824.0 673.0714285714286 
833.0 599.0909090909091 
905.0 104.0204081632653 
845.0 137.02631578947367 

907.0 103.02 
804.0 1629.0833333333333 
893.0 118.025 
843.0 138.02702702702703 
808.0 1623.076923076923 
811.0 1081.076923076923 
815.0 1067.0625 
820.0 668.0909090909091 
834.0 274.03846153846155 
833.0 544.05 
841.0 138.02777777777777 
832.0 592.0909090909091 
826.0 638.0833333333334 
828.0 598.1111111111111 
824.0 662.0769230769231 
813.0 1073.0714285714287 
830.0 592.1 
822.0 662.0833333333334 
806.0 1623.0833333333333 
895.0 116.02380952380952 
897.0 112.02325581395348 
899.0 110.02222222222223 
901.0 106.02173913043478 
903.0 104.02083333333333 
905.0 104.0204081632653 

