0.07624113475177305 0.02675159235668794 
0.08333333333333333 0.023184713375796234 

0.2570921985815603 0.3254777070063695 
0.10815602836879433 0.34777070063694254 
0.13120567375886524 0.33885350318471325 
0.15070921985815602 0.33679568838804497 
0.20567375886524822 0.3289976533690914 
0.16843971631205673 0.329936305732484 
0.16666666666666666 0.3309853877856874 
0.22340425531914893 0.32738853503184706 
0.24822695035460993 0.3260592633619496 

0.07801418439716312 0.34777070063694254 
0.19680851063829788 0.3266936884771281 
0.09929078014184398 0.34420382165605085 
0.1595744680851064 0.329936305732484 
0.17375886524822695 0.3289976533690914 
0.11347517730496454 0.33885350318471325 
0.1276595744680851 0.33679568838804497 
0.10460992907801418 0.3412854661262304 
0.1453900709219858 0.3335031847133757 
0.14184397163120568 0.3350318471337579 

0.005319148936170213 0.02675159235668794 

0.08156028368794327 0.34420382165605085 
0.6914893617021277 0.32280254777070055 
0.4450354609929078 0.32317153525148246 
0.11347517730496454 0.33679568838804497 
0.24822695035460993 0.3254777070063695 
0.31560283687943264 0.32494267515923564 
0.40602836879432624 0.3244487996080352 
0.14893617021276595 0.3335031847133757 
0.15602836879432624 0.3309853877856874 
0.22340425531914893 0.32738853503184706 
0.13829787234042554 0.3350318471337579 
0.1773049645390071 0.3289976533690914 
0.20921985815602837 0.32815286624203815 
0.42907801418439717 0.3239915074309979 
0.16666666666666666 0.329936305732484 

0.21808510638297873 0.3289976533690914 
0.0726950354609929 0.34777070063694254 
0.1099290780141844 0.33679568838804497 
0.1524822695035461 0.3350318471337579 
0.18439716312056736 0.329936305732484 
0.16312056737588654 0.3335031847133757 
0.17375886524822695 0.3309853877856874 

0.06205673758865248 0.33885350318471325 
0.5212765957446809 0.0 
0.10460992907801418 0.012484076433121116 
0.3953900709219858 2.547770700636933E-4 
0.16312056737588654 0.006369426751592333 
0.2198581560283688 0.005040155081694914 
0.24468085106382978 0.003923566878980934 
0.29609929078014185 0.003429691327780487 
0.3173758865248227 0.0021524269712277443 
0.34397163120567376 0.0017834394904458534 
0.37056737588652483 0.0014382576535853931 
0.30141843971631205 0.0029723991507431837 
0.13652482269503546 0.007978545088836825 
0.15070921985815602 0.0071337579617834134 
0.23049645390070922 0.004458598726114633 
0.38475177304964536 0.0011146496815286938 
0.11524822695035461 0.011146496815286655 
0.12588652482269502 0.008917197452229266 
0.39184397163120566 8.106543138390501E-4 

0.15070921985815602 0.34777070063694254 
0.8900709219858156 0.0014382576535853931 
0.4432624113475177 0.005040155081694914 
0.4397163120567376 0.3260592633619496 
0.6382978723404256 0.0021524269712277443 
0.8120567375886525 0.0017834394904458534 
0.3120567375886525 0.3412854661262304 
0.5212765957446809 0.0025477707006369334 
0.37056737588652483 0.3350318471337579 
0.49822695035460995 0.003429691327780487 
0.3191489361702128 0.33885350318471325 
0.3971631205673759 0.3309853877856874 
0.42021276595744683 0.3266936884771281 
0.3776595744680851 0.3321656050955414 

0.047872340425531915 0.34777070063694254 
0.41134751773049644 0.003429691327780487 
0.10815602836879433 0.015776580107790383 
0.2553191489361702 0.005674580196873208 
0.33865248226950356 0.005040155081694914 
0.1773049645390071 0.014012738853503275 
0.3882978723404255 0.004458598726114633 
0.22695035460992907 0.0071337579617834134 
0.19680851063829788 0.008917197452229266 
0.4024822695035461 0.003923566878980934 
0.18262411347517732 0.011146496815286655 
0.19326241134751773 0.00996627950543271 

0.2429078014184397 0.004458598726114633 
0.08333333333333333 0.011146496815286655 
0.13652482269503546 0.0071337579617834134 
0.1595744680851064 0.005040155081694914 
0.15070921985815602 0.005674580196873208 

