638.0 3.111111111111111 
642.0 3.1 

740.0 4.041666666666667 
656.0 4.111111111111111 
669.0 4.083333333333333 
680.0 4.076923076923077 
711.0 4.052631578947368 
690.0 4.055555555555555 
689.0 4.0588235294117645 
721.0 4.0476190476190474 
735.0 4.043478260869565 

639.0 4.111111111111111 
706.0 4.045454545454546 
651.0 4.1 
685.0 4.055555555555555 
693.0 4.052631578947368 
659.0 4.083333333333333 
667.0 4.076923076923077 
654.0 4.090909090909091 
677.0 4.066666666666666 
675.0 4.071428571428571 

598.0 3.111111111111111 

641.0 4.1 
985.0 4.033333333333333 
846.0 4.0344827586206895 
659.0 4.076923076923077 
735.0 4.041666666666667 
773.0 4.04 
824.0 4.038461538461538 
679.0 4.066666666666666 
683.0 4.0588235294117645 
721.0 4.0476190476190474 
673.0 4.071428571428571 
695.0 4.052631578947368 
713.0 4.05 
837.0 4.037037037037037 
689.0 4.055555555555555 

718.0 4.052631578947368 
636.0 4.111111111111111 
657.0 4.076923076923077 
681.0 4.071428571428571 
699.0 4.055555555555555 
687.0 4.066666666666666 
693.0 4.0588235294117645 

630.0 4.083333333333333 
889.0 3.0277777777777777 
654.0 3.066666666666667 
818.0 3.0285714285714285 
687.0 3.0476190476190474 
719.0 3.0434782608695654 
733.0 3.04 
762.0 3.0384615384615383 
774.0 3.0344827586206895 
789.0 3.033333333333333 
804.0 3.032258064516129 
765.0 3.037037037037037 
672.0 3.0526315789473686 
680.0 3.05 
725.0 3.0416666666666665 
812.0 3.03125 
660.0 3.0625 
666.0 3.0555555555555554 
816.0 3.0303030303030303 

680.0 4.111111111111111 
1097.0 3.032258064516129 
845.0 3.0434782608695654 
843.0 4.043478260869565 
955.0 3.0344827586206895 
1053.0 3.033333333333333 
771.0 4.090909090909091 
889.0 3.0357142857142856 
804.0 4.071428571428571 
876.0 3.0384615384615383 
775.0 4.083333333333333 
819.0 4.0588235294117645 
832.0 4.045454545454546 
808.0 4.0625 

622.0 4.111111111111111 
827.0 3.0384615384615383 
656.0 3.076923076923077 
739.0 3.0454545454545454 
786.0 3.0434782608695654 
695.0 3.0714285714285716 
814.0 3.0416666666666665 
723.0 3.05 
706.0 3.0555555555555554 
822.0 3.04 
698.0 3.0625 
704.0 3.0588235294117645 

732.0 3.0416666666666665 
642.0 3.0625 
672.0 3.05 
685.0 3.0434782608695654 
680.0 3.0454545454545454 

