0.07100591715976332 0.5723066699892017 
0.6923076923076923 0.567314391492954 
0.35502958579881655 0.5675034399072579 
0.6804733727810651 0.567437742231365 
0.09467455621301775 0.5718913531024171 
0.10059171597633136 0.5703339147769747 
0.20118343195266272 0.5680576587628668 
0.25443786982248523 0.5677188671700694 
0.10650887573964497 0.5700971841515075 
0.1242603550295858 0.5691502616496387 
0.1301775147928994 0.5688543483678046 

0.07100591715976332 0.5727708476861962 
0.6035502958579881 0.5673747819586344 
0.5502958579881657 0.5676437940330291 
0.3076923076923077 0.5677188671700694 
0.08284023668639054 0.5705912306742217 
0.16568047337278108 0.568473888434018 
0.10059171597633136 0.5700971841515075 
0.1301775147928994 0.569313524149961 
0.23668639053254437 0.5681535011213557 
0.28994082840236685 0.5678799997568875 
0.25443786982248523 0.5680576587628668 
0.14792899408284024 0.5688543483678046 
0.14201183431952663 0.5689975322138534 

0.07100591715976332 0.5727708476861962 
0.3727810650887574 0.5675720574798571 
0.17751479289940827 0.5682545241478706 
0.09467455621301775 0.5723066699892017 
0.1242603550295858 0.569313524149961 
0.10059171597633136 0.5705912306742217 
0.27218934911242604 0.5680576587628668 
0.2781065088757396 0.5679666085223025 
0.17159763313609466 0.5689975322138534 
0.10650887573964497 0.5703339147769747 

0.07100591715976332 0.5727708476861962 
0.7337278106508875 0.567437742231365 
0.4319526627218935 0.5675034399072579 
0.08284023668639054 0.5705912306742217 
0.1893491124260355 0.5687198423306075 
0.23076923076923078 0.5681535011213557 
0.1301775147928994 0.5689975322138534 
0.10059171597633136 0.5700971841515075 
0.1242603550295858 0.569488448257449 
0.378698224852071 0.5677975152183973 
0.2958579881656805 0.5679666085223025 
0.33727810650887574 0.5678799997568875 

0.01775147928994083 0.14665572184517953 
0.4911242603550296 0.14088303921346518 
0.029585798816568046 0.14619154414818494 
0.047337278106508875 0.14447610483320494 
0.05917159763313609 0.14319839830894424 
0.35502958579881655 0.14119926565193733 
0.4437869822485207 0.1410855894812447 
0.1834319526627219 0.14168238937738056 
0.08875739644970414 0.14273922252678786 
0.13609467455621302 0.14194253292185005 
0.2603550295857988 0.14138831406624122 
0.3076923076923077 0.14125965611761773 
0.0650887573964497 0.1428824063728367 
0.44970414201183434 0.14103203051620697 
0.15976331360946747 0.14185148268128578 

0.07100591715976332 0.5732930475953152 
0.47337278106508873 0.567437742231365 
0.26627218934911245 0.5681535011213557 
0.1301775147928994 0.5691502616496387 
0.3668639053254438 0.5677975152183973 
0.09467455621301775 0.5723066699892017 
0.10059171597633136 0.5708719389257639 
0.10650887573964497 0.5705912306742217 
0.1242603550295858 0.569488448257449 

0.11242603550295859 0.5732930475953152 
0.5325443786982249 0.567437742231365 
0.14201183431952663 0.5715175679043111 
0.23076923076923078 0.5691502616496387 
0.1952662721893491 0.5703339147769747 
0.28402366863905326 0.5688543483678046 
0.16568047337278108 0.5705912306742217 
0.40828402366863903 0.5679666085223025 
0.47928994082840237 0.5675720574798571 
0.3254437869822485 0.5682545241478706 
0.35502958579881655 0.5681535011213557 

0.07100591715976332 0.5732930475953152 
0.7337278106508875 0.5675034399072579 
0.23668639053254437 0.5681535011213557 
0.09467455621301775 0.5727708476861962 
0.10059171597633136 0.5708719389257639 
0.4260355029585799 0.5680576587628668 
0.21893491124260356 0.5688543483678046 
0.1301775147928994 0.5689975322138534 
0.5443786982248521 0.5677975152183973 
0.10650887573964497 0.5705912306742217 
0.1242603550295858 0.569488448257449 
0.6390532544378699 0.5675720574798571 

0.005917159763313609 0.14665572184517953 
0.5621301775147929 0.14125965611761773 
0.3136094674556213 0.14132261639034827 
0.029585798816568046 0.14475681308474714 
0.26627218934911245 0.1416037413290526 
0.03550295857988166 0.14447610483320494 
0.04142011834319527 0.14337332241643233 
0.17159763313609466 0.14185148268128578 
0.07692307692307693 0.1426047164895907 
0.13609467455621302 0.1423587625930012 
0.14201183431952663 0.14194253292185005 
0.047337278106508875 0.14303513580862187 

0.07100591715976332 0.5727708476861962 
0.6686390532544378 0.5673747819586344 
0.1301775147928994 0.5688543483678046 
0.33727810650887574 0.5677975152183973 
0.5443786982248521 0.5677188671700694 
0.23668639053254437 0.5680576587628668 
0.09467455621301775 0.5718913531024171 
0.10059171597633136 0.5705912306742217 
0.10650887573964497 0.5703339147769747 
0.1242603550295858 0.569313524149961 
0.5621301775147929 0.5676437940330291 
0.3254437869822485 0.5679666085223025 

