123.0 14.055555555555555 
228.0 14.020408163265307 
171.0 14.021739130434783 
226.0 14.02127659574468 
127.0 14.052631578947368 
128.0 14.041666666666666 
145.0 14.025641025641026 
154.0 14.023255813953488 
129.0 14.04 
132.0 14.033333333333333 
133.0 14.03125 

123.0 14.058823529411764 
213.0 14.020833333333334 
204.0 14.022727272727273 
163.0 14.023255813953488 
125.0 14.043478260869565 
139.0 14.028571428571428 
128.0 14.04 
133.0 14.03448275862069 
151.0 14.026315789473685 
160.0 14.024390243902438 
154.0 14.025641025641026 
136.0 14.03125 
135.0 14.03225806451613 

123.0 14.058823529411764 
174.0 14.022222222222222 
141.0 14.027027027027026 
127.0 14.055555555555555 
132.0 14.03448275862069 
128.0 14.043478260869565 
157.0 14.025641025641026 
158.0 14.025 
140.0 14.03225806451613 
129.0 14.041666666666666 

123.0 14.058823529411764 
235.0 14.02127659574468 
184.0 14.021739130434783 
125.0 14.043478260869565 
143.0 14.030303030303031 
150.0 14.026315789473685 
133.0 14.03225806451613 
128.0 14.04 
132.0 14.035714285714286 
175.0 14.023809523809524 
161.0 14.025 
168.0 14.024390243902438 

114.0 11.058823529411764 
194.0 11.018181818181818 
116.0 11.055555555555555 
119.0 11.043478260869565 
121.0 11.03448275862069 
171.0 11.020408163265307 
186.0 11.019607843137255 
142.0 11.023809523809524 
126.0 11.03125 
134.0 11.025641025641026 
155.0 11.021739130434783 
163.0 11.020833333333334 
122.0 11.03225806451613 
187.0 11.01923076923077 
138.0 11.025 

123.0 14.0625 
191.0 14.02127659574468 
156.0 14.026315789473685 
133.0 14.033333333333333 
173.0 14.023809523809524 
127.0 14.055555555555555 
128.0 14.045454545454545 
129.0 14.043478260869565 
132.0 14.035714285714286 

130.0 14.0625 
201.0 14.02127659574468 
135.0 14.05 
150.0 14.033333333333333 
144.0 14.041666666666666 
159.0 14.03125 
139.0 14.043478260869565 
180.0 14.025 
192.0 14.022222222222222 
166.0 14.027027027027026 
171.0 14.026315789473685 

123.0 14.0625 
235.0 14.021739130434783 
151.0 14.026315789473685 
127.0 14.058823529411764 
128.0 14.045454545454545 
183.0 14.025641025641026 
148.0 14.03125 
133.0 14.03225806451613 
203.0 14.023809523809524 
129.0 14.043478260869565 
132.0 14.035714285714286 
219.0 14.022222222222222 

112.0 11.058823529411764 
206.0 11.020833333333334 
164.0 11.02127659574468 
116.0 11.045454545454545 
156.0 11.023255813953488 
117.0 11.043478260869565 
118.0 11.035714285714286 
140.0 11.025 
124.0 11.030303030303031 
134.0 11.028571428571428 
135.0 11.025641025641026 
119.0 11.033333333333333 

123.0 14.058823529411764 
224.0 14.020833333333334 
133.0 14.03125 
168.0 14.023809523809524 
203.0 14.023255813953488 
151.0 14.025641025641026 
127.0 14.052631578947368 
128.0 14.043478260869565 
129.0 14.041666666666666 
132.0 14.03448275862069 
206.0 14.022727272727273 
166.0 14.025 

