0.5217391304347826 0.10344827586206899 
0.41304347826086957 0.10344827586206899 
0.5217391304347826 0.10344827586206899 
0.8478260869565217 0.10344827586206899 
0.9565217391304348 0.10344827586206899 
0.5434782608695652 0.10344827586206899 
0.5217391304347826 0.10344827586206899 
1.0 0.10344827586206899 
0.9782608695652174 0.10344827586206899 
1.0 0.10344827586206899 
0.8478260869565217 0.10344827586206899 
0.6521739130434783 0.10344827586206899 
0.41304347826086957 0.17241379310344807 
0.17391304347826086 0.062068965517241545 
0.5434782608695652 0.10344827586206899 
0.5217391304347826 0.10344827586206899 
0.5434782608695652 0.10344827586206899 
0.5652173913043478 0.10344827586206899 
0.8260869565217391 0.10344827586206899 
0.8478260869565217 0.10344827586206899 
0.9347826086956522 0.10344827586206899 
0.2391304347826087 0.10344827586206899 
0.2608695652173913 0.10344827586206899 
0.2608695652173913 0.10344827586206899 
0.30434782608695654 0.062068965517241545 
0.5 0.10344827586206899 
0.2826086956521739 0.10344827586206899 
0.32608695652173914 0.062068965517241545 
0.8478260869565217 0.10344827586206899 
0.2826086956521739 0.10344827586206899 
0.32608695652173914 0.062068965517241545 
0.13043478260869565 0.10344827586206899 
0.17391304347826086 0.062068965517241545 
0.21739130434782608 0.10344827586206899 
0.5 0.10344827586206899 
0.5217391304347826 0.10344827586206899 
0.13043478260869565 0.062068965517241545 
0.17391304347826086 0.03448275862068991 
0.5 0.10344827586206899 
0.2608695652173913 0.10344827586206899 
0.30434782608695654 0.062068965517241545 
0.5 0.10344827586206899 
0.5 0.10344827586206899 
0.5217391304347826 0.10344827586206899 
0.9565217391304348 0.10344827586206899 
0.8260869565217391 0.10344827586206899 
0.2826086956521739 0.10344827586206899 
0.32608695652173914 0.062068965517241545 
0.2608695652173913 0.10344827586206899 
0.30434782608695654 0.062068965517241545 
0.10869565217391304 0.062068965517241545 
0.15217391304347827 0.03448275862068991 
0.2608695652173913 0.062068965517241545 
0.30434782608695654 0.03448275862068991 
0.08695652173913043 0.062068965517241545 
0.13043478260869565 0.03448275862068991 
0.2608695652173913 0.10344827586206899 
0.30434782608695654 0.062068965517241545 
0.2608695652173913 0.10344827586206899 
0.30434782608695654 0.062068965517241545 
0.30434782608695654 0.03448275862068991 
0.2608695652173913 0.062068965517241545 
0.2608695652173913 0.062068965517241545 
0.30434782608695654 0.03448275862068991 
0.2608695652173913 0.062068965517241545 
0.30434782608695654 0.03448275862068991 
0.15217391304347827 0.03448275862068991 
0.043478260869565216 0.10344827586206899 
0.08695652173913043 0.062068965517241545 
0.06521739130434782 0.17241379310344807 
0.21739130434782608 0.03448275862068991 
0.10869565217391304 0.10344827586206899 
0.17391304347826086 0.062068965517241545 
0.32608695652173914 0.03448275862068991 
0.2826086956521739 0.062068965517241545 
0.021739130434782608 0.10344827586206899 
0.06521739130434782 0.062068965517241545 
0.10869565217391304 0.062068965517241545 
0.15217391304347827 0.03448275862068991 
0.043478260869565216 0.062068965517241545 
0.08695652173913043 0.03448275862068991 
0.10869565217391304 0.062068965517241545 
0.15217391304347827 0.03448275862068991 
0.2391304347826087 0.062068965517241545 
0.17391304347826086 0.062068965517241545 
0.21739130434782608 0.03448275862068991 
0.15217391304347827 0.03448275862068991 
0.10869565217391304 0.062068965517241545 
0.15217391304347827 0.10344827586206899 
0.1956521739130435 0.062068965517241545 
0.43478260869565216 0.03448275862068991 
0.17391304347826086 0.10344827586206899 
0.21739130434782608 0.062068965517241545 
0.10869565217391304 0.03448275862068991 
0.15217391304347827 0.014778325123153028 
0.021739130434782608 0.062068965517241545 
0.06521739130434782 0.03448275862068991 
0.1956521739130435 0.10344827586206899 
0.2826086956521739 0.03448275862068991 
0.2391304347826087 0.062068965517241545 
0.41304347826086957 0.03448275862068991 
0.1956521739130435 0.10344827586206899 
0.2391304347826087 0.062068965517241545 
0.13043478260869565 0.062068965517241545 
0.17391304347826086 0.03448275862068991 
0.043478260869565216 0.014778325123153028 
0.0 0.03448275862068991 
0.021739130434782608 0.10344827586206899 
0.06521739130434782 0.062068965517241545 
0.0 0.03448275862068991 
0.043478260869565216 0.014778325123153028 
0.08695652173913043 0.10344827586206899 
0.17391304347826086 0.014778325123153028 
0.13043478260869565 0.03448275862068991 
0.10869565217391304 0.10344827586206899 
0.1956521739130435 0.03448275862068991 
0.15217391304347827 0.062068965517241545 
0.043478260869565216 0.062068965517241545 
0.08695652173913043 0.03448275862068991 
0.21739130434782608 0.014778325123153028 
0.2608695652173913 0.0 
0.06521739130434782 0.062068965517241545 
0.15217391304347827 0.0 
0.10869565217391304 0.014778325123153028 
0.4782608695652174 0.062068965517241545 
0.5217391304347826 0.03448275862068991 
0.0 0.03448275862068991 
0.043478260869565216 0.014778325123153028 
0.17391304347826086 0.03448275862068991 
0.10869565217391304 0.062068965517241545 
0.2391304347826087 0.062068965517241545 
0.2826086956521739 0.03448275862068991 
0.10869565217391304 1.0 
0.2391304347826087 0.014778325123153028 
0.15217391304347827 0.062068965517241545 
0.1956521739130435 0.03448275862068991 
0.043478260869565216 0.062068965517241545 
0.13043478260869565 0.014778325123153028 
0.08695652173913043 0.03448275862068991 
0.5217391304347826 0.10344827586206899 
0.8260869565217391 0.10344827586206899 
0.6086956521739131 0.10344827586206899 
0.8478260869565217 0.10344827586206899 
0.32608695652173914 0.062068965517241545 
0.021739130434782608 0.10344827586206899 
0.13043478260869565 0.10344827586206899 
0.17391304347826086 0.062068965517241545 
0.4782608695652174 0.062068965517241545 
0.6521739130434783 0.10344827586206899 
0.8260869565217391 0.10344827586206899 
0.5217391304347826 0.10344827586206899 
0.5217391304347826 0.10344827586206899 
0.5217391304347826 0.062068965517241545 
0.5 0.10344827586206899 
0.2826086956521739 0.10344827586206899 
0.32608695652173914 0.062068965517241545 
0.10869565217391304 0.062068965517241545 
0.15217391304347827 0.03448275862068991 
0.8478260869565217 0.10344827586206899 
0.6521739130434783 1.0 
0.45652173913043476 0.062068965517241545 
0.5217391304347826 0.10344827586206899 
0.5217391304347826 0.10344827586206899 
0.6304347826086957 0.10344827586206899 
0.8260869565217391 0.10344827586206899 
0.17391304347826086 0.062068965517241545 
0.21739130434782608 0.03448275862068991 
0.15217391304347827 0.062068965517241545 
0.1956521739130435 0.03448275862068991 
0.06521739130434782 0.062068965517241545 
0.06521739130434782 0.062068965517241545 
0.021739130434782608 0.10344827586206899 
0.2608695652173913 0.10344827586206899 
0.30434782608695654 0.062068965517241545 
0.5217391304347826 0.10344827586206899 
0.17391304347826086 0.10344827586206899 
0.043478260869565216 0.10344827586206899 
0.08695652173913043 0.062068965517241545 
0.34782608695652173 0.10344827586206899 
0.2826086956521739 0.10344827586206899 
0.32608695652173914 0.062068965517241545 
0.10869565217391304 0.062068965517241545 
0.15217391304347827 0.03448275862068991 
0.2608695652173913 0.062068965517241545 
0.30434782608695654 0.03448275862068991 
0.2391304347826087 0.062068965517241545 
0.0 0.062068965517241545 
0.043478260869565216 0.03448275862068991 
0.08695652173913043 0.10344827586206899 
0.13043478260869565 0.062068965517241545 
0.043478260869565216 0.10344827586206899 
0.08695652173913043 0.062068965517241545 
0.13043478260869565 0.062068965517241545 
0.17391304347826086 0.03448275862068991 
0.2608695652173913 0.10344827586206899 
0.2826086956521739 0.062068965517241545 
0.0 0.062068965517241545 
0.043478260869565216 0.03448275862068991 
0.2608695652173913 0.10344827586206899 
0.2826086956521739 0.062068965517241545 
0.5434782608695652 0.10344827586206899 
0.8478260869565217 0.10344827586206899 
0.5 0.10344827586206899 
0.6521739130434783 0.10344827586206899 
0.6304347826086957 0.10344827586206899 
0.5217391304347826 0.10344827586206899 
0.6086956521739131 0.062068965517241545 
0.2826086956521739 0.10344827586206899 
0.32608695652173914 0.062068965517241545 
0.8478260869565217 0.10344827586206899 
0.30434782608695654 0.10344827586206899 
0.34782608695652173 0.062068965517241545 
0.2608695652173913 0.10344827586206899 
0.30434782608695654 0.062068965517241545 
0.5 0.10344827586206899 
0.5217391304347826 0.062068965517241545 
0.9782608695652174 0.10344827586206899 
0.5 0.10344827586206899 
0.8260869565217391 0.10344827586206899 
0.9565217391304348 0.10344827586206899 
0.8260869565217391 0.10344827586206899 
0.30434782608695654 0.062068965517241545 
0.2608695652173913 0.10344827586206899 
0.5217391304347826 0.10344827586206899 
0.9565217391304348 0.10344827586206899 
0.391304347826087 0.062068965517241545 
0.43478260869565216 0.03448275862068991 
0.17391304347826086 0.10344827586206899 
0.21739130434782608 0.062068965517241545 
0.30434782608695654 0.062068965517241545 
0.06521739130434782 0.17241379310344807 
0.10869565217391304 0.10344827586206899 
0.13043478260869565 0.10344827586206899 
0.17391304347826086 0.062068965517241545 
0.2826086956521739 0.062068965517241545 
0.8260869565217391 0.10344827586206899 
0.30434782608695654 0.062068965517241545 
0.2608695652173913 0.10344827586206899 
0.2826086956521739 0.10344827586206899 
0.32608695652173914 0.062068965517241545 
0.2608695652173913 0.062068965517241545 
0.30434782608695654 0.03448275862068991 
0.5 0.10344827586206899 
0.0 0.03448275862068991 
0.043478260869565216 0.014778325123153028 
0.2608695652173913 0.062068965517241545 
0.30434782608695654 0.03448275862068991 
0.2608695652173913 0.10344827586206899 
0.30434782608695654 0.062068965517241545 
0.10869565217391304 0.03448275862068991 
0.15217391304347827 0.014778325123153028 
0.5217391304347826 0.10344827586206899 
0.30434782608695654 0.062068965517241545 
0.2608695652173913 0.10344827586206899 
0.5 0.10344827586206899 
0.2608695652173913 0.10344827586206899 
0.30434782608695654 0.062068965517241545 
0.17391304347826086 0.03448275862068991 
0.13043478260869565 0.062068965517241545 
0.9782608695652174 0.10344827586206899 
0.32608695652173914 0.062068965517241545 
0.9782608695652174 0.10344827586206899 
0.8478260869565217 0.10344827586206899 
1.0 0.10344827586206899 
0.9782608695652174 0.10344827586206899 
0.8695652173913043 0.10344827586206899 
0.8695652173913043 0.10344827586206899 
1.0 0.10344827586206899 
0.8478260869565217 0.10344827586206899 
0.8478260869565217 0.10344827586206899 
0.9782608695652174 0.10344827586206899 
0.5434782608695652 0.10344827586206899 
0.9782608695652174 0.10344827586206899 
0.6521739130434783 0.062068965517241545 
0.5217391304347826 0.10344827586206899 
0.8695652173913043 0.10344827586206899 
1.0 0.10344827586206899 
0.8695652173913043 0.10344827586206899 
0.5217391304347826 0.10344827586206899 
0.9347826086956522 0.062068965517241545 
