--- 0.0 0.0 ---
0.45780564724635087
0.3929282124990676
0.38036912467192685
0.7990038498437602
0.7758986049965937
0.7408707938048528
0.7376732843965874
0.3842254752398496
0.38895863941198083
0.3920761939663099
0.3962688851057093
0.5075205149418504
0.44381352363350124
0.4255841079860148
0.42417777450900523
0.3801574486596323
0.4280632675032197
0.46406050584367503
0.530403062421381
0.40372375799852905
0.37402057632891894
0.47311331832250647
0.40881726795040735
0.38706275585259775
0.3836357022981978
0.4578965266753314
0.3873210574118698
0.36473125270966217
0.5682229441032715
0.4063065100876208
0.5509660321158096
0.6836460714127724
0.6683391134909906
0.5325133514124947
0.3833590973064791
0.35748361998724976
0.3701767061192582
0.3669071412736364
0.3665665604729491
0.3719894872648877
0.3702602753934496
0.1777803787085805
0.37372008488625824
0.3726148620514211
0.05598108732200485
0.05798349031079783
0.31363093750089555
0.5167652859960552
0.09138152745674495
0.3649053379515563
0.4733765866243155
0.49506978065592044
0.4852095098662029
0.07268348817443156
0.1087560172056805
0.08959635831512851
0.20319933004735097
0.14411406548280525
0.0878693116805906
0.18349439439270018
0.11263639713047353
0.4595741142406656
0.34886128709860376
0.039618942003178115
0.1697647453572171
0.15999810046576873
0.08340783038722263
0.2544956165422859
0.07232716135853909
0.07964410959318993
0.06308435612661924
0.4418298358177771
0.16192011524385613
0.2860269650402972
0.28011979437366613
0.33926535674184644
0.42406736443272036
0.39842869234211703
0.030963302752293607
0.029884180417420976
0.46548574607585325
0.03572096012905211
0.05235115595465615
0.05883134999893485
0.10664675264984602
0.2130715231117882
0.2505199759453663
0.06988789862010912
0.07362196800897068
0.08705735142052647
0.3530676636981311
0.23869581693323202
0.09093569997381713
0.5877714661467166
0.5483241459633031
0.52268378628503
0.026576858624435287
0.04958468396020821
0.0542129991904279
0.6291919093627014
0.1814873531102474
0.15396768184575352
0.07268348817443156
0.07620356934044407
0.08373850257235409
0.08746615326534189
0.09713389165675111
0.10882674328181863
0.1362685031185959
0.12450029250717164
0.9546352704054327
0.41815026478287537
0.37673564531438775
0.41223517735336385
0.4714018808337849
0.6474972747220124
0.5662739413120726
0.5621464814101134
0.44513079732177807
0.38009038019542685
0.3846893597169862
0.3893403195192642
0.4194844141822861
0.37549465939115123
0.4956067435928058
0.4537212636406301
0.37745327601700296
0.998329973821799
0.8755336990173004
0.8702823897678217
0.42590333071965863
0.3911554162241594
0.4169627112571167
0.4206929335657167
0.38256136046385686
0.3753211642055783
0.5534197128263083
0.48246901885796273
0.4417171739050055
0.3573539990063759
0.3602139280264103
0.3607237242445068
0.35196431677678613
0.20133171706053732
0.15659012332986488
0.1680064626234748
0.3581196792900774
0.18171938662607218
0.19939938909773527
0.04062449081415919
0.11184457544380895
0.1289415871492915
0.12326960861108388
0.18553197436704322
0.13840836220612962
0.17965337347947455
0.37617532782088187
0.3505116917958406
0.37339905844204396
0.7759257234761242
0.7181732155369605
0.5291515669347533
0.4335855348266152
0.44874067446551685
0.3947712342100633
0.7264604126231985
0.7545800858153157
0.7458125978966158
0.4024919288353963
0.38335988353475586
0.3945367588256314
0.36163671755097476
0.7101580803403593
0.36109322236270097
0.607182526683475
0.5170663952486416
0.40796332167818167
0.3865219978860856
0.370834247574836
0.4170983253845656
0.4846303259137021
0.4372958287900458
0.5005055055709572
0.3578017037565988
0.40239533382594217
0.24472937028416133
0.3235292179585408
0.26438935349084147
0.25455513469992413
0.04563083975163612
0.041211141351656974
0.05772597239706351
0.33734828535185085
0.3196200126778685
0.19939938909773527
0.08661628925422331
0.12267317792114434
0.09957484686171655
0.11295266039015188
0.095939151422323
0.5165918414227124
0.44043951161687256
0.4177618083128765
0.9000487688585666
0.5126455264028041
0.6103460746550083
0.8366060287296425
0.8784317110593052
0.604282376712074
0.581575541715969
0.5770823819476358
0.5742737113544332
0.3842106898391307
0.38506999026346994
0.48095527922140013
0.442942999806508
0.4473283468072469
0.39558837964206545
0.4443870586841168
0.39906374271945466
0.3874372876372347
0.5196403192709589
0.38506999026346994
0.48455270270662454
0.38142611358429956
0.4009730763843532
0.6364873846417703
0.633463222331947
1.0010928903954586
0.4347314346873392
