756.0 4.055555555555555
696.0 4.083333333333333
668.0 4.125
965.0 4.041666666666667
952.0 4.043478260869565
932.0 4.0476190476190474
930.0 4.05
678.0 4.111111111111111
687.0 4.1
693.0 4.090909090909091
701.0 4.076923076923077
791.0 4.052631578947368
745.0 4.0588235294117645
730.0 4.0625
728.0 4.066666666666666
677.0 4.1
732.0 4.0625
760.0 4.0588235294117645
806.0 4.052631578947368
708.0 4.076923076923077
665.0 4.111111111111111
767.0 4.055555555555555
715.0 4.066666666666666
690.0 4.083333333333333
684.0 4.090909090909091
757.0 4.05
698.0 4.055555555555555
651.0 4.111111111111111
831.0 4.043478260869565
716.0 4.052631578947368
820.0 4.045454545454546
900.0 4.04
891.0 4.041666666666667
808.0 4.0476190476190474
691.0 4.066666666666666
653.0 4.083333333333333
675.0 4.071428571428571
669.0 4.076923076923077
654.0 4.111111111111111
673.0 4.083333333333333
668.0 4.090909090909091
685.0 3.0588235294117645
682.0 4.0625
676.0 4.076923076923077
620.0 3.111111111111111
622.0 3.1
754.0 3.04
857.0 3.0285714285714285
641.0 3.0625
780.0 3.0384615384615383
835.0 3.0344827586206895
846.0 3.03125
841.0 3.033333333333333
631.0 3.076923076923077
650.0 3.0526315789473686
640.0 3.066666666666667
698.0 3.0416666666666665
668.0 3.0476190476190474
639.0 3.0714285714285716
688.0 3.0434782608695654
652.0 3.05
828.0 3.037037037037037
610.0 4.111111111111111
613.0 3.0833333333333335
681.0 3.05
676.0 3.0555555555555554
637.0 3.0588235294117645
724.0 3.0454545454545454
631.0 3.0714285714285716
635.0 3.0625
626.0 3.076923076923077
819.0 3.04
677.0 3.0526315789473686
740.0 3.0416666666666665
737.0 3.0434782608695654
767.0 3.0384615384615383
810.0 3.0344827586206895
797.0 3.0357142857142856
595.0 3.125
602.0 3.111111111111111
831.0 3.033333333333333
610.0 3.090909090909091
620.0 3.0833333333333335
624.0 3.0714285714285716
649.0 3.0454545454545454
703.0 3.0434782608695654
722.0 3.04
630.0 3.0625
632.0 3.0588235294117645
639.0 3.05
774.0 3.037037037037037
716.0 3.0416666666666665
641.0 3.0476190476190474
893.0 3.0303030303030303
873.0 3.03125
860.0 3.032258064516129
596.0 3.111111111111111
618.0 3.090909090909091
621.0 3.0833333333333335
914.0 3.03125
687.0 3.0384615384615383
673.0 3.0476190476190474
631.0 3.076923076923077
633.0 3.0714285714285716
637.0 3.066666666666667
639.0 3.0625
644.0 3.0588235294117645
650.0 3.0555555555555554
664.0 3.05
658.0 3.0526315789473686
1079.0 3.0303030303030303
807.0 3.0344827586206895
786.0 3.037037037037037
804.0 3.0357142857142856
834.0 3.032258064516129
879.0 4.04
830.0 4.041666666666667
827.0 4.045454545454546
746.0 4.0588235294117645
680.0 4.090909090909091
691.0 4.071428571428571
697.0 4.066666666666666
725.0 4.0625
667.0 4.111111111111111
783.0 4.052631578947368
753.0 4.055555555555555
664.0 4.125
661.0 6.111111111111111
1007.0 4.043478260869565
1004.0 4.045454545454546
731.0 4.0588235294117645
696.0 4.076923076923077
722.0 4.066666666666666
726.0 4.0625
676.0 4.111111111111111
677.0 4.083333333333333
821.0 4.05
774.0 4.052631578947368
744.0 4.055555555555555
644.0 4.1
660.0 4.076923076923077
663.0 4.071428571428571
623.0 4.111111111111111
697.0 3.0526315789473686
674.0 3.076923076923077
680.0 3.0625
654.0 4.083333333333333
687.0 3.0588235294117645
696.0 3.0555555555555554
612.0 3.1
651.0 3.0833333333333335
660.0 3.0714285714285716
657.0 3.076923076923077
689.0 3.05
665.0 3.0588235294117645
686.0 3.0526315789473686
678.0 4.083333333333333
629.0 4.1
672.0 4.090909090909091
953.0 4.03030303030303
920.0 4.037037037037037
807.0 4.038461538461538
740.0 4.043478260869565
752.0 4.04
701.0 4.071428571428571
925.0 4.033333333333333
941.0 4.03125
936.0 4.032258064516129
712.0 4.055555555555555
688.0 4.076923076923077
704.0 4.0588235294117645
662.0 4.076923076923077
916.0 4.03030303030303
667.0 4.0625
856.0 4.03125
800.0 4.032258064516129
719.0 4.045454545454546
698.0 4.052631578947368
681.0 4.055555555555555
728.0 4.038461538461538
778.0 4.035714285714286
744.0 4.037037037037037
789.0 4.033333333333333
638.0 4.111111111111111
799.0 3.0434782608695654
719.0 3.0555555555555554
759.0 3.0476190476190474
729.0 3.05
724.0 3.0526315789473686
615.0 3.1
611.0 3.111111111111111
621.0 3.111111111111111
766.0 3.05
757.0 3.0526315789473686
696.0 3.0555555555555554
638.0 3.0833333333333335
657.0 3.0588235294117645
645.0 3.0714285714285716
652.0 3.0625
643.0 3.076923076923077
797.0 4.052631578947368
739.0 4.076923076923077
719.0 4.083333333333333
1021.0 4.033333333333333
794.0 4.055555555555555
857.0 4.04
986.0 4.038461538461538
1009.0 4.037037037037037
853.0 4.043478260869565
839.0 4.045454545454546
836.0 4.0476190476190474
834.0 4.05
673.0 4.125
679.0 4.111111111111111
772.0 4.0588235294117645
742.0 4.071428571428571
747.0 4.0625
694.0 4.1
744.0 4.066666666666666
700.0 4.090909090909091
677.0 4.125
799.0 4.052631578947368
679.0 4.111111111111111
775.0 4.055555555555555
689.0 4.066666666666666
709.0 4.0625
872.0 4.045454545454546
870.0 4.0476190476190474
671.0 6.111111111111111
738.0 4.0588235294117645
