0.16568047337278108 0.347604485219164 
0.3175542406311637 0.3297655453618756 
0.1992110453648915 0.33868501529051975 
0.26627218934911245 0.33662667607621727 
0.2781065088757396 0.3348623853211008 
0.28994082840236685 0.33199541284403666 
0.30177514792899407 0.33081489476524545 
0.3096646942800789 0.33081489476524545 
0.14398422090729784 0.3520642201834862 
0.28007889546351084 0.33662667607621727 
0.1992110453648915 0.33868501529051975 
0.16568047337278108 0.347604485219164 
0.1952662721893491 0.3411175979983319 
0.3057199211045365 0.33199541284403666 
0.15976331360946747 1.0 
0.7297830374753451 0.3253058103975536 
0.16370808678500987 0.9898063200815492 
0.21301775147928995 0.3520642201834862 
0.4812623274161736 0.3297655453618756 
0.7041420118343196 0.3258875149581173 
0.34714003944773175 0.3348623853211008 
0.4516765285996055 0.33333333333333326 
0.2859960552268245 0.33662667607621727 
0.2504930966469428 0.3440366972477063 
0.21696252465483234 0.347604485219164 
0.25443786982248523 0.33868501529051975 
0.4635108481262327 0.33081489476524545 
0.46153846153846156 0.33199541284403666 
0.1814595660749507 0.347604485219164 
0.6646942800788954 0.32721712538226294 
0.40039447731755423 0.33199541284403666 
0.6094674556213018 0.3297655453618756 
0.24260355029585798 0.3411175979983319 
0.28994082840236685 0.33868501529051975 
0.6134122287968442 0.3288266537904393 
0.3076923076923077 0.33662667607621727 
0.36489151873767256 0.33333333333333326 
0.33530571992110453 0.3348623853211008 
0.6607495069033531 0.3279816513761467 
0.16370808678500987 0.347604485219164 
0.23471400394477318 0.33662667607621727 
0.20315581854043394 0.33868501529051975 
0.1814595660749507 0.3440366972477063 
0.1932938856015779 0.3411175979983319 
0.1814595660749507 1.0 
0.4339250493096647 0.3288266537904393 
0.1834319526627219 0.9898063200815492 
0.1952662721893491 0.347604485219164 
0.3530571992110454 0.3297655453618756 
0.27218934911242604 0.33662667607621727 
0.2879684418145957 0.33199541284403666 
0.33925049309664695 0.33081489476524545 
0.22879684418145957 0.33868501529051975 
0.20512820512820512 0.3440366972477063 
0.21893491124260356 0.3411175979983319 
0.28402366863905326 0.33333333333333326 
0.3175542406311637 0.3297655453618756 
0.1794871794871795 0.347604485219164 
0.26232741617357 0.3348623853211008 
0.20907297830374755 0.33662667607621727 
0.3096646942800789 0.33081489476524545 
0.1873767258382643 0.3440366972477063 
0.20512820512820512 0.33868501529051975 
0.3865877712031558 0.3288266537904393 
0.17159763313609466 0.347604485219164 
0.28994082840236685 0.3348623853211008 
0.20118343195266272 0.33868501529051975 
0.21696252465483234 0.33662667607621727 
0.2958579881656805 0.33081489476524545 
0.33727810650887574 0.3297655453618756 
0.17357001972386588 0.347604485219164 
0.22682445759368836 0.3411175979983319 
0.2938856015779093 0.33199541284403666 
0.29980276134122286 0.33081489476524545 
0.22879684418145957 0.33868501529051975 
0.1814595660749507 0.347604485219164 
0.3668639053254438 0.3297655453618756 
0.1992110453648915 0.33868501529051975 
0.2504930966469428 0.33662667607621727 
0.3037475345167653 0.33081489476524545 
0.1854043392504931 0.3440366972477063 
0.26627218934911245 0.33199541284403666 
0.26232741617357 0.33333333333333326 
0.15976331360946747 0.347604485219164 
0.40039447731755423 0.33081489476524545 
0.3214990138067061 0.33199541284403666 
0.2504930966469428 0.33868501529051975 
0.20710059171597633 0.3440366972477063 
0.2879684418145957 0.3348623853211008 
0.23076923076923078 0.3411175979983319 
0.26627218934911245 0.33662667607621727 
0.15779092702169625 0.347604485219164 
0.40039447731755423 0.3297655453618756 
0.16173570019723865 0.3440366972477063 
0.28007889546351084 0.3411175979983319 
0.33136094674556216 0.3348623853211008 
0.2958579881656805 0.33662667607621727 
0.33925049309664695 0.33199541284403666 
0.358974358974359 0.33081489476524545 
0.29191321499013806 0.33868501529051975 
0.15976331360946747 0.9942660550458714 
0.9250493096646942 0.3288266537904393 
0.1794871794871795 0.9898063200815492 
0.1814595660749507 0.35779816513761475 
0.5502958579881657 0.33199541284403666 
0.7080867850098619 0.33081489476524545 
0.23076923076923078 0.33868501529051975 
0.33925049309664695 0.33662667607621727 
0.4418145956607495 0.33333333333333326 
0.35700197238658776 0.3348623853211008 
0.1854043392504931 0.3520642201834862 
0.21696252465483234 0.3440366972477063 
0.20118343195266272 0.347604485219164 
0.14792899408284024 0.35779816513761475 
0.35502958579881655 0.3297655453618756 
0.20907297830374755 0.33868501529051975 
0.33136094674556216 0.3348623853211008 
0.15384615384615385 0.3520642201834862 
0.1992110453648915 0.3440366972477063 
0.27218934911242604 0.33662667607621727 
0.3767258382642998 0.3297655453618756 
0.16568047337278108 0.3520642201834862 
0.2603550295857988 0.3440366972477063 
0.17159763313609466 0.347604485219164 
0.2682445759368836 0.33868501529051975 
0.3175542406311637 0.33199541284403666 
0.28994082840236685 0.3348623853211008 
0.34714003944773175 0.33081489476524545 
0.28205128205128205 0.33662667607621727 
0.1755424063116371 0.347604485219164 
0.3747534516765286 0.3297655453618756 
0.2702169625246548 0.33199541284403666 
0.20710059171597633 0.3411175979983319 
0.21696252465483234 0.33868501529051975 
0.3254437869822485 0.33081489476524545 
0.22682445759368836 0.33662667607621727 
0.1814595660749507 0.347604485219164 
0.4161735700197239 0.3288266537904393 
0.22287968441814596 0.33662667607621727 
0.32741617357001973 0.33081489476524545 
0.1854043392504931 0.3440366972477063 
0.3136094674556213 0.33333333333333326 
0.26429980276134124 0.3348623853211008 
0.1913214990138067 0.347604485219164 
0.3708086785009862 0.3297655453618756 
0.27218934911242604 0.33662667607621727 
0.2406311637080868 0.3411175979983319 
0.3333333333333333 0.3348623853211008 
0.26429980276134124 0.33868501529051975 
0.34516765285996054 0.33199541284403666 
0.3629191321499014 0.33081489476524545 
0.3431952662721893 0.33333333333333326 
0.13806706114398423 0.347604485219164 
0.4891518737672584 0.3288266537904393 
0.23471400394477318 0.33868501529051975 
0.33925049309664695 0.3297655453618756 
0.33727810650887574 0.33199541284403666 
0.2978303747534517 0.33333333333333326 
0.26232741617357 0.33662667607621727 
0.28205128205128205 0.3348623853211008 
0.15976331360946747 0.3520642201834862 
0.28994082840236685 0.33199541284403666 
0.23668639053254437 0.33333333333333326 
0.22485207100591717 0.33662667607621727 
0.1873767258382643 0.33868501529051975 
0.16370808678500987 0.347604485219164 
0.1755424063116371 0.3411175979983319 
0.17159763313609466 0.3440366972477063 
0.1222879684418146 0.347604485219164 
0.31952662721893493 0.3279816513761467 
0.2406311637080868 0.3288266537904393 
0.16765285996055226 0.3411175979983319 
0.20315581854043394 0.3297655453618756 
0.20118343195266272 0.33333333333333326 
0.1814595660749507 0.33662667607621727 
0.17751479289940827 0.33868501529051975 
0.39644970414201186 0.3288266537904393 
0.14003944773175542 0.347604485219164 
0.28994082840236685 0.3297655453618756 
0.1755424063116371 0.33868501529051975 
0.1992110453648915 0.33662667607621727 
0.26232741617357 0.3348623853211008 
0.14398422090729784 0.3440366972477063 
0.2781065088757396 0.33081489476524545 
0.26627218934911245 0.33333333333333326 
0.42998027613412226 0.3279816513761467 
0.11045364891518737 0.347604485219164 
0.17357001972386588 0.3440366972477063 
0.1913214990138067 0.33868501529051975 
0.26232741617357 0.3297655453618756 
0.36489151873767256 0.3288266537904393 
0.23076923076923078 0.3348623853211008 
0.2445759368836292 0.33199541284403666 
0.25443786982248523 0.33081489476524545 
0.13609467455621302 0.347604485219164 
0.46548323471400394 0.3258875149581173 
0.23865877712031558 0.3288266537904393 
0.14792899408284024 0.3411175979983319 
0.1913214990138067 0.33662667607621727 
0.15581854043392504 0.33868501529051975 
0.20315581854043394 0.33333333333333326 
0.22682445759368836 0.33081489476524545 
0.21499013806706113 0.33199541284403666 
0.34714003944773175 0.3288266537904393 
0.13214990138067062 0.3520642201834862 
0.14398422090729784 0.347604485219164 
0.21301775147928995 0.33662667607621727 
0.28994082840236685 0.3297655453618756 
0.22485207100591717 0.33333333333333326 
0.2445759368836292 0.33199541284403666 
0.2702169625246548 0.33081489476524545 
0.11834319526627218 0.347604485219164 
0.4437869822485207 0.3265221017514597 
0.3431952662721893 0.3288266537904393 
0.22287968441814596 0.3297655453618756 
0.16173570019723865 0.3440366972477063 
0.19723865877712032 0.3348623853211008 
0.16370808678500987 0.33868501529051975 
0.17357001972386588 0.33662667607621727 
0.20512820512820512 0.33199541284403666 
0.21104536489151873 0.33081489476524545 
0.11637080867850098 0.33868501529051975 
0.2465483234714004 0.3288266537904393 
0.21893491124260356 0.33662667607621727 
0.23471400394477318 0.3297655453618756 
0.13609467455621302 0.3440366972477063 
0.6015779092702169 0.3247706422018349 
0.40039447731755423 0.3288266537904393 
0.46548323471400394 0.3258875149581173 
0.2859960552268245 0.3297655453618756 
0.5838264299802761 0.3253058103975536 
0.1952662721893491 0.3411175979983319 
0.21893491124260356 0.33333333333333326 
0.42011834319526625 0.32721712538226294 
0.20710059171597633 0.33662667607621727 
0.20512820512820512 0.33868501529051975 
0.25443786982248523 0.33081489476524545 
0.23076923076923078 0.33199541284403666 
0.14595660749506903 0.347604485219164 
0.32938856015779094 0.3288266537904393 
0.15581854043392504 0.3411175979983319 
0.22287968441814596 0.33081489476524545 
0.28007889546351084 0.3297655453618756 
0.1873767258382643 0.33662667607621727 
0.1893491124260355 0.33333333333333326 
0.16370808678500987 0.33868501529051975 
0.20512820512820512 0.33199541284403666 
0.11439842209072978 0.33868501529051975 
0.28994082840236685 0.3297655453618756 
0.21499013806706113 0.33081489476524545 
0.15779092702169625 0.3348623853211008 
0.20315581854043394 0.33199541284403666 
0.14595660749506903 0.33662667607621727 
0.1952662721893491 0.347604485219164 
0.7199211045364892 0.32381923207611285 
0.5384615384615384 0.32721712538226294 
0.36489151873767256 0.3288266537904393 
0.22682445759368836 0.33662667607621727 
0.1992110453648915 0.3440366972477063 
0.5739644970414202 0.3253058103975536 
0.6804733727810651 0.3247706422018349 
0.29191321499013806 0.3297655453618756 
0.25443786982248523 0.3348623853211008 
0.2603550295857988 0.33199541284403666 
0.5483234714003945 0.3258875149581173 
0.26627218934911245 0.33081489476524545 
0.7061143984220908 0.3242766407904022 
0.4260355029585799 0.3297655453618756 
0.15187376725838264 0.9898063200815492 
0.16173570019723865 0.347604485219164 
0.15384615384615385 0.9862385321100915 
0.3155818540433925 0.33081489476524545 
0.2406311637080868 0.33333333333333326 
0.30177514792899407 0.33199541284403666 
0.1992110453648915 0.33662667607621727 
0.13214990138067062 0.347604485219164 
0.7021696252465484 0.32381923207611285 
0.3057199211045365 0.3297655453618756 
0.6252465483234714 0.3279816513761467 
0.2978303747534517 0.33662667607621727 
0.2465483234714004 0.33868501529051975 
0.15976331360946747 0.3440366972477063 
0.6627218934911243 0.3253058103975536 
0.650887573964497 0.32721712538226294 
0.7001972386587771 0.3242766407904022 
0.2504930966469428 0.3288266537904393 
0.126232741617357 0.9898063200815492 
0.14990138067061143 0.347604485219164 
0.1794871794871795 0.3348623853211008 
0.23471400394477318 0.33333333333333326 
0.17357001972386588 0.3440366972477063 
0.24260355029585798 0.33081489476524545 
0.1755424063116371 0.33868501529051975 
0.13609467455621302 0.9942660550458714 
0.3431952662721893 0.3288266537904393 
0.14003944773175542 0.9898063200815492 
0.14398422090729784 0.3520642201834862 
0.27613412228796846 0.3297655453618756 
0.22682445759368836 0.33081489476524545 
0.14792899408284024 0.347604485219164 
0.17751479289940827 0.33868501529051975 
0.21499013806706113 0.3348623853211008 
0.1952662721893491 0.33662667607621727 
0.1893491124260355 0.33868501529051975 
0.2445759368836292 0.3297655453618756 
0.21893491124260356 0.3348623853211008 
0.23076923076923078 0.33199541284403666 
0.23274161735700197 0.33081489476524545 
0.252465483234714 0.3297655453618756 
0.11637080867850098 0.347604485219164 
0.1834319526627219 0.33868501529051975 
0.20710059171597633 0.33199541284403666 
0.20315581854043394 0.33662667607621727 
0.2406311637080868 0.33081489476524545 
0.1222879684418146 0.347604485219164 
0.25443786982248523 0.3288266537904393 
0.1992110453648915 0.33662667607621727 
0.21104536489151873 0.33199541284403666 
0.15384615384615385 0.33868501529051975 
0.14398422090729784 0.3411175979983319 
0.2504930966469428 0.33081489476524545 
0.252465483234714 0.3297655453618756 
0.14398422090729784 0.3440366972477063 
0.3629191321499014 0.3288266537904393 
0.22682445759368836 0.3411175979983319 
0.2603550295857988 0.33333333333333326 
0.2485207100591716 0.33662667607621727 
0.28994082840236685 0.33199541284403666 
0.3234714003944773 0.33081489476524545 
0.23865877712031558 0.33868501529051975 
0.33530571992110453 0.3297655453618756 
0.17751479289940827 0.009713977334052852 
0.126232741617357 0.347604485219164 
0.17159763313609466 0.33199541284403666 
0.15581854043392504 0.3440366972477063 
0.15976331360946747 0.33662667607621727 
0.04930966469428008 0.026503567787971503 
0.38461538461538464 0.0031757233592095858 
0.05325443786982249 0.022935779816513818 
0.09270216962524655 0.017584097859327293 
0.22287968441814596 0.004786597526924705 
0.3136094674556213 0.0036697247706422454 
0.28402366863905326 0.00420489296636084 
0.10256410256410256 0.015525758645024786 
0.13214990138067062 0.013761467889908348 
0.14398422090729784 0.01223241590214077 
0.15384615384615385 0.009713977334052852 
0.21301775147928995 0.006116207951070314 
0.17751479289940827 0.0077257363592468245 
0.19723865877712032 0.006880733944954103 
0.16568047337278108 0.008664627930682945 
0.08284023668639054 0.017584097859327293 
0.5167652859960552 0.0 
0.09072978303747535 0.010894495412844067 
0.15384615384615385 0.006880733944954103 
0.28007889546351084 0.00420489296636084 
0.36489151873767256 0.0031757233592095858 
0.47337278106508873 0.0018981335020562945 
0.11439842209072978 0.008664627930682945 
0.3431952662721893 0.0036697247706422454 
0.15187376725838264 0.0077257363592468245 
0.49506903353057197 8.600917431192985E-4 
0.48520710059171596 0.0015290519877675785 
0.07100591715976332 0.015525758645024786 
0.8224852071005917 0.0015290519877675785 
0.621301775147929 0.0018981335020562945 
0.09467455621301775 0.010894495412844067 
0.10848126232741617 0.0077257363592468245 
0.47928994082840237 0.0022935779816513676 
0.08875739644970414 0.01223241590214077 
0.3155818540433925 0.0036697247706422454 
0.20315581854043394 0.00420489296636084 
0.4339250493096647 0.0031757233592095858 
0.14398422090729784 0.006116207951070314 
0.08678500986193294 0.013761467889908348 
0.1834319526627219 0.004786597526924705 
0.11242603550295859 0.006880733944954103 
0.45956607495069035 0.0027183146449202343 
0.3234714003944773 0.004786597526924705 
0.06903353057199212 0.3440366972477063 
0.20710059171597633 0.3279816513761467 
0.1854043392504931 0.3288266537904393 
0.14792899408284024 0.33333333333333326 
0.10453648915187377 0.33868501529051975 
0.11242603550295859 0.33662667607621727 
0.15976331360946747 0.33081489476524545 
0.2406311637080868 0.3288266537904393 
0.10848126232741617 0.347604485219164 
0.15187376725838264 0.3348623853211008 
0.16962524654832348 0.33081489476524545 
0.21104536489151873 0.3297655453618756 
0.10256410256410256 0.026503567787971503 
0.3254437869822485 0.0077257363592468245 
0.16173570019723865 0.01223241590214077 
0.27416173570019725 0.010894495412844067 
0.11637080867850098 0.020016680567139285 
0.1341222879684418 0.015525758645024786 
0.1222879684418146 0.017584097859327293 
0.21499013806706113 0.3288266537904393 
0.07889546351084813 0.33868501529051975 
0.1854043392504931 0.33333333333333326 
0.10650887573964497 0.33662667607621727 
0.1992110453648915 0.33081489476524545 
0.21301775147928995 0.3297655453618756 
0.9368836291913215 0.3222846996152708 
0.1341222879684418 0.347604485219164 
0.17357001972386588 0.33662667607621727 
0.7514792899408284 0.3226299694189602 
0.40631163708086787 0.3247706422018349 
0.571992110453649 0.32381923207611285 
0.252465483234714 0.3288266537904393 
0.6173570019723866 0.323394495412844 
0.7396449704142012 0.32299905093324893 
0.32938856015779094 0.3265221017514597 
0.2465483234714004 0.33199541284403666 
0.22682445759368836 0.3348623853211008 
0.378698224852071 0.3253058103975536 
0.23668639053254437 0.33333333333333326 
0.42011834319526625 0.3253058103975536 
0.09664694280078895 0.347604485219164 
0.20710059171597633 0.3297655453618756 
0.41025641025641024 0.3258875149581173 
0.14003944773175542 0.3411175979983319 
0.14201183431952663 0.33662667607621727 
0.17357001972386588 0.3348623853211008 
0.1854043392504931 0.33333333333333326 
0.1952662721893491 0.33081489476524545 
0.2445759368836292 0.004786597526924705 
0.07297830374753451 0.015525758645024786 
0.1203155818540434 0.013761467889908348 
0.14990138067061143 0.0077257363592468245 
0.20118343195266272 0.006880733944954103 
0.126232741617357 0.01223241590214077 
0.13214990138067062 0.009713977334052852 
0.21301775147928995 0.006116207951070314 
0.23668639053254437 0.0054211843202669075 
0.13806706114398423 0.008664627930682945 
0.029585798816568046 0.347604485219164 
0.4378698224852071 0.32381923207611285 
0.09664694280078895 0.3411175979983319 
0.2879684418145957 0.3242766407904022 
0.1203155818540434 0.33662667607621727 
0.17357001972386588 0.33081489476524545 
0.19723865877712032 0.32721712538226294 
0.2564102564102564 0.3265221017514597 
0.17751479289940827 0.3288266537904393 
0.26627218934911245 0.3258875149581173 
0.2859960552268245 0.3247706422018349 
0.1893491124260355 0.3279816513761467 
0.03550295857988166 0.017584097859327293 
0.3136094674556213 0.00420489296636084 
0.16962524654832348 0.006880733944954103 
0.15976331360946747 0.008664627930682945 
0.08284023668639054 0.009713977334052852 
0.25443786982248523 0.0054211843202669075 
0.07100591715976332 0.013761467889908348 
0.07889546351084813 0.010894495412844067 
0.0611439842209073 0.015525758645024786 
0.28402366863905326 0.004786597526924705 
0.6863905325443787 0.3242766407904022 
0.09861932938856016 0.33868501529051975 
0.27218934911242604 0.3279816513761467 
0.6489151873767258 0.3265221017514597 
0.1341222879684418 0.33199541284403666 
0.1222879684418146 0.3348623853211008 
0.11045364891518737 0.33662667607621727 
0.1952662721893491 0.3297655453618756 
0.24260355029585798 0.3288266537904393 
0.16173570019723865 0.33081489476524545 
0.6607495069033531 0.3253058103975536 
0.6804733727810651 0.3247706422018349 
0.6568047337278107 0.3258875149581173 
0.9467455621301775 0.3222846996152708 
0.09861932938856016 0.347604485219164 
0.16370808678500987 0.33868501529051975 
0.6903353057199211 0.3226299694189602 
0.2445759368836292 0.3297655453618756 
0.49506903353057197 0.32381923207611285 
0.6410256410256411 0.323394495412844 
0.4181459566074951 0.32721712538226294 
0.34122287968441817 0.3279816513761467 
0.1932938856015779 0.33662667607621727 
0.4437869822485207 0.3253058103975536 
0.21893491124260356 0.3348623853211008 
0.23274161735700197 0.33199541284403666 
0.46942800788954636 0.3242766407904022 
0.23076923076923078 0.33333333333333326 
0.6646942800788954 0.32299905093324893 
0.4418145956607495 0.0036697247706422454 
0.08481262327416174 0.3520642201834862 
0.1893491124260355 0.33081489476524545 
0.1952662721893491 0.009713977334052852 
0.34516765285996054 0.006880733944954103 
0.21301775147928995 0.0077257363592468245 
0.13214990138067062 0.33662667607621727 
0.39644970414201186 0.00420489296636084 
0.17751479289940827 0.3348623853211008 
0.11637080867850098 0.3440366972477063 
0.08875739644970414 0.347604485219164 
0.07100591715976332 0.3411175979983319 
0.20907297830374755 0.006880733944954103 
0.11242603550295859 0.013761467889908348 
0.16173570019723865 0.0077257363592468245 
0.14990138067061143 0.010894495412844067 
0.1242603550295858 0.01223241590214077 
0.09467455621301775 0.347604485219164 
0.9526627218934911 0.3222846996152708 
0.7455621301775148 0.3226299694189602 
0.1992110453648915 0.3348623853211008 
0.22682445759368836 0.3297655453618756 
0.5680473372781065 0.32299905093324893 
0.41222879684418146 0.32381923207611285 
0.5641025641025641 0.323394495412844 
0.16962524654832348 0.33868501529051975 
0.11637080867850098 0.3440366972477063 
0.14201183431952663 0.3411175979983319 
0.252465483234714 0.32721712538226294 
0.2485207100591716 0.3288266537904393 
0.28402366863905326 0.3258875149581173 
0.3431952662721893 0.3247706422018349 
0.33727810650887574 0.3253058103975536 
0.398422090729783 0.3242766407904022 
0.2781065088757396 0.3265221017514597 
0.2859960552268245 0.00420489296636084 
0.09664694280078895 0.347604485219164 
0.21104536489151873 0.3297655453618756 
0.21893491124260356 0.0077257363592468245 
0.126232741617357 0.33662667607621727 
0.1913214990138067 0.33333333333333326 
0.25443786982248523 0.006116207951070314 
0.28007889546351084 0.004786597526924705 
0.11834319526627218 0.3440366972477063 
0.23076923076923078 0.006880733944954103 
0.1992110453648915 0.33199541284403666 
0.42998027613412226 0.3247706422018349 
0.03353057199211045 0.347604485219164 
0.14201183431952663 0.33662667607621727 
0.28402366863905326 0.3253058103975536 
0.23471400394477318 0.32721712538226294 
0.15384615384615385 0.3348623853211008 
0.16568047337278108 0.33081489476524545 
0.17751479289940827 0.3297655453618756 
0.27613412228796846 0.3258875149581173 
0.33925049309664695 0.0031757233592095858 
0.08875739644970414 0.33868501529051975 
0.11834319526627218 0.3297655453618756 
0.15581854043392504 0.008664627930682945 
0.15976331360946747 0.006880733944954103 
0.2702169625246548 0.0054211843202669075 
0.29191321499013806 0.00420489296636084 
0.3254437869822485 0.0036697247706422454 
0.10453648915187377 0.33081489476524545 
0.2781065088757396 0.004786597526924705 
0.09270216962524655 0.3348623853211008 
0.10059171597633136 0.33333333333333326 
0.05325443786982249 0.026503567787971503 
0.8994082840236687 0.0011837821840781529 
0.08086785009861933 0.022935779816513818 
0.08875739644970414 0.013761467889908348 
0.591715976331361 0.0015290519877675785 
0.10650887573964497 0.0077257363592468245 
0.4240631163708087 0.0018981335020562945 
0.1834319526627219 0.0054211843202669075 
0.2781065088757396 0.00420489296636084 
0.368836291913215 0.0036697247706422454 
0.2682445759368836 0.004786597526924705 
0.14201183431952663 0.006880733944954103 
0.3708086785009862 0.0031757233592095858 
0.398422090729783 0.0022935779816513676 
0.39447731755424065 0.0027183146449202343 
0.08875739644970414 0.33662667607621727 
0.20118343195266272 0.3288266537904393 
0.14990138067061143 0.33333333333333326 
0.16173570019723865 0.3297655453618756 
0.14595660749506903 0.3288266537904393 
0.07297830374753451 0.347604485219164 
0.09861932938856016 0.3440366972477063 
0.11045364891518737 0.3348623853211008 
0.1222879684418146 0.33333333333333326 
0.1341222879684418 0.3297655453618756 
0.0 0.030963302752293607 
0.9408284023668639 0.0015290519877675785 
0.6923076923076923 0.0018981335020562945 
0.04142011834319527 0.026503567787971503 
0.378698224852071 0.0036697247706422454 
0.5384615384615384 0.0027183146449202343 
0.07692307692307693 0.022935779816513818 
0.17357001972386588 0.013761467889908348 
0.1814595660749507 0.009713977334052852 
0.6666666666666666 0.0022935779816513676 
0.32741617357001973 0.006116207951070314 
0.11637080867850098 0.020016680567139285 
0.23274161735700197 0.0077257363592468245 
0.15384615384615385 0.017584097859327293 
0.16173570019723865 0.015525758645024786 
0.1932938856015779 0.008664627930682945 
0.3510848126232742 0.004786597526924705 
0.3530571992110454 0.00420489296636084 
0.8461538461538461 0.0011837821840781529 
0.013806706114398421 0.026503567787971503 
0.46548323471400394 0.0015290519877675785 
0.029585798816568046 0.020016680567139285 
0.04930966469428008 0.017584097859327293 
0.05719921104536489 0.013761467889908348 
0.10650887573964497 0.0054211843202669075 
0.21301775147928995 0.004786597526924705 
0.2504930966469428 0.0036697247706422454 
0.34911242603550297 0.0031757233592095858 
0.06903353057199212 0.010894495412844067 
0.07297830374753451 0.009713977334052852 
0.08678500986193294 0.006880733944954103 
0.3530571992110454 0.0027183146449202343 
0.4280078895463511 0.0022935779816513676 
0.23865877712031558 0.00420489296636084 
0.09072978303747535 0.006116207951070314 
0.4536489151873767 0.0018981335020562945 
0.011834319526627219 0.030963302752293607 
0.5877712031558185 5.560189046427817E-4 
0.03747534516765286 0.022935779816513818 
0.17751479289940827 0.013761467889908348 
0.11045364891518737 0.015525758645024786 
0.32938856015779094 0.0036697247706422454 
0.42011834319526625 0.0031757233592095858 
0.1932938856015779 0.010894495412844067 
0.05719921104536489 0.020016680567139285 
0.09270216962524655 0.017584097859327293 
0.29191321499013806 0.00420489296636084 
0.23274161735700197 0.009713977334052852 
0.2879684418145957 0.0054211843202669075 
0.5483234714003945 8.600917431192985E-4 
0.26429980276134124 0.006116207951070314 
0.4457593688362919 0.0022935779816513676 
0.4714003944773176 0.0018981335020562945 
0.4970414201183432 0.0015290519877675785 
0.5226824457593688 0.0011837821840781529 
0.252465483234714 0.006880733944954103 
0.2406311637080868 0.008664627930682945 
0.2445759368836292 0.0077257363592468245 
0.4339250493096647 0.0027183146449202343 
0.0650887573964497 0.020016680567139285 
0.14398422090729784 0.0077257363592468245 
0.10848126232741617 0.01223241590214077 
0.1203155818540434 0.010894495412844067 
0.13214990138067062 0.008664627930682945 
0.5739644970414202 0.0031757233592095858 
0.09270216962524655 0.022935779816513818 
0.27613412228796846 0.0077257363592468245 
0.46745562130177515 0.00420489296636084 
0.11834319526627218 0.015525758645024786 
0.1932938856015779 0.009713977334052852 
0.1794871794871795 0.01223241590214077 
0.126232741617357 0.013761467889908348 
0.2485207100591716 0.008664627930682945 
0.5305719921104537 0.0036697247706422454 
0.055226824457593686 0.347604485219164 
0.0650887573964497 0.020016680567139285 
0.0611439842209073 0.026503567787971503 
0.0019723865877712033 0.026503567787971503 
0.9388560157790927 0.0011837821840781529 
0.6094674556213018 0.0022935779816513676 
0.9132149901380671 0.0015290519877675785 
0.045364891518737675 0.020016680567139285 
0.4556213017751479 0.0031757233592095858 
0.11439842209072978 0.009713977334052852 
0.32938856015779094 0.0036697247706422454 
0.22090729783037474 0.008664627930682945 
0.09072978303747535 0.013761467889908348 
0.10256410256410256 0.010894495412844067 
0.05128205128205128 0.017584097859327293 
0.27416173570019725 0.006116207951070314 
0.29980276134122286 0.00420489296636084 
0.07889546351084813 0.015525758645024786 
0.2445759368836292 0.006880733944954103 
0.22879684418145957 0.0077257363592468245 
0.06903353057199212 0.3440366972477063 
0.5128205128205128 0.0011837821840781529 
0.1222879684418146 0.013761467889908348 
0.22485207100591717 0.0036697247706422454 
0.40433925049309666 0.0031757233592095858 
0.4556213017751479 0.0022935779816513676 
0.48717948717948717 0.0015290519877675785 
0.1992110453648915 0.006116207951070314 
0.17357001972386588 0.0077257363592468245 
0.42998027613412226 0.0027183146449202343 
0.15384615384615385 0.008664627930682945 
0.14201183431952663 0.009713977334052852 
0.1301775147928994 0.01223241590214077 
0.05719921104536489 0.022935779816513818 
0.9388560157790927 8.600917431192985E-4 
0.6390532544378699 0.0011837821840781529 
0.10059171597633136 0.017584097859327293 
0.40828402366863903 0.0031757233592095858 
0.5877712031558185 0.0018981335020562945 
0.10650887573964497 0.015525758645024786 
0.23274161735700197 0.006116207951070314 
0.16568047337278108 0.013761467889908348 
0.1794871794871795 0.01223241590214077 
0.1913214990138067 0.009713977334052852 
0.20315581854043394 0.0077257363592468245 
0.32741617357001973 0.00420489296636084 
0.40631163708086787 0.0036697247706422454 
0.2958579881656805 0.004786597526924705 
0.6134122287968442 0.0015290519877675785 
0.06903353057199212 0.3440366972477063 
0.3609467455621302 0.0031757233592095858 
0.10650887573964497 0.33662667607621727 
0.1282051282051282 0.010894495412844067 
0.2583826429980276 0.0036697247706422454 
0.21893491124260356 0.0054211843202669075 
0.1893491124260355 0.006116207951070314 
0.2465483234714004 0.00420489296636084 
0.15187376725838264 0.0077257363592468245 
0.17751479289940827 0.006880733944954103 
0.14003944773175542 0.008664627930682945 
0.08086785009861933 0.347604485219164 
0.4911242603550296 0.3216569363358354 
0.1834319526627219 0.3288266537904393 
0.3767258382642998 0.3258875149581173 
0.10848126232741617 0.33868501529051975 
0.4418145956607495 0.3219610091743119 
0.15779092702169625 0.33199541284403666 
0.1282051282051282 0.3348623853211008 
0.378698224852071 0.3242766407904022 
0.17159763313609466 0.33081489476524545 
0.11637080867850098 0.33662667607621727 
0.40433925049309666 0.32381923207611285 
0.42209072978303747 0.3226299694189602 
0.41420118343195267 0.323394495412844 
0.4161735700197239 0.32299905093324893 
0.571992110453649 0.3216569363358354 
0.09072978303747535 0.33662667607621727 
0.4457593688362919 0.323394495412844 
0.3254437869822485 0.32721712538226294 
0.13609467455621302 0.3297655453618756 
0.21301775147928995 0.3288266537904393 
0.5226824457593688 0.3222846996152708 
0.38461538461538464 0.3247706422018349 
0.26627218934911245 0.3279816513761467 
0.1242603550295858 0.33333333333333326 
0.1341222879684418 0.33081489476524545 
0.1203155818540434 0.3348623853211008 
0.398422090729783 0.3242766407904022 
0.4240631163708087 0.32381923207611285 
0.08481262327416174 0.026503567787971503 
0.6291913214990138 8.600917431192985E-4 
0.09270216962524655 0.022935779816513818 
0.4832347140039448 0.0018981335020562945 
0.5897435897435898 0.0015290519877675785 
0.14990138067061143 0.020016680567139285 
0.16765285996055226 0.017584097859327293 
0.22090729783037474 0.013761467889908348 
0.3057199211045365 0.006116207951070314 
0.24260355029585798 0.01223241590214077 
0.3668639053254438 0.0054211843202669075 
0.26232741617357 0.0077257363592468245 
0.2465483234714004 0.009713977334052852 
0.39250493096646943 0.004786597526924705 
0.40433925049309666 0.0036697247706422454 
0.28994082840236685 0.006880733944954103 
0.4516765285996055 0.0022935779816513676 
0.5996055226824457 0.0011837821840781529 
0.4260355029585799 0.0031757233592095858 
0.4418145956607495 0.0027183146449202343 
0.05325443786982249 0.020016680567139285 
0.893491124260355 0.0011837821840781529 
0.1814595660749507 0.0031757233592095858 
0.6015779092702169 0.0015290519877675785 
0.3806706114398422 0.0027183146449202343 
0.46153846153846156 0.0018981335020562945 
0.15384615384615385 0.006116207951070314 
0.0631163708086785 0.017584097859327293 
0.07100591715976332 0.015525758645024786 
0.07495069033530571 0.013761467889908348 
0.4358974358974359 0.0022935779816513676 
0.08284023668639054 0.01223241590214077 
0.08678500986193294 0.010894495412844067 
0.09664694280078895 0.009713977334052852 
0.10848126232741617 0.008664627930682945 
0.13609467455621302 0.006880733944954103 
0.1242603550295858 0.0077257363592468245 
0.1222879684418146 0.33868501529051975 
0.9546351084812623 5.560189046427817E-4 
0.14201183431952663 0.3348623853211008 
0.1814595660749507 0.013761467889908348 
0.6548323471400395 8.600917431192985E-4 
0.4181459566074951 0.0018981335020562945 
0.6015779092702169 0.0015290519877675785 
0.3234714003944773 0.0031757233592095858 
0.3767258382642998 0.0027183146449202343 
0.20118343195266272 0.009713977334052852 
0.23865877712031558 0.0077257363592468245 
0.41222879684418146 0.0022935779816513676 
0.2504930966469428 0.006880733944954103 
0.28205128205128205 0.006116207951070314 
0.6272189349112426 0.0011837821840781529 
0.31952662721893493 0.00420489296636084 
0.2978303747534517 0.0054211843202669075 
0.1854043392504931 0.010894495412844067 
0.07100591715976332 0.020016680567139285 
0.7593688362919132 8.600917431192985E-4 
0.4714003944773176 0.0011837821840781529 
0.10059171597633136 0.015525758645024786 
0.1854043392504931 0.004786597526924705 
0.14201183431952663 0.010894495412844067 
0.10650887573964497 0.013761467889908348 
0.27218934911242604 0.00420489296636084 
0.35502958579881655 0.0031757233592095858 
0.1814595660749507 0.006880733944954103 
0.42998027613412226 0.0027183146449202343 
0.2879684418145957 0.0036697247706422454 
0.4477317554240631 0.0022935779816513676 
0.15187376725838264 0.009713977334052852 
0.16568047337278108 0.0077257363592468245 
0.15976331360946747 0.008664627930682945 
0.3431952662721893 0.3297655453618756 
0.16173570019723865 0.347604485219164 
0.27416173570019725 0.3348623853211008 
0.1992110453648915 0.3411175979983319 
0.3076923076923077 0.33081489476524545 
0.21104536489151873 0.33868501529051975 
0.2465483234714004 0.33662667607621727 
0.29980276134122286 0.33199541284403666 
0.38461538461538464 0.3297655453618756 
0.15976331360946747 0.347604485219164 
0.20315581854043394 0.33868501529051975 
0.3096646942800789 0.33081489476524545 
0.2465483234714004 0.33662667607621727 
0.16765285996055226 0.3520642201834862 
0.3905325443786982 0.3297655453618756 
0.33727810650887574 0.3348623853211008 
0.2583826429980276 0.33662667607621727 
0.1952662721893491 0.33868501529051975 
0.34911242603550297 0.33081489476524545 
0.17159763313609466 0.347604485219164 
0.1854043392504931 0.3440366972477063 
0.1913214990138067 0.3411175979983319 
0.16765285996055226 0.3520642201834862 
0.4891518737672584 0.3288266537904393 
0.32938856015779094 0.3297655453618756 
0.17159763313609466 0.347604485219164 
0.20512820512820512 0.3411175979983319 
0.23274161735700197 0.33333333333333326 
0.28007889546351084 0.33199541284403666 
0.22090729783037474 0.33662667607621727 
0.20907297830374755 0.33868501529051975 
0.3096646942800789 0.33081489476524545 
0.16173570019723865 0.3520642201834862 
0.5601577909270217 0.3247706422018349 
0.3333333333333333 0.3297655453618756 
0.4378698224852071 0.3288266537904393 
0.1834319526627219 0.347604485219164 
0.4635108481262327 0.3253058103975536 
0.22090729783037474 0.3411175979983319 
0.22879684418145957 0.33868501529051975 
0.28402366863905326 0.3348623853211008 
0.27613412228796846 0.33662667607621727 
0.45759368836291914 0.3265221017514597 
0.5996055226824457 0.3288266537904393 
0.17751479289940827 0.347604485219164 
0.3826429980276134 0.3297655453618756 
0.20710059171597633 0.3411175979983319 
0.3136094674556213 0.3348623853211008 
0.3175542406311637 0.33081489476524545 
0.22682445759368836 0.33662667607621727 
0.21499013806706113 0.33868501529051975 
0.14792899408284024 0.347604485219164 
0.3708086785009862 0.3297655453618756 
0.22090729783037474 0.3411175979983319 
0.2978303747534517 0.33081489476524545 
0.25443786982248523 0.3348623853211008 
0.23865877712031558 0.33868501529051975 
0.2781065088757396 0.33199541284403666 
0.16765285996055226 0.3411175979983319 
0.358974358974359 0.3297655453618756 
0.1893491124260355 0.3348623853211008 
0.20118343195266272 0.33333333333333326 
0.2564102564102564 0.33199541284403666 
0.3057199211045365 0.33081489476524545 
0.14201183431952663 0.347604485219164 
0.3708086785009862 0.3288266537904393 
0.19723865877712032 0.33662667607621727 
0.3116370808678501 0.3297655453618756 
0.2465483234714004 0.3348623853211008 
0.3865877712031558 0.3297655453618756 
0.13609467455621302 0.3520642201834862 
0.14201183431952663 0.347604485219164 
0.20118343195266272 0.3440366972477063 
0.33136094674556216 0.33199541284403666 
0.28402366863905326 0.33662667607621727 
0.2406311637080868 0.3411175979983319 
0.25443786982248523 0.33868501529051975 
0.36489151873767256 0.33081489476524545 
0.1301775147928994 0.9898063200815492 
0.8126232741617357 0.3258875149581173 
0.16962524654832348 0.347604485219164 
0.5581854043392505 0.3288266537904393 
0.5759368836291914 0.3279816513761467 
0.8067061143984221 0.3265221017514597 
0.32938856015779094 0.3297655453618756 
0.252465483234714 0.33868501529051975 
0.2682445759368836 0.33081489476524545 
0.1893491124260355 0.3440366972477063 
0.2603550295857988 0.33333333333333326 
0.26429980276134124 0.33199541284403666 
0.3668639053254438 0.3297655453618756 
0.15384615384615385 0.9942660550458714 
0.17751479289940827 0.3411175979983319 
0.15976331360946747 0.9898063200815492 
0.2958579881656805 0.33081489476524545 
0.1992110453648915 0.33662667607621727 
0.2504930966469428 0.33333333333333326 
0.2583826429980276 0.33199541284403666 
0.1873767258382643 0.33868501529051975 
0.16765285996055226 0.3520642201834862 
0.3806706114398422 0.3288266537904393 
0.23668639053254437 0.33868501529051975 
0.17159763313609466 0.347604485219164 
0.32741617357001973 0.3348623853211008 
0.26429980276134124 0.33662667607621727 
0.34714003944773175 0.33081489476524545 
0.3767258382642998 0.3297655453618756 
0.15976331360946747 0.347604485219164 
0.3510848126232742 0.3297655453618756 
0.1873767258382643 0.3440366972477063 
0.33136094674556216 0.33081489476524545 
0.3096646942800789 0.3348623853211008 
0.2564102564102564 0.33868501529051975 
0.2603550295857988 0.33662667607621727 
0.3865877712031558 0.3297655453618756 
0.16173570019723865 0.33868501529051975 
0.3136094674556213 0.33081489476524545 
0.23076923076923078 0.33662667607621727 
0.16765285996055226 0.35779816513761475 
0.3155818540433925 0.3297655453618756 
0.22682445759368836 0.33868501529051975 
0.27613412228796846 0.33662667607621727 
0.17751479289940827 0.347604485219164 
0.20710059171597633 0.3440366972477063 
0.17159763313609466 0.3520642201834862 
0.2879684418145957 0.3348623853211008 
0.29980276134122286 0.33199541284403666 
0.21893491124260356 0.3411175979983319 
0.3116370808678501 0.33081489476524545 
0.1794871794871795 0.9942660550458714 
0.4457593688362919 0.3279816513761467 
0.1913214990138067 0.33868501529051975 
0.1873767258382643 0.9898063200815492 
0.3530571992110454 0.3288266537904393 
0.20907297830374755 0.33662667607621727 
0.27416173570019725 0.33199541284403666 
0.32741617357001973 0.33081489476524545 
0.33530571992110453 0.3297655453618756 
0.1873767258382643 0.347604485219164 
0.34911242603550297 0.3297655453618756 
0.33136094674556216 0.33199541284403666 
0.2465483234714004 0.33662667607621727 
0.21301775147928995 0.33868501529051975 
0.1992110453648915 0.3440366972477063 
0.378698224852071 0.3288266537904393 
0.14990138067061143 0.9942660550458714 
0.16370808678500987 0.347604485219164 
0.2938856015779093 0.3297655453618756 
0.26627218934911245 0.33199541284403666 
0.27416173570019725 0.33081489476524545 
0.21499013806706113 0.3440366972477063 
0.38461538461538464 0.3288266537904393 
0.14595660749506903 1.0 
0.14990138067061143 0.9942660550458714 
0.17159763313609466 0.3520642201834862 
0.3234714003944773 0.3297655453618756 
0.24260355029585798 0.33868501529051975 
0.2682445759368836 0.33662667607621727 
0.1755424063116371 0.347604485219164 
0.1992110453648915 0.3440366972477063 
0.29980276134122286 0.33081489476524545 
0.22090729783037474 0.3411175979983319 
0.27218934911242604 0.3348623853211008 
0.2879684418145957 0.33199541284403666 
0.09467455621301775 0.347604485219164 
0.23076923076923078 0.3288266537904393 
0.09664694280078895 0.3440366972477063 
0.16765285996055226 0.3411175979983319 
0.17159763313609466 0.33868501529051975 
0.20315581854043394 0.33662667607621727 
0.20710059171597633 0.3348623853211008 
0.21696252465483234 0.33333333333333326 
0.22485207100591717 0.33081489476524545 
0.22090729783037474 0.33199541284403666 
0.09861932938856016 0.347604485219164 
0.46548323471400394 0.3253058103975536 
0.1282051282051282 0.33662667607621727 
0.1834319526627219 0.33333333333333326 
0.22090729783037474 0.3297655453618756 
0.2859960552268245 0.3288266537904393 
0.1341222879684418 0.3348623853211008 
0.398422090729783 0.3258875149581173 
0.3116370808678501 0.3279816513761467 
0.3708086785009862 0.3265221017514597 
0.1992110453648915 0.33081489476524545 
0.09861932938856016 0.347604485219164 
0.43984220907297833 0.3288266537904393 
0.14201183431952663 0.3411175979983319 
0.29191321499013806 0.3297655453618756 
0.22090729783037474 0.3348623853211008 
0.14792899408284024 0.33868501529051975 
0.1814595660749507 0.33662667607621727 
0.23471400394477318 0.33199541284403666 
0.2485207100591716 0.33081489476524545 
0.055226824457593686 0.347604485219164 
0.27416173570019725 0.3279816513761467 
0.15187376725838264 0.3411175979983319 
0.15581854043392504 0.33662667607621727 
0.22090729783037474 0.3348623853211008 
0.23274161735700197 0.33333333333333326 
0.2504930966469428 0.33081489476524545 
0.26232741617357 0.3297655453618756 
0.2682445759368836 0.3288266537904393 
0.14595660749506903 0.347604485219164 
0.27416173570019725 0.3288266537904393 
0.1893491124260355 0.33868501529051975 
0.1794871794871795 0.3440366972477063 
0.23668639053254437 0.3348623853211008 
0.2504930966469428 0.33199541284403666 
0.2682445759368836 0.33081489476524545 
0.11045364891518737 0.347604485219164 
0.6173570019723866 0.3226299694189602 
0.1282051282051282 0.33868501529051975 
0.39250493096646943 0.3253058103975536 
0.5384615384615384 0.3247706422018349 
0.2406311637080868 0.3288266537904393 
0.368836291913215 0.3279816513761467 
0.20710059171597633 0.3348623853211008 
0.5641025641025641 0.323394495412844 
0.15581854043392504 0.33662667607621727 
0.6015779092702169 0.32299905093324893 
0.21893491124260356 0.33199541284403666 
0.3806706114398422 0.32721712538226294 
0.22090729783037474 0.33081489476524545 
0.23274161735700197 0.3297655453618756 
0.09664694280078895 0.3440366972477063 
0.20118343195266272 0.0077257363592468245 
0.13609467455621302 0.33662667607621727 
0.15581854043392504 0.015525758645024786 
0.16765285996055226 0.010894495412844067 
0.11637080867850098 0.33868501529051975 
0.1814595660749507 0.009713977334052852 
0.1992110453648915 0.008664627930682945 
0.11242603550295859 0.347604485219164 
0.3609467455621302 0.3253058103975536 
0.14398422090729784 0.3348623853211008 
0.24260355029585798 0.32721712538226294 
0.3214990138067061 0.3265221017514597 
0.23076923076923078 0.3288266537904393 
0.1834319526627219 0.33199541284403666 
0.15581854043392504 0.33333333333333326 
0.3431952662721893 0.3258875149581173 
0.46745562130177515 0.3253058103975536 
0.07692307692307693 0.3520642201834862 
0.3708086785009862 0.3288266537904393 
0.22287968441814596 0.3297655453618756 
0.11637080867850098 0.3411175979983319 
0.08086785009861933 0.347604485219164 
0.13214990138067062 0.33662667607621727 
0.17751479289940827 0.33333333333333326 
0.126232741617357 0.33868501529051975 
0.20118343195266272 0.33199541284403666 
0.21893491124260356 0.33081489476524545 
0.13609467455621302 0.347604485219164 
0.28007889546351084 0.3279816513761467 
0.14990138067061143 0.33662667607621727 
0.23471400394477318 0.33199541284403666 
0.14595660749506903 0.3411175979983319 
0.2504930966469428 0.3288266537904393 
0.23865877712031558 0.3297655453618756 
0.7317554240631163 0.3247706422018349 
0.08875739644970414 0.347604485219164 
0.35502958579881655 0.3279816513761467 
0.11439842209072978 0.3440366972477063 
0.16370808678500987 0.33662667607621727 
0.21893491124260356 0.33333333333333326 
0.2445759368836292 0.3288266537904393 
0.23076923076923078 0.3297655453618756 
0.16568047337278108 0.3348623853211008 
0.3076923076923077 0.3288266537904393 
0.09861932938856016 0.9862385321100915 
0.15384615384615385 0.33662667607621727 
0.252465483234714 0.3297655453618756 
0.20118343195266272 0.3348623853211008 
0.21301775147928995 0.33081489476524545 
0.03353057199211045 0.022935779816513818 
0.1814595660749507 0.008664627930682945 
0.11045364891518737 0.017584097859327293 
0.16173570019723865 0.01223241590214077 
0.1282051282051282 0.013761467889908348 
0.17159763313609466 0.009713977334052852 
0.1222879684418146 0.015525758645024786 
0.33136094674556216 0.3288266537904393 
0.10256410256410256 0.347604485219164 
0.20907297830374755 0.3297655453618756 
0.1755424063116371 0.33662667607621727 
0.1854043392504931 0.33081489476524545 
0.14595660749506903 0.3411175979983319 
0.14792899408284024 0.33868501529051975 
0.09270216962524655 0.33868501529051975 
0.1854043392504931 0.006880733944954103 
0.13806706114398423 0.009713977334052852 
0.1341222879684418 0.33081489476524545 
0.1794871794871795 0.0077257363592468245 
0.1222879684418146 0.3348623853211008 
0.22682445759368836 0.3288266537904393 
0.07100591715976332 0.3440366972477063 
0.1755424063116371 0.3348623853211008 
0.1814595660749507 0.33199541284403666 
0.20118343195266272 0.3297655453618756 
0.1932938856015779 0.33081489476524545 
0.4418145956607495 0.3253058103975536 
0.1222879684418146 0.3440366972477063 
0.16962524654832348 0.33662667607621727 
0.29980276134122286 0.3348623853211008 
0.4161735700197239 0.3279816513761467 
0.3234714003944773 0.3288266537904393 
0.31952662721893493 0.3297655453618756 
0.3155818540433925 0.33199541284403666 
0.3136094674556213 0.33333333333333326 
0.41222879684418146 0.3288266537904393 
0.08875739644970414 0.347604485219164 
0.28007889546351084 0.3297655453618756 
0.21301775147928995 0.33662667607621727 
0.252465483234714 0.3348623853211008 
0.11834319526627218 0.3440366972477063 
0.26429980276134124 0.33081489476524545 
0.17357001972386588 0.33868501529051975 
0.15581854043392504 0.3411175979983319 
0.06903353057199212 0.33868501529051975 
0.21696252465483234 0.3288266537904393 
0.14595660749506903 0.33662667607621727 
0.16370808678500987 0.33199541284403666 
0.1814595660749507 0.33081489476524545 
0.20512820512820512 0.3297655453618756 
0.4930966469428008 0.3253058103975536 
0.1222879684418146 0.347604485219164 
0.47928994082840237 0.3279816513761467 
0.25443786982248523 0.3297655453618756 
0.22682445759368836 0.3348623853211008 
0.16173570019723865 0.33868501529051975 
0.13609467455621302 0.3440366972477063 
0.15187376725838264 0.3411175979983319 
0.23274161735700197 0.33199541284403666 
0.4832347140039448 0.3265221017514597 
0.24260355029585798 0.33081489476524545 
0.1222879684418146 0.9942660550458714 
0.4457593688362919 0.3279816513761467 
0.16370808678500987 0.33868501529051975 
0.126232741617357 0.9898063200815492 
0.368836291913215 0.3288266537904393 
0.30177514792899407 0.3297655453618756 
0.20710059171597633 0.33662667607621727 
0.2682445759368836 0.3348623853211008 
0.2879684418145957 0.33199541284403666 
0.2781065088757396 0.33333333333333326 
0.1854043392504931 0.3440366972477063 
0.33925049309664695 0.3279816513761467 
0.23274161735700197 0.33662667607621727 
0.22879684418145957 0.3411175979983319 
0.28205128205128205 0.3348623853211008 
0.3136094674556213 0.3297655453618756 
0.2958579881656805 0.33333333333333326 
0.33136094674556216 0.3288266537904393 
0.29980276134122286 0.33199541284403666 
0.3096646942800789 0.33081489476524545 
0.13214990138067062 0.347604485219164 
0.39644970414201186 0.3279816513761467 
0.21696252465483234 0.33868501529051975 
0.28994082840236685 0.33662667607621727 
0.3136094674556213 0.33081489476524545 
0.32741617357001973 0.3297655453618756 
0.38461538461538464 0.3288266537904393 
0.22090729783037474 0.33662667607621727 
0.0670611439842209 0.3440366972477063 
0.16370808678500987 0.33868501529051975 
0.15187376725838264 0.3411175979983319 
0.20315581854043394 0.3440366972477063 
0.10453648915187377 0.347604485219164 
0.16765285996055226 0.347604485219164 
0.4556213017751479 0.3288266537904393 
0.21499013806706113 0.33868501529051975 
0.16962524654832348 0.3440366972477063 
0.34122287968441817 0.33081489476524545 
0.42011834319526625 0.3297655453618756 
0.27416173570019725 0.33662667607621727 
0.3096646942800789 0.33199541284403666 
0.2859960552268245 0.3348623853211008 
0.39447731755424065 0.3297655453618756 
0.17159763313609466 0.3520642201834862 
0.3096646942800789 0.33081489476524545 
0.22287968441814596 0.33868501529051975 
0.2879684418145957 0.33662667607621727 
0.1755424063116371 0.347604485219164 
0.20710059171597633 0.3440366972477063 
0.30177514792899407 0.3348623853211008 
0.21499013806706113 0.3411175979983319 
0.7061143984220908 0.3216569363358354 
0.1794871794871795 0.33868501529051975 
0.6410256410256411 0.32381923207611285 
0.4181459566074951 0.3242766407904022 
0.27416173570019725 0.3297655453618756 
0.2859960552268245 0.3258875149581173 
0.3096646942800789 0.3247706422018349 
0.20907297830374755 0.3348623853211008 
0.22090729783037474 0.33199541284403666 
0.1893491124260355 0.33662667607621727 
0.23865877712031558 0.33081489476524545 
0.650887573964497 0.3226299694189602 
0.6824457593688363 0.3219610091743119 
0.6725838264299803 0.3222846996152708 
0.15384615384615385 0.9898063200815492 
0.7416173570019724 0.3242766407904022 
0.17357001972386588 0.3440366972477063 
0.650887573964497 0.32721712538226294 
0.4477317554240631 0.3279816513761467 
0.3155818540433925 0.3288266537904393 
0.20118343195266272 0.33662667607621727 
0.2406311637080868 0.3348623853211008 
0.2781065088757396 0.33333333333333326 
0.6587771203155819 0.3258875149581173 
0.6942800788954635 0.3253058103975536 
0.7238658777120316 0.3247706422018349 
0.2938856015779093 0.33199541284403666 
0.1814595660749507 0.3411175979983319 
0.19723865877712032 0.33868501529051975 
0.16568047337278108 0.347604485219164 
0.4319526627218935 0.3288266537904393 
0.23076923076923078 0.3297655453618756 
0.1834319526627219 0.33662667607621727 
0.21499013806706113 0.33081489476524545 
0.15976331360946747 0.347604485219164 
0.33925049309664695 0.3279816513761467 
0.1932938856015779 0.3440366972477063 
0.20710059171597633 0.33868501529051975 
0.2445759368836292 0.3348623853211008 
0.2978303747534517 0.3288266537904393 
0.2682445759368836 0.3297655453618756 
0.20512820512820512 0.3411175979983319 
0.2564102564102564 0.33199541284403666 
0.25443786982248523 0.33333333333333326 
0.15187376725838264 0.347604485219164 
0.4477317554240631 0.3288266537904393 
0.23471400394477318 0.33081489476524545 
0.3629191321499014 0.3297655453618756 
0.1992110453648915 0.33662667607621727 
0.19723865877712032 0.3411175979983319 
0.17751479289940827 0.3440366972477063 
0.15779092702169625 0.347604485219164 
0.9546351084812623 0.3226299694189602 
0.22879684418145957 0.3440366972477063 
0.3767258382642998 0.3411175979983319 
0.7435897435897436 0.32299905093324893 
0.42209072978303747 0.33868501529051975 
0.4457593688362919 0.3348623853211008 
0.46745562130177515 0.33199541284403666 
0.4911242603550296 0.33081489476524545 
0.5660749506903353 0.3288266537904393 
0.5838264299802761 0.3279816513761467 
0.5936883629191322 0.3258875149581173 
0.6607495069033531 0.32381923207611285 
0.717948717948718 0.323394495412844 
0.6351084812623274 0.3242766407904022 
0.6094674556213018 0.3253058103975536 
0.6193293885601578 0.3247706422018349 
0.15384615384615385 0.347604485219164 
0.4339250493096647 0.3288266537904393 
0.1913214990138067 0.33868501529051975 
0.2406311637080868 0.33662667607621727 
0.358974358974359 0.3297655453618756 
0.2859960552268245 0.33081489476524545 
0.26627218934911245 0.33199541284403666 
0.13214990138067062 0.33662667607621727 
0.6331360946745562 0.3216569363358354 
0.14201183431952663 0.33199541284403666 
0.514792899408284 0.3219610091743119 
0.40433925049309666 0.3222846996152708 
0.2445759368836292 0.3265221017514597 
0.20315581854043394 0.3288266537904393 
0.16962524654832348 0.3297655453618756 
0.26232741617357 0.3242766407904022 
0.3609467455621302 0.323394495412844 
0.2938856015779093 0.32381923207611285 
0.3826429980276134 0.3226299694189602 
0.8047337278106509 0.3253058103975536 
0.1992110453648915 0.9862385321100915 
0.21301775147928995 0.3520642201834862 
0.6074950690335306 0.3288266537904393 
0.3708086785009862 0.3297655453618756 
0.6153846153846154 0.3258875149581173 
0.28402366863905326 0.33081489476524545 
0.252465483234714 0.33868501529051975 
0.21696252465483234 0.347604485219164 
0.27218934911242604 0.33199541284403666 
0.15384615384615385 0.347604485219164 
0.43984220907297833 0.3297655453618756 
0.23076923076923078 0.3440366972477063 
0.34516765285996054 0.33868501529051975 
0.40631163708086787 0.33081489476524545 
0.39447731755424065 0.3348623853211008 
0.3727810650887574 0.33662667607621727 
0.33530571992110453 0.3288266537904393 
0.08481262327416174 0.347604485219164 
0.22879684418145957 0.33868501529051975 
0.3175542406311637 0.33081489476524545 
0.14003944773175542 0.347604485219164 
0.6252465483234714 0.33081489476524545 
0.6015779092702169 0.33662667607621727 
0.3708086785009862 0.33868501529051975 
0.21893491124260356 0.3440366972477063 
0.1893491124260355 0.3440366972477063 
0.126232741617357 0.347604485219164 
0.15976331360946747 0.347604485219164 
0.40236686390532544 0.004786597526924705 
0.23865877712031558 0.33081489476524545 
0.2445759368836292 0.008664627930682945 
0.3234714003944773 0.006116207951070314 
0.26429980276134124 0.006880733944954103 
0.1932938856015779 0.33868501529051975 
0.21893491124260356 0.3348623853211008 
0.22682445759368836 0.33333333333333326 
0.25443786982248523 0.0077257363592468245 
0.36489151873767256 0.3288266537904393 
0.09270216962524655 0.347604485219164 
0.1794871794871795 0.33662667607621727 
0.1341222879684418 0.3440366972477063 
0.2564102564102564 0.3348623853211008 
0.28994082840236685 0.3297655453618756 
0.27613412228796846 0.33081489476524545 
0.26232741617357 0.33333333333333326 
0.1814595660749507 0.347604485219164 
1.0 0.3222846996152708 
0.22879684418145957 0.33868501529051975 
0.4437869822485207 0.33199541284403666 
0.23865877712031558 0.33662667607621727 
0.7731755424063116 0.3226299694189602 
0.1854043392504931 0.3440366972477063 
0.6725838264299803 0.32299905093324893 
0.45759368836291914 0.3297655453618756 
0.5404339250493096 0.3253058103975536 
0.6331360946745562 0.3247706422018349 
0.5029585798816568 0.32721712538226294 
0.5226824457593688 0.3258875149581173 
0.6528599605522682 0.32381923207611285 
0.514792899408284 0.3265221017514597 
0.6489151873767258 0.3242766407904022 
0.09664694280078895 0.9862385321100915 
0.3175542406311637 0.3297655453618756 
0.14792899408284024 0.347604485219164 
0.14003944773175542 0.9788285109386025 
0.21499013806706113 0.33662667607621727 
0.2682445759368836 0.3348623853211008 
0.1952662721893491 0.3411175979983319 
0.28205128205128205 0.33081489476524545 
0.13214990138067062 0.9833194328607171 
0.27218934911242604 0.33333333333333326 
0.13806706114398423 0.980886850152905 
0.03944773175542406 0.022935779816513818 
0.03155818540433925 0.026503567787971503 
0.14201183431952663 0.347604485219164 
0.7199211045364892 0.3226299694189602 
0.16370808678500987 0.33662667607621727 
0.6942800788954635 0.323394495412844 
0.4812623274161736 0.3247706422018349 
0.33530571992110453 0.3253058103975536 
0.1913214990138067 0.33081489476524545 
0.2583826429980276 0.3288266537904393 
0.19723865877712032 0.3297655453618756 
0.30177514792899407 0.32721712538226294 
0.3175542406311637 0.3258875149581173 
0.11045364891518737 0.33199541284403666 
0.4477317554240631 0.3219610091743119 
0.22090729783037474 0.3242766407904022 
0.3431952662721893 0.32381923207611285 
0.3629191321499014 0.3222846996152708 
0.14201183431952663 0.33081489476524545 
0.15976331360946747 0.3288266537904393 
0.21499013806706113 0.3258875149581173 
0.17357001972386588 0.32721712538226294 
0.3609467455621302 0.323394495412844 
0.20315581854043394 0.3265221017514597 
0.16173570019723865 0.3279816513761467 
0.11834319526627218 0.347604485219164 
0.8599605522682445 0.3258875149581173 
0.7790927021696252 0.3288266537904393 
0.1854043392504931 0.3297655453618756 
0.17357001972386588 0.33081489476524545 
0.16765285996055226 0.33868501529051975 
0.16173570019723865 0.3411175979983319 
0.41222879684418146 0.3258875149581173 
0.1222879684418146 0.347604485219164 
0.22682445759368836 0.3288266537904393 
0.1755424063116371 0.33662667607621727 
0.20315581854043394 0.33081489476524545 
0.0650887573964497 0.347604485219164 
0.19723865877712032 0.3288266537904393 
0.16173570019723865 0.33333333333333326 
0.10848126232741617 0.3411175979983319 
0.11834319526627218 0.33868501529051975 
0.1893491124260355 0.33081489476524545 
0.05917159763313609 0.347604485219164 
0.3333333333333333 0.3297655453618756 
0.10848126232741617 0.3440366972477063 
0.6134122287968442 0.3226299694189602 
0.09467455621301775 0.347604485219164 
0.21301775147928995 0.33081489476524545 
0.5325443786982249 0.3253058103975536 
0.39447731755424065 0.3258875149581173 
0.3234714003944773 0.3265221017514597 
0.29191321499013806 0.3297655453618756 
0.3096646942800789 0.3288266537904393 
0.09467455621301775 0.3520642201834862 
0.6173570019723866 0.3253058103975536 
0.13214990138067062 0.3440366972477063 
0.4280078895463511 0.32721712538226294 
0.5384615384615384 0.3258875149581173 
0.3826429980276134 0.3279816513761467 
0.15779092702169625 0.3411175979983319 
0.30177514792899407 0.33333333333333326 
0.20118343195266272 0.33868501529051975 
0.2504930966469428 0.33662667607621727 
0.32938856015779094 0.33081489476524545 
0.28402366863905326 0.3348623853211008 
0.3254437869822485 0.33199541284403666 
0.28402366863905326 0.3288266537904393 
0.15779092702169625 0.347604485219164 
0.20512820512820512 0.33868501529051975 
0.24260355029585798 0.33333333333333326 
0.25443786982248523 0.33081489476524545 
0.26627218934911245 0.3297655453618756 
0.05128205128205128 0.026503567787971503 
0.33727810650887574 0.006880733944954103 
0.14595660749506903 0.010894495412844067 
0.1992110453648915 0.009713977334052852 
0.30177514792899407 0.008664627930682945 
0.09664694280078895 0.020016680567139285 
0.1341222879684418 0.015525758645024786 
0.10650887573964497 0.017584097859327293 
0.31952662721893493 0.0077257363592468245 
0.05128205128205128 0.347604485219164 
0.1992110453648915 0.008664627930682945 
0.08481262327416174 0.017584097859327293 
0.1222879684418146 0.009713977334052852 
0.09861932938856016 0.013761467889908348 
0.11242603550295859 0.010894495412844067 
0.09467455621301775 0.015525758645024786 
0.11045364891518737 0.3440366972477063 
0.5108481262327417 0.323394495412844 
0.33530571992110453 0.3258875149581173 
0.14201183431952663 0.33868501529051975 
0.4358974358974359 0.3253058103975536 
0.22879684418145957 0.3288266537904393 
0.15976331360946747 0.33662667607621727 
0.3096646942800789 0.32721712538226294 
0.20118343195266272 0.33333333333333326 
0.21104536489151873 0.33199541284403666 
0.2603550295857988 0.3279816513761467 
0.47731755424063116 0.32381923207611285 
0.4556213017751479 0.3242766407904022 
0.4418145956607495 0.3247706422018349 
0.3037475345167653 0.3288266537904393 
0.07495069033530571 0.9833194328607171 
0.126232741617357 0.33868501529051975 
0.21893491124260356 0.3297655453618756 
0.1854043392504931 0.3348623853211008 
0.1893491124260355 0.33333333333333326 
0.20512820512820512 0.33199541284403666 
0.20710059171597633 0.33081489476524545 
0.4339250493096647 0.32381923207611285 
0.09664694280078895 0.3411175979983319 
0.19723865877712032 0.3348623853211008 
0.10059171597633136 0.33662667607621727 
0.378698224852071 0.3265221017514597 
0.2603550295857988 0.3279816513761467 
0.21696252465483234 0.3297655453618756 
0.40433925049309666 0.3242766407904022 
0.2485207100591716 0.3288266537904393 
0.40039447731755423 0.3253058103975536 
0.08678500986193294 0.33662667607621727 
0.14990138067061143 0.3288266537904393 
0.11439842209072978 0.3348623853211008 
0.126232741617357 0.33081489476524545 
0.13806706114398423 0.3297655453618756 
0.1893491124260355 0.9898063200815492 
0.39447731755424065 0.33081489476524545 
0.1992110453648915 0.3520642201834862 
0.30177514792899407 0.33662667607621727 
0.3629191321499014 0.33199541284403666 
0.2504930966469428 0.33868501529051975 
0.20315581854043394 0.347604485219164 
0.2465483234714004 0.3411175979983319 
0.398422090729783 0.3288266537904393 
0.15976331360946747 0.35779816513761475 
0.1992110453648915 0.3440366972477063 
0.28402366863905326 0.33662667607621727 
0.36489151873767256 0.33081489476524545 
0.2445759368836292 0.33868501529051975 
0.39447731755424065 0.3297655453618756 
0.15976331360946747 0.3520642201834862 
0.8402366863905325 0.3226299694189602 
0.39250493096646943 0.3297655453618756 
0.2583826429980276 0.3440366972477063 
0.5167652859960552 0.3247706422018349 
0.7712031558185405 0.3242766407904022 
0.23668639053254437 0.347604485219164 
0.46745562130177515 0.3288266537904393 
0.8165680473372781 0.32381923207611285 
0.5088757396449705 0.3258875149581173 
0.4812623274161736 0.3265221017514597 
0.47534516765285995 0.32721712538226294 
0.4714003944773176 0.3279816513761467 
0.2445759368836292 0.3440366972477063 
0.15384615384615385 0.3520642201834862 
0.16568047337278108 0.347604485219164 
0.1755424063116371 0.35779816513761475 
0.7080867850098619 0.3279816513761467 
0.398422090729783 0.3297655453618756 
0.368836291913215 0.33081489476524545 
0.1794871794871795 0.3520642201834862 
0.2859960552268245 0.33662667607621727 
0.22879684418145957 0.347604485219164 
0.2702169625246548 0.3411175979983319 
0.26627218934911245 0.3440366972477063 
0.28205128205128205 0.33868501529051975 
0.42011834319526625 0.33081489476524545 
0.1794871794871795 0.9942660550458714 
0.1913214990138067 0.3520642201834862 
0.23865877712031558 0.3411175979983319 
0.3747534516765286 0.33868501529051975 
0.1952662721893491 0.347604485219164 
0.23076923076923078 0.3440366972477063 
0.1893491124260355 0.347604485219164 
0.6982248520710059 0.3258875149581173 
0.34911242603550297 0.33081489476524545 
0.650887573964497 0.3297655453618756 
0.3136094674556213 0.33199541284403666 
0.2465483234714004 0.3440366972477063 
0.2879684418145957 0.33662667607621727 
0.6765285996055227 0.3288266537904393 
0.2603550295857988 0.3411175979983319 
0.28205128205128205 0.33868501529051975 
0.1952662721893491 0.3520642201834862 
0.6015779092702169 0.3297655453618756 
0.35700197238658776 0.33081489476524545 
0.23865877712031558 0.3411175979983319 
0.28994082840236685 0.3348623853211008 
0.29980276134122286 0.33199541284403666 
0.1992110453648915 0.347604485219164 
0.5996055226824457 0.3258875149581173 
0.5542406311637081 0.3288266537904393 
0.358974358974359 0.33662667607621727 
0.41420118343195267 0.3297655453618756 
0.252465483234714 0.33868501529051975 
0.23865877712031558 0.3440366972477063 
0.3708086785009862 0.33333333333333326 
0.24260355029585798 0.3411175979983319 
0.388560157790927 0.33081489476524545 
0.5739644970414202 0.32721712538226294 
0.38461538461538464 0.33199541284403666 
0.5838264299802761 0.3265221017514597 
0.1952662721893491 0.3440366972477063 
0.6193293885601578 0.3253058103975536 
0.2938856015779093 0.33333333333333326 
0.5936883629191322 0.3297655453618756 
0.26627218934911245 0.33868501529051975 
0.20710059171597633 0.3411175979983319 
0.16173570019723865 0.3520642201834862 
0.40236686390532544 0.3288266537904393 
0.22485207100591717 0.33868501529051975 
0.16568047337278108 0.347604485219164 
0.33925049309664695 0.3348623853211008 
0.28402366863905326 0.33662667607621727 
0.378698224852071 0.33081489476524545 
0.16962524654832348 1.0 
0.3826429980276134 0.3297655453618756 
0.1913214990138067 0.35779816513761475 
0.27613412228796846 0.33662667607621727 
0.35700197238658776 0.33081489476524545 
0.1952662721893491 0.3520642201834862 
0.23471400394477318 0.3411175979983319 
0.23865877712031558 0.33868501529051975 
0.35502958579881655 0.3297655453618756 
0.1854043392504931 0.33333333333333326 
0.22485207100591717 0.33199541284403666 
0.17357001972386588 0.3520642201834862 
0.5463510848126233 0.3265221017514597 
0.3727810650887574 0.3297655453618756 
0.5424063116370809 0.32721712538226294 
0.28205128205128205 0.33199541284403666 
0.20907297830374755 0.3440366972477063 
0.36489151873767256 0.33081489476524545 
0.1873767258382643 0.347604485219164 
0.2485207100591716 0.33868501529051975 
0.27218934911242604 0.3348623853211008 
0.252465483234714 0.33662667607621727 
0.3806706114398422 0.3297655453618756 
0.16173570019723865 0.35779816513761475 
0.17751479289940827 0.3520642201834862 
0.33925049309664695 0.3348623853211008 
0.23076923076923078 0.3440366972477063 
0.28205128205128205 0.33868501529051975 
0.34122287968441817 0.33081489476524545 
0.2485207100591716 0.3411175979983319 
0.21893491124260356 0.347604485219164 
0.40631163708086787 0.3297655453618756 
0.26627218934911245 0.3440366972477063 
0.3234714003944773 0.3348623853211008 
0.2682445759368836 0.3411175979983319 
0.3806706114398422 0.33199541284403666 
0.28007889546351084 0.33868501529051975 
0.3155818540433925 0.33662667607621727 
0.39644970414201186 0.33081489476524545 
0.1834319526627219 0.347604485219164 
0.3155818540433925 0.33199541284403666 
0.23668639053254437 0.33868501529051975 
0.3037475345167653 0.33662667607621727 
0.21499013806706113 0.3440366972477063 
0.1814595660749507 0.3520642201834862 
0.42011834319526625 0.3297655453618756 
0.30177514792899407 0.33199541284403666 
0.1854043392504931 0.347604485219164 
0.3708086785009862 0.33081489476524545 
0.23076923076923078 0.33868501529051975 
0.22090729783037474 0.3411175979983319 
0.28402366863905326 0.33662667607621727 
0.2879684418145957 0.3348623853211008 
0.3806706114398422 0.3297655453618756 
0.14990138067061143 0.9898063200815492 
0.22287968441814596 0.347604485219164 
0.28205128205128205 0.33081489476524545 
0.2445759368836292 0.3411175979983319 
0.26232741617357 0.33868501529051975 
0.2583826429980276 0.3440366972477063 
0.16962524654832348 1.0 
0.1755424063116371 0.9942660550458714 
0.1794871794871795 0.35779816513761475 
0.1834319526627219 0.347604485219164 
