669.0 4.125 
818.0 4.0476190476190474 
796.0 4.0625 
724.0 4.066666666666666 
694.0 4.090909090909091 
671.0 4.111111111111111 
681.0 4.1 
696.0 4.076923076923077 
703.0 4.071428571428571 
800.0 4.052631578947368 
798.0 4.055555555555555 

665.0 4.125 
689.0 4.083333333333333 
674.0 4.090909090909091 
667.0 4.111111111111111 
671.0 4.1 

682.0 4.076923076923077 
936.0 4.032258064516129 
773.0 4.037037037037037 
904.0 4.035714285714286 
711.0 4.066666666666666 
718.0 4.055555555555555 
726.0 4.052631578947368 
748.0 4.045454545454546 
696.0 4.071428571428571 
917.0 4.0344827586206895 
923.0 4.033333333333333 
758.0 4.041666666666667 
754.0 4.043478260869565 
765.0 4.04 
769.0 4.038461538461538 

700.0 4.125 
957.0 4.032258064516129 
917.0 4.041666666666667 
781.0 4.043478260869565 
705.0 4.076923076923077 
704.0 4.1 
722.0 4.066666666666666 
763.0 4.0588235294117645 
702.0 4.111111111111111 
714.0 4.071428571428571 
772.0 4.0476190476190474 
927.0 4.035714285714286 
940.0 4.0344827586206895 
944.0 4.033333333333333 
768.0 4.052631578947368 
919.0 4.038461538461538 
767.0 4.055555555555555 
777.0 4.045454545454546 
923.0 4.037037037037037 

680.0 4.125 
968.0 4.033333333333333 
832.0 4.052631578947368 
753.0 4.055555555555555 
682.0 4.111111111111111 
894.0 4.035714285714286 
725.0 4.071428571428571 
750.0 4.0625 
702.0 4.076923076923077 
686.0 4.1 
692.0 4.090909090909091 
698.0 4.083333333333333 
838.0 4.045454545454546 
881.0 4.038461538461538 
842.0 4.043478260869565 
855.0 4.041666666666667 
868.0 4.04 

903.0 4.04 
674.0 4.125 
757.0 4.041666666666667 
683.0 4.083333333333333 
680.0 4.111111111111111 
709.0 4.071428571428571 
725.0 4.052631578947368 
713.0 4.0588235294117645 
700.0 4.076923076923077 
715.0 4.055555555555555 

684.0 4.1 
912.0 4.037037037037037 
738.0 4.052631578947368 
756.0 4.05 
814.0 4.0476190476190474 
867.0 4.043478260869565 
728.0 4.066666666666666 
817.0 4.045454545454546 
711.0 4.076923076923077 
688.0 4.090909090909091 
899.0 4.04 
718.0 4.071428571428571 
900.0 4.038461538461538 

852.0 4.0476190476190474 
651.0 6.111111111111111 
687.0 4.1 
734.0 4.083333333333333 
821.0 4.076923076923077 
691.0 4.090909090909091 
828.0 4.071428571428571 
832.0 4.0625 
839.0 4.055555555555555 
846.0 4.05 
842.0 4.052631578947368 
829.0 4.066666666666666 

611.0 3.111111111111111 
867.0 3.0416666666666665 
630.0 3.0833333333333335 
647.0 3.0714285714285716 
827.0 3.0434782608695654 
613.0 3.1 
695.0 3.066666666666667 
724.0 3.0555555555555554 
786.0 3.05 
763.0 3.0526315789473686 
714.0 3.0588235294117645 
645.0 3.076923076923077 
705.0 3.0625 

909.0 4.037037037037037 
698.0 4.1 
774.0 4.083333333333333 
787.0 4.055555555555555 
816.0 4.041666666666667 
864.0 4.04 
877.0 4.038461538461538 
803.0 4.0476190476190474 
796.0 4.052631578947368 

