0.13863216266173753 0.3542600896860987 
0.41404805914972276 0.3292761050608584 
0.3733826247689464 0.33408071748878926 
0.24029574861367836 0.3354260089686098 
0.18484288354898337 0.3432531593966571 
0.1423290203327172 0.34977578475336313 
0.16081330868761554 0.3461883408071748 
0.18853974121996303 0.33873749568816824 
0.20147874306839186 0.3369634849455477 
0.3807763401109057 0.3308945008260561 
0.37707948243992606 0.3318385650224215 

0.13123844731977818 0.3542600896860987 
0.1756007393715342 0.3408071748878923 
0.1478743068391867 0.3432531593966571 
0.13493530499075784 0.34977578475336313 
0.1423290203327172 0.3461883408071748 

0.16266173752310537 0.33873749568816824 
0.6321626617375231 0.32431650513525245 
0.33086876155268025 0.3258594917787744 
0.5730129390018485 0.32543241511851373 
0.21626617375231053 0.3354260089686098 
0.22920517560073936 0.3318385650224215 
0.24399260628465805 0.3308945008260561 
0.2846580406654344 0.32857725234406865 
0.18853974121996303 0.3369634849455477 
0.5970425138632163 0.3250347920210298 
0.6081330868761553 0.32466367713004485 
0.3031423290203327 0.3273542600896862 
0.2957486136783734 0.32793916942873863 
0.31608133086876156 0.3268161434977579 
0.3234750462107209 0.32631942048982404 

0.19593345656192238 0.3542600896860987 
0.6709796672828097 0.32431650513525245 
0.5970425138632163 0.3273542600896862 
0.3456561922365989 0.32793916942873863 
0.20517560073937152 0.33873749568816824 
0.2033271719038817 0.3461883408071748 
0.2365988909426987 0.3354260089686098 
0.3123844731977819 0.33289369559482984 
0.19963031423290203 0.34977578475336313 
0.22181146025878004 0.3369634849455477 
0.3290203327171904 0.3292761050608584 
0.6155268022181146 0.32543241511851373 
0.6395563770794824 0.3250347920210298 
0.6469500924214417 0.32466367713004485 
0.32162661737523107 0.3308945008260561 
0.600739371534196 0.32631942048982404 
0.3197781885397412 0.3318385650224215 
0.33826247689463956 0.32857725234406865 
0.6081330868761553 0.3258594917787744 

0.1589648798521257 0.3542600896860987 
0.6913123844731978 0.32466367713004485 
0.4399260628465804 0.3308945008260561 
0.29390018484288355 0.3318385650224215 
0.16266173752310537 0.34977578475336313 
0.5545286506469501 0.32543241511851373 
0.24214417744916822 0.3369634849455477 
0.28835489833641403 0.33408071748878926 
0.19963031423290203 0.33873749568816824 
0.17005545286506468 0.3461883408071748 
0.18114602587800369 0.3432531593966571 
0.1922365988909427 0.3408071748878923 
0.4510166358595194 0.32857725234406865 
0.5304990757855823 0.32631942048982404 
0.4584103512014787 0.32793916942873863 
0.4824399260628466 0.3273542600896862 
0.5064695009242144 0.3268161434977579 

0.5711645101663586 0.3268161434977579 
0.1478743068391867 0.3542600896860987 
0.30129390018484287 0.3273542600896862 
0.1645101663585952 0.3408071748878923 
0.1589648798521257 0.34977578475336313 
0.21256931608133087 0.3369634849455477 
0.24214417744916822 0.3308945008260561 
0.2199630314232902 0.33289369559482984 
0.19593345656192238 0.33873749568816824 
0.22365988909426987 0.3318385650224215 

0.16635859519408502 0.3461883408071748 
0.5878003696857671 0.3258594917787744 
0.266173752310536 0.3308945008260561 
0.29944547134935307 0.3300448430493273 
0.4066543438077634 0.3292761050608584 
0.5046210720887245 0.32793916942873863 
0.2476894639556377 0.3354260089686098 
0.4121996303142329 0.32857725234406865 
0.21626617375231053 0.33873749568816824 
0.17375231053604437 0.3432531593966571 
0.5637707948243993 0.3268161434977579 
0.22920517560073936 0.3369634849455477 
0.5656192236598891 0.32631942048982404 

0.47689463955637706 0.3292761050608584 
0.10536044362292052 0.9955156950672645 
0.17190388170055454 0.3461883408071748 
0.2587800369685767 0.3408071748878923 
0.4195933456561922 0.33873749568816824 
0.17929759704251386 0.3432531593966571 
0.43253234750462105 0.3369634849455477 
0.4399260628465804 0.33408071748878926 
0.45286506469500926 0.3318385650224215 
0.4658040665434381 0.3300448430493273 
0.4584103512014787 0.3308945008260561 
0.4343807763401109 0.3354260089686098 

0.031423290203327174 0.026905829596412602 
0.5046210720887245 0.00448430493273541 
0.066543438077634 0.017937219730941784 
0.09796672828096119 0.014093529788597146 
0.43068391866913125 0.005069214271787967 
0.03512014787430684 0.023318385650224274 
0.1866913123844732 0.012556053811659291 
0.24029574861367836 0.00896860986547082 
0.35489833641404805 0.007174887892376656 
0.3123844731977819 0.008024545669105584 
0.22181146025878004 0.010023740437879151 
0.09426987060998152 0.015867540531217746 
0.20517560073937152 0.011210762331838597 

0.5822550831792976 0.3258594917787744 
0.1922365988909427 0.3461883408071748 
0.33271719038817005 0.3408071748878923 
0.3567467652495379 0.3318385650224215 
0.41035120147874304 0.3273542600896862 
0.49907578558225507 0.3268161434977579 
0.5231053604436229 0.32631942048982404 
0.38632162661737524 0.3292761050608584 
0.3733826247689464 0.3308945008260561 

