0.25 2.1888543536293772E-4 
0.18617021276595744 5.437935034802939E-4 
0.22872340425531915 2.7886846332327286E-4 
0.1595744680851064 9.442615874385475E-4 
0.14361702127659576 0.0010357971494861483 
0.0 0.005800464037122842 
0.5851063829787234 5.178985747414591E-5 
0.4095744680851064 1.0546298249297172E-4 
0.010638297872340425 0.0053654292343387824 
0.026595744680851064 0.003712296983758478 
0.03723404255319149 0.0024324526607290473 
0.0425531914893617 0.002109259649862958 
0.0797872340425532 0.0014501160092807838 
0.10638297872340426 0.0012325986078886076 
0.17553191489361702 8.568867327568268E-4 
0.0851063829787234 0.0013385686239513572 
