0.06382978723404255 0.5022235112142304 
0.7340425531914894 0.495939675174014 
0.3404255319148936 0.49655674581626097 
0.5638297872340425 0.49634570765661246 
0.0851063829787234 0.5017401392111368 
0.09042553191489362 0.49992749419953586 
0.09574468085106383 0.49965197215777246 
0.11170212765957446 0.49837212783474305 
0.1595744680851064 0.49750736815702 
0.2553191489361702 0.49688393676145254 
0.6595744680851063 0.4961585606093769 
0.11702127659574468 0.49804893482387697 
0.6117021276595744 0.49628087894090345 
0.2074468085106383 0.4972782437979653 
0.25 0.4970714730349158 
0.2127659574468085 0.4971722737819026 

0.07446808510638298 0.5022235112142304 
0.7446808510638298 0.49628087894090345 
0.12234042553191489 0.49820548143851506 
0.3404255319148936 0.4964131824423506 
0.5478723404255319 0.49634570765661246 
0.10638297872340426 0.49992749419953586 
0.09574468085106383 0.5013051044083527 
0.16489361702127658 0.497901596833629 
0.10106382978723404 0.5002269746797133 
0.2553191489361702 0.49688393676145254 
0.1702127659574468 0.4970714730349158 
0.17553191489361702 0.49697547232350014 
0.2712765957446808 0.49663320891758306 
0.26063829787234044 0.4967130703789636 

0.05319148936170213 0.5027637505118056 
0.25 2.1888543536293772E-4 
0.05851063829787234 0.0053654292343387824 
0.18617021276595744 5.437935034802939E-4 
0.22872340425531915 2.7886846332327286E-4 
0.09574468085106383 0.0018230029830956914 
0.13297872340425532 0.001691802010827581 
0.1595744680851064 9.442615874385475E-4 
0.14361702127659576 0.0010357971494861483 
0.06914893617021277 0.00428729950569939 
0.0797872340425532 0.003712296983758478 
0.0851063829787234 0.0034579689452078196 

0.05319148936170213 0.006824075337791613 
0.6595744680851063 2.1888543536293772E-4 
0.07446808510638298 0.006283836040216436 
0.0797872340425532 0.00428729950569939 
0.39361702127659576 5.437935034802939E-4 
0.5638297872340425 4.7350726833660046E-4 
0.17553191489361702 0.002109259649862958 
0.09574468085106383 0.003712296983758478 
0.10106382978723404 0.002800224017921473 
0.11702127659574468 0.002265806264501078 
0.2978723404255319 8.568867327568268E-4 
0.19680851063829788 0.0013385686239513572 
0.3723404255319149 6.170706422469921E-4 
0.2712765957446808 0.0011317978609018174 
0.2074468085106383 0.0012325986078886076 
0.6117021276595744 4.0603248259845503E-4 
0.11170212765957446 0.002610208816705235 
0.2765957446808511 9.442615874385475E-4 
0.0851063829787234 0.003987819025521862 

0.06382978723404255 0.5027637505118056 
0.6648936170212766 0.49621854363733725 
0.35638297872340424 0.49655674581626097 
0.5691489361702128 0.4964131824423506 
0.0851063829787234 0.5022235112142304 
0.09042553191489362 0.5002269746797133 
0.09574468085106383 0.49992749419953586 
0.11170212765957446 0.49873989919193545 
0.14893617021276595 0.4977626781571097 
0.26595744680851063 0.49688393676145254 
0.11702127659574468 0.49837212783474305 
0.6170212765957447 0.49628087894090345 
0.22872340425531915 0.4971722737819026 
0.30851063829787234 0.4967965619067708 
0.18617021276595744 0.49738979118329474 
0.3404255319148936 0.4967130703789636 
0.20212765957446807 0.4972782437979653 

0.05319148936170213 0.5027637505118056 
0.6542553191489362 0.4961007991750452 
0.35638297872340424 0.4964131824423506 
0.5585106382978723 0.49634570765661246 
0.07446808510638298 0.5017401392111368 
0.0797872340425532 0.5002269746797133 
0.26063829787234044 0.4967130703789636 
0.16489361702127658 0.49804893482387697 
0.10638297872340426 0.49820548143851506 
0.0851063829787234 0.49965197215777246 
0.10106382978723404 0.49873989919193545 
0.2127659574468085 0.4970714730349158 
0.6063829787234043 0.49628087894090345 
0.19148936170212766 0.49750736815702 
0.20212765957446807 0.4972782437979653 

0.06382978723404255 0.5022235112142304 
0.7180851063829787 0.4958413622242323 
0.48936170212765956 0.49628087894090345 
0.2978723404255319 0.49634570765661246 
0.09574468085106383 0.49992749419953586 
0.11170212765957446 0.4985498839907192 
0.0851063829787234 0.5009115014915478 
0.1595744680851064 0.49738979118329474 
0.574468085106383 0.49621854363733725 
0.11702127659574468 0.49820548143851506 
0.09042553191489362 0.5002269746797133 
0.5797872340425532 0.4961585606093769 
0.6276595744680851 0.49604513815650697 
0.6542553191489362 0.4959914650314881 
0.7021276595744681 0.4958896711736939 
0.20212765957446807 0.49697547232350014 
0.2074468085106383 0.49688393676145254 
0.25 0.4967130703789636 
0.2553191489361702 0.49663320891758306 

0.06382978723404255 0.5027637505118056 
0.6648936170212766 0.4961007991750452 
0.35638297872340424 0.49634570765661246 
0.6170212765957447 0.49621854363733725 
0.07446808510638298 0.5002269746797133 
0.11170212765957446 0.49837212783474305 
0.09042553191489362 0.49992749419953586 
0.1595744680851064 0.4972782437979653 
0.15425531914893617 0.49804893482387697 
0.2712765957446808 0.4967130703789636 
0.2074468085106383 0.4971722737819026 
0.22340425531914893 0.4970714730349158 
0.30851063829787234 0.49655674581626097 
0.3191489361702128 0.49648346867749427 
0.6542553191489362 0.4961585606093769 

0.06382978723404255 0.5027637505118056 
0.7340425531914894 0.4959914650314881 
0.3670212765957447 0.49663320891758306 
0.0851063829787234 0.5022235112142304 
0.5691489361702128 0.4964131824423506 
0.09042553191489362 0.5002269746797133 
0.09574468085106383 0.49992749419953586 
0.11170212765957446 0.49873989919193545 
0.11702127659574468 0.49837212783474305 
0.19148936170212766 0.49750736815702 
0.20212765957446807 0.4972782437979653 
0.2765957446808511 0.4971722737819026 
0.2978723404255319 0.49697547232350014 
0.6648936170212766 0.4961585606093769 
0.6170212765957447 0.49628087894090345 

0.0 0.005800464037122842 
0.5851063829787234 5.178985747414591E-5 
0.4095744680851064 1.0546298249297172E-4 
0.010638297872340425 0.0053654292343387824 
0.026595744680851064 0.003712296983758478 
0.21808510638297873 5.437935034802939E-4 
0.03723404255319149 0.0024324526607290473 
0.324468085106383 3.4120376688949255E-4 
0.0425531914893617 0.002109259649862958 
0.0797872340425532 0.0014501160092807838 
0.10638297872340426 0.0012325986078886076 
0.1595744680851064 0.0011317978609018174 
0.17553191489361702 8.568867327568268E-4 
0.3670212765957447 2.7886846332327286E-4 
0.0851063829787234 0.0013385686239513572 
0.1702127659574468 0.0010357971494861483 

