123.0 14.055555555555555 
249.0 14.017543859649123 
175.0 14.02127659574468 
217.0 14.02 
127.0 14.052631578947368 
128.0 14.041666666666666 
129.0 14.04 
132.0 14.03225806451613 
141.0 14.027027027027026 
159.0 14.023255813953488 
235.0 14.018867924528301 
133.0 14.030303030303031 
226.0 14.019607843137255 
150.0 14.025641025641026 
158.0 14.024390243902438 
151.0 14.025 

125.0 14.055555555555555 
251.0 14.019607843137255 
134.0 14.03125 
175.0 14.020408163265307 
214.0 14.02 
131.0 14.041666666666666 
129.0 14.05 
142.0 14.029411764705882 
130.0 14.043478260869565 
159.0 14.023255813953488 
143.0 14.024390243902438 
144.0 14.023809523809524 
162.0 14.021739130434783 
160.0 14.022222222222222 

121.0 14.058823529411764 
158.0 11.018867924528301 
122.0 11.05 
146.0 11.020833333333334 
154.0 11.01923076923077 
129.0 11.028571428571428 
136.0 11.027777777777779 
141.0 11.023255813953488 
138.0 11.023809523809524 
124.0 11.043478260869565 
126.0 11.04 
127.0 11.038461538461538 

121.0 11.058823529411764 
235.0 11.018867924528301 
125.0 11.055555555555555 
126.0 11.043478260869565 
185.0 11.020833333333334 
217.0 11.020408163265307 
144.0 11.030303030303031 
129.0 11.04 
130.0 11.03448275862069 
133.0 11.03125 
167.0 11.022727272727273 
148.0 11.025641025641026 
181.0 11.02127659574468 
162.0 11.024390243902438 
150.0 11.025 
226.0 11.02 
132.0 11.033333333333333 
163.0 11.023255813953488 
127.0 11.041666666666666 

123.0 14.058823529411764 
236.0 14.01923076923077 
178.0 14.02127659574468 
218.0 14.020408163265307 
127.0 14.055555555555555 
128.0 14.043478260869565 
129.0 14.041666666666666 
132.0 14.03448275862069 
139.0 14.028571428571428 
161.0 14.023255813953488 
133.0 14.03225806451613 
227.0 14.019607843137255 
154.0 14.025 
169.0 14.022727272727273 
146.0 14.026315789473685 
175.0 14.022222222222222 
149.0 14.025641025641026 

121.0 14.058823529411764 
234.0 14.018518518518519 
178.0 14.020408163265307 
216.0 14.02 
125.0 14.052631578947368 
126.0 14.043478260869565 
160.0 14.022222222222222 
142.0 14.030303030303031 
131.0 14.03125 
127.0 14.04 
130.0 14.03448275862069 
151.0 14.024390243902438 
225.0 14.019607843137255 
147.0 14.027027027027026 
149.0 14.025641025641026 

123.0 14.055555555555555 
246.0 14.016949152542374 
203.0 14.019607843137255 
167.0 14.02 
129.0 14.041666666666666 
132.0 14.033333333333333 
127.0 14.047619047619047 
141.0 14.026315789473685 
219.0 14.01923076923077 
133.0 14.03125 
128.0 14.043478260869565 
220.0 14.018867924528301 
229.0 14.018181818181818 
234.0 14.017857142857142 
243.0 14.017241379310345 
149.0 14.023809523809524 
150.0 14.023255813953488 
158.0 14.022222222222222 
159.0 14.021739130434783 

123.0 14.058823529411764 
236.0 14.018518518518519 
178.0 14.02 
227.0 14.01923076923077 
125.0 14.043478260869565 
132.0 14.03225806451613 
128.0 14.041666666666666 
141.0 14.025641025641026 
140.0 14.030303030303031 
162.0 14.022222222222222 
150.0 14.025 
153.0 14.024390243902438 
169.0 14.02127659574468 
171.0 14.020833333333334 
234.0 14.018867924528301 

123.0 14.058823529411764 
249.0 14.017857142857142 
180.0 14.021739130434783 
127.0 14.055555555555555 
218.0 14.020408163265307 
128.0 14.043478260869565 
129.0 14.041666666666666 
132.0 14.03448275862069 
133.0 14.03225806451613 
147.0 14.027027027027026 
149.0 14.025641025641026 
163.0 14.025 
167.0 14.023809523809524 
236.0 14.018867924528301 
227.0 14.019607843137255 

111.0 11.052631578947368 
221.0 11.017857142857142 
188.0 11.018181818181818 
113.0 11.05 
116.0 11.04 
152.0 11.020833333333334 
118.0 11.03225806451613 
172.0 11.019607843137255 
119.0 11.030303030303031 
126.0 11.026315789473685 
131.0 11.025 
141.0 11.024390243902438 
144.0 11.022727272727273 
180.0 11.01923076923077 
127.0 11.025641025641026 
143.0 11.023809523809524 

