907.0 103.02 
817.0 692.1 
830.0 599.0909090909091 
835.0 291.04 
854.0 107.02127659574468 
901.0 106.02173913043478 
837.0 291.03846153846155 
839.0 154.02777777777777 
824.0 669.0769230769231 
825.0 622.125 
845.0 137.02631578947367 
848.0 115.02380952380952 
841.0 154.02702702702703 
843.0 137.02702702702703 
819.0 686.0833333333334 
820.0 675.0909090909091 
827.0 616.1 
828.0 605.1111111111111 
822.0 669.0833333333334 
850.0 113.02272727272727 
852.0 109.02222222222223 
903.0 104.02083333333333 
905.0 104.0204081632653 
