787.0 1142.090909090909 
789.0 1125.0833333333333 
791.0 1098.0833333333333 
793.0 1081.076923076923 
798.0 1063.0625 
844.0 132.02439024390245 
832.0 275.0416666666667 
834.0 274.03846153846155 
817.0 674.0833333333334 
842.0 132.02564102564102 
831.0 554.0833333333334 
819.0 668.0769230769231 
827.0 598.0909090909091 
821.0 630.0769230769231 
829.0 560.0909090909091 
823.0 624.0714285714286 
825.0 604.1 
840.0 138.02702702702703 
836.0 274.037037037037 
857.0 101.01960784313725 
804.0 1061.047619047619 
845.0 115.02380952380952 
795.0 1073.0666666666666 
796.0 1067.0625 
853.0 107.02083333333333 
855.0 101.02 
847.0 113.02272727272727 
849.0 109.02222222222223 
800.0 1063.0526315789473 
802.0 1061.05 
851.0 107.02127659574468 
839.0 154.02777777777777 
