793.0 1081.076923076923 
858.0 101.01960784313725 
816.0 1069.0588235294117 
817.0 692.1 
830.0 599.0909090909091 
835.0 291.04 
799.0 1073.0625 
812.0 1072.0666666666666 
841.0 274.037037037037 
842.0 154.02777777777777 
824.0 669.0769230769231 
825.0 622.125 
844.0 132.02439024390245 
837.0 291.03846153846155 
839.0 274.03846153846155 
846.0 130.02325581395348 
848.0 115.02380952380952 
827.0 616.1111111111111 
819.0 686.0909090909091 
820.0 675.0909090909091 
828.0 605.1111111111111 
822.0 669.0833333333334 
795.0 1075.0714285714287 
850.0 113.02272727272727 
852.0 109.02222222222223 
854.0 107.02083333333333 
856.0 103.02083333333333 
797.0 1073.0666666666666 
814.0 1070.0625 
