0.07971014492753623 0.6813010505087794 
0.09420289855072464 0.6701709050331826 
0.10869565217391304 0.6525014892313888 
0.12318840579710146 0.6413721064863369 
0.15942028985507245 0.6295830571613152 
0.4927536231884058 0.020290483509588893 
0.4057971014492754 0.11388425106343707 
0.42028985507246375 0.1132277307469649 
0.2971014492753623 0.3750262188624789 
0.4782608695652174 0.020291302049685787 
0.39855072463768115 0.29649548196561765 
0.3115942028985507 0.3710954869996393 
0.3695652173913043 0.3252950432430083 
0.32608695652173914 0.3462274203156332 
0.38405797101449274 0.3004269765590022 
0.34057971014492755 0.34229728774107865 
0.35507246376811596 0.32922752938610106 
0.463768115942029 0.02421874592544705 
0.43478260869565216 0.11322679852074341 
0.5869565217391305 2.467657645022506E-7 
0.2028985507246377 0.6282644731117325 
0.5 0.009164915746059973 
0.13768115942028986 0.6361300119977514 
0.14492753623188406 0.6322007483912107 
0.5579710144927537 0.0039275855993422155 
0.572463768115942 5.034021595897992E-7 
0.5144927536231884 0.007855361881320645 
0.5289855072463768 0.005237340134855844 
0.17391304347826086 0.6295765990415046 
0.18840579710144928 0.6282660312612741 
0.5434782608695652 0.0039278756803738995 
0.45652173913043476 0.03469000215344256 
