806.0 1606.0833333333333 
907.0 103.02 
872.0 1147.0625 
880.0 604.125 
889.0 558.0833333333334 
892.0 119.02564102564102 
854.0 1476.0434782608695 
834.0 1476.047619047619 
858.0 1474.0384615384614 
860.0 1227.090909090909 
810.0 1600.0714285714287 
812.0 1491.076923076923 
830.0 1478.0555555555557 
822.0 1479.05 
865.0 1155.0833333333333 
863.0 1221.0833333333333 
884.0 602.0909090909091 
885.0 560.1 
814.0 1485.0666666666666 
808.0 1600.076923076923 
867.0 1153.0714285714287 
868.0 1149.076923076923 
862.0 1225.076923076923 
899.0 110.02222222222223 
895.0 116.02325581395348 
882.0 602.1 
870.0 1147.0666666666666 
887.0 558.0909090909091 
818.0 1481.0588235294117 
820.0 1479.0526315789473 
832.0 1476.05 
816.0 1483.0625 
856.0 1474.04 
903.0 104.02083333333333 
893.0 118.025 
897.0 112.02325581395348 
901.0 106.02173913043478 
905.0 104.0204081632653 
900.0 107.02222222222223 
896.0 113.02380952380952 
