0.6086956521739131 2.467657645022506E-7 
0.07971014492753623 0.6813010505087794 
0.4492753623188406 0.3697866413846916 
0.3188405797101449 0.3756855994184942 
0.1956521739130435 0.6295748768762218 
0.45652173913043476 0.1132277307469649 
0.47101449275362317 0.11322679852074341 
0.5072463768115942 0.023564323117973202 
0.16666666666666666 0.6321983424250066 
0.09420289855072464 0.6701709050331826 
0.10869565217391304 0.6525014892313888 
0.5217391304347826 0.009164915746059973 
0.12318840579710146 0.6413721064863369 
0.13768115942028986 0.6361331282968348 
0.15217391304347827 0.6322034751529084 
0.5362318840579711 0.007855361881320645 
0.5507246376811594 0.005237340134855844 
0.5652173913043478 0.0039278756803738995 
0.5797101449275363 0.001309894369446839 
0.5942028985507246 5.034021595897992E-7 

0.9492753623188406 0.0013093490171072779 
0.10869565217391304 0.6701631142854747 
0.4420289855072464 0.6276116084538003 
0.45652173913043476 0.1132277307469649 
0.9202898550724637 0.0032734528729000557 
0.5797101449275363 0.0039275855993422155 
0.4492753623188406 0.3697866413846916 
0.15942028985507245 0.6295830571613152 
0.2971014492753623 0.6289221762340308 
0.5072463768115942 0.023564323117973202 
0.3333333333333333 0.6282644731117325 
0.12318840579710146 0.6649246155266006 
0.13768115942028986 0.6413653944575423 
0.5217391304347826 0.02225457047210732 
0.5362318840579711 0.007855361881320645 
0.5507246376811594 0.00785503136475122 
0.5652173913043478 0.0039278756803738995 
0.9347826086956522 0.001964038935931111 
0.15217391304347827 0.6361272852360537 
0.14492753623188406 0.6361300119977514 

0.12318840579710146 0.6413721064863369 
0.5942028985507246 2.467657645022506E-7 
0.2898550724637681 0.6335071880399543 
0.2971014492753623 0.3868167364437993 
0.391304347826087 0.3259494660504821 
0.427536231884058 0.12435392527833945 
0.16666666666666666 0.6361272852360537 
0.2608695652173913 0.6354755891902776 
0.47101449275362317 0.11322679852074341 
0.4782608695652174 0.03469000215344256 
0.34782608695652173 0.37174990980711314 
0.35507246376811596 0.34102350049081714 
0.4927536231884058 0.020290483509588893 
0.4420289855072464 0.12435291847402026 
0.45652173913043476 0.1132277307469649 
0.5072463768115942 0.01898089549780912 
0.5217391304347826 0.009164915746059973 
0.3695652173913043 0.3370878744403147 
0.3115942028985507 0.3828842503007065 
0.3188405797101449 0.3756855994184942 
0.37681159420289856 0.3298892235581024 
0.3333333333333333 0.3717541048251097 
0.13768115942028986 0.6374419739117825 
0.5362318840579711 0.007855361881320645 
0.5507246376811594 0.005237340134855844 
0.5652173913043478 0.0039275855993422155 
0.5797101449275363 0.001309894369446839 
0.15217391304347827 0.6361300119977514 
0.2753623188405797 0.6341640168136322 

0.9492753623188406 0.0013093490171072779 
0.3333333333333333 0.37503117661102037 
0.39855072463768115 0.3279186837711534 
0.4057971014492754 0.11388425106343707 
0.8478260869565217 0.011128963243252315 
0.5144927536231884 0.024218280475370595 
0.4492753623188406 0.11322679852074341 
0.47101449275362317 0.02421923723386106 
0.37681159420289856 0.35015395716047626 
0.38405797101449274 0.32792595513568085 
0.34782608695652173 0.3710996820176358 
0.36231884057971014 0.3540846890233159 
0.42028985507246375 0.1132277307469649 
0.4855072463768116 0.02421874592544705 
0.9057971014492754 0.0032737555661505055 
0.8840579710144928 0.005891446796045882 
0.855072463768116 0.0072012849632799285 
0.8695652173913043 0.005891762942329689 
0.9202898550724637 0.001964317176920683 
0.9347826086956522 0.001964038935931111 

0.9492753623188406 0.0013093490171072779 
0.2971014492753623 0.3750262188624789 
0.4782608695652174 0.020291302049685787 
0.8260869565217391 0.011128963243252315 
0.39855072463768115 0.29649548196561765 
0.4057971014492754 0.11388425106343707 
0.42028985507246375 0.1132277307469649 
0.47101449275362317 0.02421923723386106 
0.3115942028985507 0.3710954869996393 
0.3695652173913043 0.3252950432430083 
0.32608695652173914 0.3462274203156332 
0.38405797101449274 0.3004269765590022 
0.8985507246376812 0.001964317176920683 
0.9347826086956522 0.001964038935931111 
0.34057971014492755 0.34229728774107865 
0.35507246376811596 0.32922752938610106 
0.8478260869565217 0.011128564204955074 
0.855072463768116 0.0072012849632799285 
0.8695652173913043 0.007200939073846802 
0.8840579710144928 0.0032737555661505055 

0.9492753623188406 0.0013093490171072779 
0.26811594202898553 0.926046027737459 
0.32608695652173914 0.8906932127405495 
0.3695652173913043 0.42607119784543873 
0.8478260869565217 0.011128963243252315 
0.5434782608695652 0.30235331830263207 
0.4420289855072464 0.3730493166315684 
0.45652173913043476 0.34097286063071497 
0.38405797101449274 0.3966179764911192 
0.47101449275362317 0.31152241779480866 
0.2826086956521739 0.9221158951629046 
0.2971014492753623 0.8959389828639509 
0.39855072463768115 0.39137899830161693 
0.41304347826086957 0.3782905421521401 
0.427536231884058 0.37305204339326614 
0.4855072463768116 0.3062857420093115 
0.3115942028985507 0.8920066029583268 
0.8623188405797102 0.009819338553533816 
0.8768115942028986 0.0072012849632799285 
0.8913043478260869 0.005891762942329689 
0.9057971014492754 0.0032737555661505055 
0.5 0.30497462014112037 
0.5144927536231884 0.3036647677218535 
0.5289855072463768 0.30235412424205016 
0.9202898550724637 0.001964317176920683 
0.9347826086956522 0.001964038935931111 
0.9420289855072463 0.0013096161284572667 

0.9492753623188406 0.0013093490171072779 
0.26811594202898553 0.706164159444244 
0.463768115942029 0.02421874592544705 
0.3115942028985507 0.37568064166995274 
0.8405797101449275 0.011128564204955074 
0.427536231884058 0.3697830456549801 
0.2971014492753623 0.6911015278255543 
0.43478260869565216 0.11322679852074341 
0.2826086956521739 0.6950311809694808 
0.9202898550724637 0.0032734528729000557 
0.8985507246376812 0.005236721295321588 
0.855072463768116 0.009818976193175304 
0.8695652173913043 0.007200939073846802 
0.8840579710144928 0.005891446796045882 
0.9347826086956522 0.001964038935931111 

0.10869565217391304 0.6525014892313888 
0.5869565217391305 2.467657645022506E-7 
0.3115942028985507 0.626301204689311 
0.3188405797101449 0.3756855994184942 
0.4057971014492754 0.3259494660504821 
0.45652173913043476 0.11257237571326957 
0.2971014492753623 0.6276133306190831 
0.2028985507246377 0.6282644731117325 
0.47101449275362317 0.11191628132774345 
0.4855072463768116 0.023564323117973202 
0.37681159420289856 0.3298892235581024 
0.3333333333333333 0.3717541048251097 
0.5 0.009164915746059973 
0.12318840579710146 0.6413721064863369 
0.391304347826087 0.32595541534873185 
0.13768115942028986 0.6361300119977514 
0.14492753623188406 0.6322007483912107 
0.5579710144927537 0.0039275855993422155 
0.572463768115942 5.034021595897992E-7 
0.5144927536231884 0.007855361881320645 
0.5289855072463768 0.005237340134855844 
0.15942028985507245 0.630889496810059 
0.17391304347826086 0.6295765990415046 
0.18840579710144928 0.6282660312612741 
0.5434782608695652 0.0039278756803738995 

0.21739130434782608 0.9849482754281016 
0.9492753623188406 0.0013093490171072779 
0.6956521739130435 0.6845545729891181 
0.7536231884057971 0.3292438899562879 
0.8188405797101449 0.29911317319551306 
0.8405797101449275 0.011783805552525815 
0.5652173913043478 0.8998472283880881 
0.42028985507246375 0.8998499382133779 
0.5942028985507246 0.8985350997155778 
0.6086956521739131 0.7369269891440562 
0.2463768115942029 0.9810139478355506 
0.2608695652173913 0.9096854575506129 
0.391304347826087 0.9011639776601309 
0.3333333333333333 0.901814764785341 
0.644927536231884 0.6898035892573979 
0.6304347826086957 0.7329954945506716 
0.782608695652174 0.32791273447290364 
0.7898550724637681 0.30043292585725195 
0.2753623188405797 0.9057522086769753 
0.2318840579710145 0.9810175435652619 
0.6594202898550725 0.6884869528947423 
0.6666666666666666 0.6858728573945583 
0.6231884057971014 0.7356089907625705 
0.8913043478260869 0.005891762942329689 
0.8623188405797102 0.009818976193175304 
0.7681159420289855 0.3279186837711534 
0.6811594202898551 0.6845572997508159 
0.8043478260869565 0.2991181309440545 
0.30434782608695654 0.9031293847191781 
0.3188405797101449 0.9018164869506238 
0.4057971014492754 0.8998514963629194 
0.2898550724637681 0.9044406363003298 
0.5797101449275363 0.898536106519897 
0.9202898550724637 0.001964317176920683 
0.8478260869565217 0.011128963243252315 
0.8768115942028986 0.0072012849632799285 
0.9057971014492754 0.0032737555661505055 
0.9347826086956522 0.001964038935931111 
0.8985507246376812 0.003928494519908157 
0.8695652173913043 0.007856070131112284 

0.9492753623188406 0.0013093490171072779 
0.2971014492753623 0.3868167364437993 
0.391304347826087 0.3259494660504821 
0.427536231884058 0.12435392527833945 
0.5652173913043478 0.0039278756803738995 
0.9057971014492754 0.0032737555661505055 
0.4420289855072464 0.12435291847402026 
0.45652173913043476 0.03469000215344256 
0.34782608695652173 0.37174990980711314 
0.35507246376811596 0.34102350049081714 
0.5 0.023563857667896752 
0.5217391304347826 0.009164915746059973 
0.47101449275362317 0.034689510845028554 
0.4855072463768116 0.023564323117973202 
0.3115942028985507 0.382879292552165 
0.3188405797101449 0.3756855994184942 
0.3695652173913043 0.3370806030757872 
0.37681159420289856 0.3298892235581024 
0.3333333333333333 0.3717541048251097 
0.5362318840579711 0.007855361881320645 
0.5507246376811594 0.005237340134855844 
0.9202898550724637 0.001964317176920683 
0.9347826086956522 0.001964038935931111 

