860.0 101.01960784313725 
787.0 1142.090909090909 
838.0 666.0769230769231 
820.0 675.0909090909091 
803.0 1063.05 
839.0 274.03846153846155 
841.0 274.037037037037 
846.0 137.02702702702703 
799.0 1067.0588235294117 
789.0 1125.0833333333333 
791.0 1098.0833333333333 
848.0 115.02380952380952 
793.0 1081.076923076923 
795.0 1073.0714285714287 
797.0 1067.0666666666666 
850.0 113.02272727272727 
852.0 109.02222222222223 
854.0 107.02127659574468 
856.0 103.02083333333333 
858.0 101.02 

907.0 103.02 
791.0 1125.0714285714287 
837.0 1060.05 
839.0 274.03846153846155 
903.0 106.02127659574468 
856.0 107.02083333333333 
838.0 666.0769230769231 
798.0 1063.0625 
817.0 1062.0526315789473 
846.0 137.02702702702703 
822.0 1061.047619047619 
793.0 1117.0666666666666 
795.0 1081.0666666666666 
848.0 135.02564102564102 
850.0 113.02272727272727 
852.0 113.02222222222223 
854.0 107.02127659574468 
905.0 104.0204081632653 
797.0 1073.0625 
796.0 1073.0666666666666 

793.0 1081.076923076923 
858.0 101.01960784313725 
816.0 1069.0588235294117 
817.0 692.1 
830.0 599.0909090909091 
835.0 291.04 
799.0 1073.0625 
812.0 1072.0666666666666 
841.0 274.037037037037 
842.0 154.02777777777777 
824.0 669.0769230769231 
825.0 622.125 
844.0 132.02439024390245 
837.0 291.03846153846155 
839.0 274.03846153846155 
846.0 130.02325581395348 
848.0 115.02380952380952 
827.0 616.1111111111111 
819.0 686.0909090909091 
820.0 675.0909090909091 
828.0 605.1111111111111 
822.0 669.0833333333334 
795.0 1075.0714285714287 
850.0 113.02272727272727 
852.0 109.02222222222223 
854.0 107.02083333333333 
856.0 103.02083333333333 
797.0 1073.0666666666666 
814.0 1070.0625 

907.0 103.02 
822.0 674.0909090909091 
831.0 602.1 
832.0 275.0416666666667 
893.0 118.025 
847.0 138.02631578947367 
838.0 274.037037037037 
841.0 138.02777777777777 
828.0 636.0769230769231 
829.0 602.1111111111111 
824.0 668.0833333333334 
826.0 642.0833333333334 
834.0 274.03846153846155 
843.0 138.02702702702703 
901.0 106.02173913043478 
898.0 110.02173913043478 
894.0 112.02325581395348 
896.0 110.02222222222223 
903.0 104.02083333333333 
905.0 104.0204081632653 

907.0 103.02 
817.0 674.0833333333334 
842.0 132.02564102564102 
890.0 118.025 
831.0 554.0833333333334 
832.0 275.0416666666667 
834.0 274.03846153846155 
841.0 138.02777777777777 
819.0 668.0769230769231 
827.0 598.0909090909091 
821.0 630.0769230769231 
829.0 560.0909090909091 
900.0 104.02083333333333 
905.0 104.0204081632653 
823.0 624.0714285714286 
825.0 604.1 
893.0 118.02439024390245 
894.0 112.02325581395348 
896.0 112.02272727272727 
898.0 106.02173913043478 

907.0 103.02 
813.0 1516.076923076923 
821.0 1462.0555555555557 
827.0 752.0833333333334 
893.0 118.025 
851.0 563.0344827586207 
837.0 671.0625 
839.0 622.047619047619 
829.0 707.0769230769231 
841.0 577.0454545454545 
815.0 1510.0714285714287 
817.0 1470.0714285714287 
831.0 699.0714285714286 
833.0 679.0714285714286 
835.0 671.0666666666667 
843.0 569.0434782608696 
819.0 1464.0625 
895.0 116.02380952380952 
897.0 112.02325581395348 
899.0 110.02222222222223 
901.0 106.02173913043478 
845.0 567.04 
847.0 565.0384615384615 
849.0 563.0357142857143 
903.0 104.02083333333333 
905.0 104.0204081632653 
906.0 103.0204081632653 

907.0 103.02 
813.0 1180.0833333333333 
840.0 138.02702702702703 
819.0 675.0833333333334 
892.0 118.02439024390245 
835.0 666.0714285714286 
817.0 1157.0666666666666 
836.0 274.037037037037 
815.0 1163.0714285714287 
903.0 106.02127659574468 
900.0 109.02127659574468 
894.0 116.02325581395348 
896.0 112.02272727272727 
898.0 110.02173913043478 
905.0 104.0204081632653 

791.0 1098.0833333333333 
857.0 101.01960784313725 
819.0 1058.047619047619 
820.0 675.0909090909091 
832.0 599.0909090909091 
839.0 273.037037037037 
817.0 1060.0526315789473 
804.0 1061.047619047619 
841.0 272.0344827586207 
843.0 137.02702702702703 
828.0 605.1111111111111 
822.0 669.0833333333334 
845.0 115.02380952380952 
793.0 1081.076923076923 
830.0 599.1 
795.0 1073.0666666666666 
796.0 1067.0625 
853.0 107.02083333333333 
855.0 101.02 
847.0 113.02272727272727 
849.0 109.02222222222223 
798.0 1065.0588235294117 
800.0 1063.0526315789473 
802.0 1061.05 
851.0 107.02127659574468 

806.0 1606.0833333333333 
907.0 103.02 
872.0 1147.0625 
880.0 604.125 
889.0 558.0833333333334 
892.0 119.02564102564102 
854.0 1476.0434782608695 
834.0 1476.047619047619 
858.0 1474.0384615384614 
860.0 1227.090909090909 
810.0 1600.0714285714287 
812.0 1491.076923076923 
830.0 1478.0555555555557 
822.0 1479.05 
865.0 1155.0833333333333 
863.0 1221.0833333333333 
884.0 602.0909090909091 
885.0 560.1 
814.0 1485.0666666666666 
808.0 1600.076923076923 
867.0 1153.0714285714287 
868.0 1149.076923076923 
862.0 1225.076923076923 
899.0 110.02222222222223 
895.0 116.02325581395348 
882.0 602.1 
870.0 1147.0666666666666 
887.0 558.0909090909091 
818.0 1481.0588235294117 
820.0 1479.0526315789473 
832.0 1476.05 
816.0 1483.0625 
856.0 1474.04 
903.0 104.02083333333333 
893.0 118.025 
897.0 112.02325581395348 
901.0 106.02173913043478 
905.0 104.0204081632653 
900.0 107.02222222222223 
896.0 113.02380952380952 

907.0 103.02 
817.0 692.1 
830.0 599.0909090909091 
835.0 291.04 
854.0 107.02127659574468 
901.0 106.02173913043478 
837.0 291.03846153846155 
839.0 154.02777777777777 
824.0 669.0769230769231 
825.0 622.125 
845.0 137.02631578947367 
848.0 115.02380952380952 
841.0 154.02702702702703 
843.0 137.02702702702703 
819.0 686.0833333333334 
820.0 675.0909090909091 
827.0 616.1 
828.0 605.1111111111111 
822.0 669.0833333333334 
850.0 113.02272727272727 
852.0 109.02222222222223 
903.0 104.02083333333333 
905.0 104.0204081632653 

