0.09344490934449093 0.924783027965284 
0.26220362622036264 0.9168852459016389 
0.15341701534170155 0.9218579234972673 
0.22733612273361228 0.9192407247627259 
0.05299860529986053 0.9535022354694482 
0.04602510460251046 0.9715846994535512 
0.6959553695955369 0.9040983606557373 
0.47419804741980476 0.9052823315118396 
0.3179916317991632 0.9147540983606552 
0.3207810320781032 0.9110477548111189 
0.4309623430962343 0.9079344262295079 
0.3793584379358438 0.9094262295081967 
0.803347280334728 6.039689387402491E-4 
0.708507670850767 0.010200364298725178 
0.7503486750348675 0.0019125683060109214 
0.793584379358438 0.0012405848471424557 
0.7210599721059973 0.003375120540019273 
0.7126917712691772 0.005922792173453253 
