1.0 0.9052823315118396 
0.09344490934449093 0.924783027965284 
0.36541143654114366 0.9110477548111189 
0.6290097629009763 0.9094262295081967 
0.7754532775453278 0.9065573770491799 
0.26220362622036264 0.9168852459016389 
0.15341701534170155 0.9218579234972673 
0.3486750348675035 0.9128166915052162 
0.22733612273361228 0.9192407247627259 
0.7461645746164575 0.9079344262295079 

0.0794979079497908 0.9616393442622945 

0.05299860529986053 0.9535022354694482 
0.10739191073919108 0.9467213114754093 

0.1492329149232915 0.9535022354694482 
0.04602510460251046 0.9715846994535512 

0.15481171548117154 0.9715846994535512 
0.47280334728033474 0.9147540983606552 
0.200836820083682 0.9467213114754093 
0.2510460251046025 0.928073770491803 
0.40585774058577406 0.924783027965284 
0.24407252440725244 0.9318032786885241 
0.4225941422594142 0.9218579234972673 
0.4407252440725244 0.9192407247627259 
0.4560669456066946 0.9168852459016389 

0.06276150627615062 0.9715846994535512 
0.6959553695955369 0.9040983606557373 
0.1799163179916318 0.9467213114754093 
0.47419804741980476 0.9052823315118396 
0.2496513249651325 0.9360655737704913 
0.2594142259414226 0.924783027965284 
0.3179916317991632 0.9147540983606552 
0.3207810320781032 0.9110477548111189 
0.4309623430962343 0.9079344262295079 
0.3793584379358438 0.9094262295081967 

0.1394700139470014 0.9409836065573765 
0.5453277545327755 0.9065573770491799 
0.4072524407252441 0.9128166915052162 
0.4783821478382148 0.9094262295081967 
0.18549511854951187 0.9318032786885241 
0.14783821478382148 0.9360655737704913 
0.3389121338912134 0.9147540983606552 
0.2733612273361227 0.9168852459016389 
0.23709902370990238 0.928073770491803 
0.24686192468619247 0.924783027965284 
0.26359832635983266 0.9218579234972673 
0.26778242677824265 0.9192407247627259 

0.06555090655509066 0.9715846994535512 
0.6234309623430963 0.9065573770491799 
0.06694560669456066 0.9616393442622945 
0.26220362622036264 0.9467213114754093 
0.3821478382147838 0.9218579234972673 
0.5132496513249651 0.9192407247627259 
0.26638772663877264 0.9409836065573765 
0.3277545327754533 0.9360655737704913 
0.33751743375174337 0.9318032786885241 
0.5620641562064156 0.9128166915052162 
0.5690376569037657 0.9110477548111189 
0.5983263598326359 0.9094262295081967 
0.603905160390516 0.9079344262295079 

0.803347280334728 6.039689387402491E-4 
0.04602510460251046 0.9840163934426226 
0.701534170153417 0.9110477548111189 
0.708507670850767 0.010200364298725178 
0.400278940027894 0.9147540983606552 
0.6248256624825662 0.9128166915052162 
0.1199442119944212 0.9535022354694482 
0.21896792189679218 0.9360655737704913 
0.28312412831241285 0.9318032786885241 
0.3403068340306834 0.9168852459016389 
0.7503486750348675 0.0019125683060109214 
0.793584379358438 0.0012405848471424557 
0.7210599721059973 0.003375120540019273 
0.7126917712691772 0.005922792173453253 

0.0599721059972106 0.9616393442622945 

