0.25693160813308685 0.3308945008260561 
0.09611829944547134 0.3461883408071748 
0.22920517560073936 0.33408071748878926 
0.49353049907578556 0.32631942048982404 
0.4676524953789279 0.32857725234406865 
0.4879852125693161 0.3268161434977579 
0.2532347504621072 0.3318385650224215 
0.4491682070240296 0.3292761050608584 
0.2476894639556377 0.33289369559482984 
0.39186691312384475 0.3300448430493273 
0.14417744916820702 0.3432531593966571 
0.2088724584103512 0.3369634849455477 
0.1589648798521257 0.3408071748878923 
0.19408502772643252 0.33873749568816824 
