0.25693160813308685 0.3308945008260561 
0.09611829944547134 0.3461883408071748 
0.17744916820702403 0.3408071748878923 
0.19593345656192238 0.33873749568816824 
0.22920517560073936 0.3369634849455477 
0.2532347504621072 0.33408071748878926 
0.24214417744916822 0.3354260089686098 

0.1423290203327172 0.3542600896860987 
0.21072088724584104 0.3408071748878923 
0.1645101663585952 0.34977578475336313 
0.1866913123844732 0.3432531593966571 
0.17929759704251386 0.3461883408071748 

0.1367837338262477 1.0 
0.5859519408502772 0.32631942048982404 
0.14602587800369685 0.3600256245996158 
0.3234750462107209 0.3318385650224215 
0.4011090573012939 0.3308945008260561 
0.4824399260628466 0.3292761050608584 
0.40850277264325324 0.3300448430493273 
0.49722735674676527 0.32793916942873863 
0.5637707948243993 0.3273542600896862 
0.22735674676524953 0.3408071748878923 
0.16820702402957485 0.3461883408071748 
0.24584103512014788 0.3354260089686098 
0.2754158964879852 0.33408071748878926 
0.30129390018484287 0.33289369559482984 
0.5822550831792976 0.3268161434977579 
0.14972273567467653 0.3542600896860987 
0.1645101663585952 0.34977578475336313 

0.12939001848428835 0.34977578475336313 
0.22920517560073936 0.33408071748878926 
0.13493530499075784 0.3461883408071748 
0.1977818853974122 0.3408071748878923 
0.2199630314232902 0.33873749568816824 

0.49353049907578556 0.32631942048982404 
0.12939001848428835 0.3542600896860987 
0.14972273567467653 0.3461883408071748 
0.3179297597042514 0.3308945008260561 
0.4584103512014787 0.3292761050608584 
0.2920517560073937 0.3369634849455477 
0.2144177449168207 0.33873749568816824 
0.2033271719038817 0.3432531593966571 
0.2957486136783734 0.33289369559482984 
0.20702402957486138 0.3408071748878923 
0.4676524953789279 0.32857725234406865 
0.4879852125693161 0.3268161434977579 
0.31053604436229204 0.3318385650224215 

0.1367837338262477 0.3542600896860987 
0.4713493530499076 0.32857725234406865 
0.2532347504621072 0.3318385650224215 
0.4491682070240296 0.3292761050608584 
0.1478743068391867 0.3461883408071748 
0.21256931608133087 0.3408071748878923 
0.18299445471349354 0.3432531593966571 
0.22365988909426987 0.3369634849455477 
0.14048059149722736 0.34977578475336313 
0.24029574861367836 0.3354260089686098 
0.2476894639556377 0.33289369559482984 

0.12384473197781885 0.3542600896860987 
0.6321626617375231 0.3268161434977579 
0.5046210720887245 0.3300448430493273 
0.31608133086876156 0.3308945008260561 
0.18484288354898337 0.3461883408071748 
0.19038817005545286 0.3408071748878923 
0.24214417744916822 0.33873749568816824 
0.5083179297597042 0.32857725234406865 
0.5693160813308688 0.3273542600896862 
0.27911275415896486 0.3369634849455477 
0.55637707948244 0.32793916942873863 
0.3068391866913124 0.3318385650224215 
0.29944547134935307 0.33408071748878926 
0.2957486136783734 0.3354260089686098 

0.14048059149722736 0.3542600896860987 
0.39186691312384475 0.3300448430493273 
0.266173752310536 0.3308945008260561 
0.14417744916820702 0.3432531593966571 
0.2088724584103512 0.3369634849455477 
0.2476894639556377 0.3354260089686098 
0.1589648798521257 0.3408071748878923 
0.19408502772643252 0.33873749568816824 

0.2088724584103512 0.3432531593966571 
0.11275415896487985 0.34977578475336313 
0.1367837338262477 0.3461883408071748 

0.12939001848428835 0.3542600896860987 
0.3512014787430684 0.3318385650224215 
0.3234750462107209 0.3369634849455477 
0.22735674676524953 0.33873749568816824 
0.16635859519408502 0.3461883408071748 
0.133086876155268 0.34977578475336313 
0.21626617375231053 0.3408071748878923 
0.32717190388170053 0.33289369559482984 

