1456.0 109.02 
3565.0 95.00404858299595 
1465.0 101.01694915254237 
1468.0 97.01470588235294 
1463.0 103.01515151515152 
1460.0 107.01612903225806 
1459.0 109.01587301587301 
1470.0 95.01612903225806 
2808.0 95.0046511627907 
3064.0 95.00460829493088 
3315.0 95.00454545454545 
2770.0 95.0049504950495 
2609.0 95.005 
1893.0 95.008 
1779.0 95.00806451612904 
3390.0 95.00420168067227 
2479.0 95.0051282051282 
3498.0 95.00418410041841 
2587.0 95.00502512562814 
2100.0 95.00689655172414 
2200.0 95.0068493150685 
1588.0 95.01052631578948 
1674.0 95.01041666666667 
1977.0 95.00729927007299 
2208.0 95.00657894736842 
2287.0 95.00649350649351 
2390.0 95.00632911392405 
2316.0 95.00636942675159 
2045.0 95.00714285714285 
1703.0 95.009009009009 
1754.0 95.00884955752213 
1476.0 95.01515151515152 
1523.0 95.01470588235294 
2090.0 95.00704225352112 
3346.0 95.00431034482759 
1932.0 95.00757575757575 
3543.0 95.00411522633745 
3508.0 95.00414937759336 
1555.0 95.01315789473684 
1530.0 95.01369863013699 
2312.0 95.00641025641026 
1940.0 95.00746268656717 
1964.0 95.00735294117646 
2446.0 95.00561797752809 
2426.0 95.00564971751412 
3323.0 95.00448430493273 
3338.0 95.00446428571429 
1688.0 95.01 
2466.0 95.00523560209425 
2794.0 95.0048309178744 
2782.0 95.00490196078431 
1573.0 95.01123595505618 
1583.0 95.01098901098901 
2798.0 95.00473933649289 
1764.0 95.00877192982456 
2455.0 95.00537634408602 
2418.0 95.00584795321637 
1565.0 95.01190476190476 
2398.0 95.00621118012423 
2410.0 95.0059880239521 
2207.0 95.00671140939598 
2403.0 95.00602409638554 
1699.0 95.00943396226415 
1693.0 95.00961538461539 
1773.0 95.00840336134453 
2465.0 95.00531914893617 
1768.0 95.00854700854701 
2460.0 95.00534759358288 
1528.0 95.01428571428572 
1524.0 95.01449275362319 
3342.0 95.00436681222708 
1473.0 95.01587301587301 
1558.0 95.01234567901234 
1560.0 95.01219512195122 
1563.0 95.01204819277109 
2400.0 95.0060975609756 
3340.0 95.00444444444445 
1766.0 95.00869565217391 
1767.0 95.00862068965517 
