1460.0 109.02272727272727 
3588.0 95.003300330033 
1462.0 109.02127659574468 
1464.0 103.02173913043478 
1468.0 98.0204081632653 
1466.0 103.02 
1476.0 95.01785714285714 
1474.0 97.01923076923077 
2750.0 95.00549450549451 
2510.0 95.00552486187846 
2327.0 95.00578034682081 
2507.0 95.00561797752809 
1472.0 98.01886792452831 
3378.0 95.00353356890459 
3232.0 95.00355871886121 
3400.0 95.00348432055749 
3538.0 95.00343642611683 
2099.0 95.00645161290322 
1974.0 95.00666666666666 
2752.0 95.00534759358288 
2870.0 95.00526315789473 
2132.0 95.00621118012423 
2245.0 95.00617283950618 
1904.0 95.008 
1811.0 95.00840336134453 
1563.0 95.01315789473684 
1639.0 95.01282051282051 
2309.0 95.0060975609756 
3105.0 95.00431034482759 
3055.0 95.00446428571429 
1960.0 95.00729927007299 
1915.0 95.00735294117646 
2964.0 95.00502512562814 
2923.0 95.0050505050505 
3019.0 95.00469483568075 
1699.0 95.01162790697674 
1724.0 95.01149425287356 
2124.0 95.00636942675159 
2915.0 95.00510204081633 
3207.0 95.00358422939068 
2890.0 95.00515463917526 
3145.0 95.00396825396825 
3169.0 95.00383141762453 
1534.0 95.01639344262296 
1511.0 95.01666666666667 
1485.0 95.01754385964912 
1507.0 95.01694915254237 
1761.0 95.00980392156863 
1642.0 95.0125 
1663.0 95.01219512195122 
1678.0 95.01190476190476 
1740.0 95.01030927835052 
1801.0 95.00884955752213 
1782.0 95.00909090909092 
3117.0 95.00414937759336 
3133.0 95.00413223140495 
3004.0 95.00471698113208 
3574.0 95.00331125827815 
3182.0 95.00363636363636 
2978.0 95.0047619047619 
3042.0 95.00450450450451 
3195.0 95.0036231884058 
2991.0 95.00473933649289 
1736.0 95.01123595505618 
3181.0 95.00375939849624 
2882.0 95.00523560209425 
3030.0 95.00467289719626 
3563.0 95.00333333333333 
1559.0 95.01351351351352 
1549.0 95.01428571428572 
1668.0 95.01204819277109 
2976.0 95.00487804878048 
2966.0 95.0049504950495 
1767.0 95.00952380952381 
2318.0 95.00591715976331 
1776.0 95.0091743119266 
3136.0 95.00409836065573 
1542.0 95.015625 
2888.0 95.00518134715026 
3546.0 95.00342465753425 
1967.0 95.00709219858156 
3035.0 95.00456621004567 
1807.0 95.00847457627118 
3552.0 95.00341296928327 
3553.0 95.00335570469798 
3559.0 95.00334448160535 
1972.0 95.00671140939598 
1543.0 95.01492537313433 
1547.0 95.01449275362319 
1908.0 95.0078125 
1912.0 95.00740740740741 
1739.0 95.01041666666667 
1910.0 95.00769230769231 
1640.0 95.0126582278481 
1911.0 95.00751879699249 
