1459.0 109.01886792452831 
3736.0 95.00358422939068 
1468.0 101.01754385964912 
1461.0 107.01923076923077 
1463.0 103.01886792452831 
1469.0 97.02173913043478 
1465.0 101.01818181818182 
1472.0 95.01785714285714 
1470.0 97.01851851851852 
2685.0 95.00431034482759 
2925.0 95.00429184549357 
3072.0 95.00377358490566 
3306.0 95.00369003690037 
3522.0 95.00361010830325 
3313.0 95.00366300366301 
3516.0 95.0036231884058 
2405.0 95.0051282051282 
2283.0 95.00518134715026 
2130.0 95.00546448087432 
2249.0 95.00531914893617 
2528.0 95.00446428571429 
2633.0 95.00444444444445 
1954.0 95.00680272108843 
2047.0 95.00675675675676 
1743.0 95.00840336134453 
1829.0 95.00833333333334 
2443.0 95.00485436893204 
1551.0 95.01298701298701 
1619.0 95.0126582278481 
1726.0 95.00990099009901 
1668.0 95.01086956521739 
2488.0 95.0048309178744 
2684.0 95.00436681222708 
2644.0 95.00440528634361 
2965.0 95.00409836065573 
3002.0 95.00393700787401 
1889.0 95.00740740740741 
1920.0 95.00735294117646 
2075.0 95.00671140939598 
2417.0 95.0050505050505 
2274.0 95.00523560209425 
1836.0 95.00813008130082 
1859.0 95.00806451612904 
1482.0 95.01666666666667 
1502.0 95.01587301587301 
3021.0 95.00389105058366 
3040.0 95.00384615384615 
1657.0 95.01149425287356 
1519.0 95.015625 
1640.0 95.01176470588236 
2947.0 95.00425531914894 
2930.0 95.0042735042735 
1869.0 95.0077519379845 
1523.0 95.01538461538462 
1883.0 95.00763358778626 
1537.0 95.01515151515152 
3015.0 95.00392156862745 
2093.0 95.00641025641026 
2082.0 95.00662251655629 
3061.0 95.00381679389314 
2958.0 95.0042194092827 
3050.0 95.00383141762453 
2112.0 95.00581395348837 
2497.0 95.00467289719626 
2507.0 95.00462962962963 
2102.0 95.00621118012423 
2518.0 95.00448430493273 
2121.0 95.00558659217877 
2509.0 95.00454545454545 
1474.0 95.01694915254237 
1944.0 95.00699300699301 
1946.0 95.0068493150685 
1936.0 95.00704225352112 
2100.0 95.00628930817611 
2490.0 95.0047619047619 
1862.0 95.008 
2637.0 95.00442477876106 
1625.0 95.0125 
1662.0 95.01123595505618 
1732.0 95.0091743119266 
1738.0 95.00909090909092 
1628.0 95.01219512195122 
1633.0 95.01204819277109 
1635.0 95.01190476190476 
1931.0 95.00714285714285 
2960.0 95.00420168067227 
1543.0 95.01351351351352 
1547.0 95.01315789473684 
1730.0 95.00934579439253 
1739.0 95.009009009009 
1921.0 95.00729927007299 
1925.0 95.0072463768116 
1540.0 95.01492537313433 
1928.0 95.00719424460432 
1541.0 95.01470588235294 
