1588.0 95.01052631578948 
1573.0 95.01123595505618 
1583.0 95.01098901098901 
1565.0 95.01190476190476 
1558.0 95.01234567901234 
1560.0 95.01219512195122 
1563.0 95.01204819277109 
1450.0 114.01818181818182 
1454.0 108.01886792452831 
1551.0 95.01298701298701 
1547.0 95.01315789473684 
1428.0 127.01587301587301 
1431.0 127.01538461538462 
1432.0 121.01492537313433 
1435.0 121.01470588235294 
1436.0 115.01428571428572 
1445.0 115.01298701298701 
1451.0 109.01851851851852 
1439.0 115.01388888888889 
1442.0 115.01315789473684 
3566.0 89.00492610837438 
1633.0 89.01818181818182 
1461.0 101.01724137931035 
1463.0 97.01724137931035 
3217.0 89.00531914893617 
2833.0 89.00534759358288 
3329.0 89.0049504950495 
1465.0 95.01666666666667 
2610.0 89.00602409638554 
2447.0 89.00613496932516 
2201.0 89.00735294117646 
2092.0 89.00757575757575 
1843.0 89.00925925925925 
1933.0 89.009009009009 
2077.0 89.00787401574803 
1990.0 89.0079365079365 
1660.0 89.0125 
1729.0 89.01123595505618 
2696.0 89.00591715976331 
2631.0 89.00595238095238 
2264.0 89.00709219858156 
2345.0 89.00653594771242 
2402.0 89.00641025641026 
1762.0 89.01063829787235 
2785.0 89.00546448087432 
1795.0 89.01041666666667 
2422.0 89.00628930817611 
3275.0 89.0050505050505 
3305.0 89.00502512562814 
2814.0 89.00537634408602 
2708.0 89.00578034682081 
2735.0 89.00574712643679 
2300.0 89.00680272108843 
2325.0 89.00675675675676 
3255.0 89.00518134715026 
3231.0 89.00520833333333 
1532.0 95.01333333333334 
2747.0 89.00555555555556 
2768.0 89.00552486187846 
2403.0 89.00632911392405 
1747.0 89.0111111111111 
2280.0 89.00704225352112 
2434.0 89.00625 
2291.0 89.00694444444444 
2334.0 89.00671140939598 
1814.0 89.00980392156863 
1824.0 89.00961538461539 
2437.0 89.00617283950618 
1804.0 89.01010101010101 
1963.0 89.00847457627118 
2738.0 89.00561797752809 
1954.0 89.00862068965517 
1647.0 89.01351351351352 
1655.0 89.0126582278481 
2085.0 89.00769230769231 
1827.0 89.00943396226415 
1835.0 89.00934579439253 
1977.0 89.00826446280992 
1983.0 89.008 
1970.0 89.00833333333334 
1936.0 89.00892857142857 
1943.0 89.00877192982456 
1947.0 89.00869565217391 
1638.0 89.015625 
1644.0 89.01428571428572 
1557.0 95.0125 
1810.0 89.00990099009901 
2297.0 89.00689655172414 
1634.0 89.01694915254237 
1529.0 95.01351351351352 
1555.0 95.0126582278481 
1825.0 89.00952380952381 
1458.0 107.01666666666667 
1459.0 103.01754385964912 
1462.0 101.01612903225806 
1466.0 95.01587301587301 
1464.0 97.015625 
1460.0 103.01666666666667 
1457.0 107.01754385964912 
1483.0 95.01388888888889 
1471.0 95.01515151515152 
1475.0 95.01492537313433 
1479.0 95.01449275362319 
1469.0 95.015625 
1477.0 95.01470588235294 
