1450.0 114.01818181818182 
4621.0 93.00296735905044 
1461.0 108.01785714285714 
1454.0 108.01886792452831 
1465.0 102.01785714285714 
2634.0 97.00602409638554 
2617.0 100.00523560209425 
3395.0 97.00438596491227 
3462.0 94.0060975609756 
1469.0 100.01754385964912 
2881.0 97.00526315789473 
3179.0 97.00523560209425 
4289.0 93.0030959752322 
4580.0 93.00306748466258 
4019.0 93.00326797385621 
4274.0 93.0032154340836 
2102.0 100.00675675675676 
2299.0 100.00649350649351 
3735.0 93.00367647058823 
3904.0 93.0036496350365 
3480.0 93.0060606060606 
3479.0 94.00581395348837 
2476.0 100.00540540540541 
2590.0 100.00534759358288 
2442.0 100.0060975609756 
2333.0 100.00625 
2872.0 97.00534759358288 
2774.0 97.00537634408602 
3991.0 93.00363636363636 
3279.0 97.00510204081633 
3207.0 97.0051282051282 
1704.0 100.00980392156863 
1931.0 100.00826446280992 
1996.0 100.0079365079365 
1765.0 100.00970873786407 
1530.0 100.01219512195122 
1588.0 100.01190476190476 
3608.0 93.00418410041841 
3661.0 93.00408163265305 
2711.0 97.00552486187846 
2761.0 97.00540540540541 
1613.0 100.01123595505618 
1658.0 100.0111111111111 
1775.0 100.00943396226415 
1819.0 100.0091743119266 
1471.0 100.01666666666667 
1513.0 100.01587301587301 
2014.0 100.0078125 
1872.0 100.00847457627118 
1908.0 100.00833333333334 
3327.0 97.0045871559633 
3360.0 97.00456621004567 
1670.0 100.01020408163265 
1700.0 100.01010101010101 
1843.0 100.00869565217391 
2451.0 100.00564971751412 
2070.0 100.00704225352112 
3698.0 93.00387596899225 
2093.0 100.00680272108843 
3562.0 93.00438596491227 
3585.0 93.00436681222708 
3720.0 93.00377358490566 
2697.0 97.00558659217877 
2034.0 100.00769230769231 
3696.0 93.00396825396825 
3676.0 93.004 
3308.0 97.0046511627907 
1997.0 100.00787401574803 
4018.0 93.00341296928327 
4604.0 93.0030395136778 
1602.0 100.01176470588236 
4002.0 93.00344827586207 
3383.0 97.00452488687783 
3367.0 97.00454545454545 
4596.0 93.0030487804878 
4286.0 93.00313479623824 
2318.0 100.00628930817611 
3194.0 97.00515463917526 
2609.0 100.005291005291 
2648.0 97.00595238095238 
2595.0 100.00531914893617 
3292.0 97.0050505050505 
2661.0 97.00591715976331 
3296.0 97.00485436893204 
2069.0 100.00714285714285 
2672.0 97.00581395348837 
2683.0 97.00578034682081 
3588.0 93.00434782608696 
2042.0 100.00757575757575 
2309.0 100.00632911392405 
2059.0 100.00719424460432 
3516.0 93.0048309178744 
3506.0 93.00490196078431 
1517.0 100.015625 
3503.0 93.00492610837438 
1825.0 100.00892857142857 
1834.0 100.00884955752213 
3465.0 94.00595238095238 
2308.0 100.00645161290322 
2050.0 100.00729927007299 
3474.0 94.00588235294117 
3522.0 93.00478468899522 
3531.0 93.00473933649289 
3547.0 93.00456621004567 
3556.0 93.00442477876106 
1522.0 100.01369863013699 
2691.0 97.00568181818181 
3539.0 93.00460829493088 
3596.0 93.00432900432901 
3484.0 93.00568181818181 
1604.0 100.01162790697674 
3303.0 97.0047619047619 
3537.0 93.00462962962963 
3491.0 93.00537634408602 
3388.0 97.00448430493273 
1664.0 100.01086956521739 
3497.0 93.00531914893617 
2044.0 100.00740740740741 
3602.0 93.00431034482759 
1609.0 100.01149425287356 
3532.0 93.00469483568075 
