1428.0 127.01587301587301 
3353.0 95.00431034482759 
1431.0 127.01538461538462 
1432.0 121.01492537313433 
1435.0 121.01470588235294 
1436.0 115.01428571428572 
1463.0 103.015625 
1471.0 97.01538461538462 
1457.0 109.01612903225806 
1460.0 103.01818181818182 
1445.0 115.01298701298701 
1451.0 109.01851851851852 
3179.0 95.00438596491227 
2969.0 95.00456621004567 
2762.0 95.00460829493088 
3087.0 95.00448430493273 
2468.0 95.00581395348837 
2288.0 95.00595238095238 
3339.0 95.00434782608696 
2045.0 95.00819672131148 
2044.0 97.00649350649351 
2981.0 95.00452488687783 
1928.0 97.00675675675676 
2032.0 97.00666666666666 
2543.0 95.00552486187846 
1798.0 97.0078125 
1890.0 97.00757575757575 
2632.0 95.00549450549451 
2272.0 95.00625 
2203.0 95.00632911392405 
1617.0 97.01010101010101 
1673.0 97.00961538461539 
2138.0 95.00714285714285 
2086.0 95.0072463768116 
2517.0 95.00571428571429 
2674.0 95.00537634408602 
1744.0 97.00840336134453 
1782.0 97.00826446280992 
1598.0 97.01075268817205 
1562.0 97.01086956521739 
2156.0 95.00657894736842 
2192.0 95.00649350649351 
1710.0 97.00884955752213 
1517.0 97.01282051282051 
1544.0 97.01234567901234 
1490.0 97.01298701298701 
2072.0 95.0078125 
1690.0 97.00909090909092 
2726.0 95.0048309178744 
2701.0 95.005 
2715.0 95.00490196078431 
2689.0 95.00510204081633 
2751.0 95.00462962962963 
1901.0 97.0072463768116 
1912.0 97.00689655172414 
1891.0 97.00746268656717 
1922.0 97.0068493150685 
2743.0 95.00471698113208 
2733.0 95.0047619047619 
2527.0 95.00564971751412 
1608.0 97.01020408163265 
2536.0 95.00558659217877 
2680.0 95.00526315789473 
2080.0 95.0077519379845 
2140.0 95.00671140939598 
2280.0 95.00602409638554 
2148.0 95.00662251655629 
1480.0 97.01408450704226 
1487.0 97.01315789473684 
1685.0 97.00925925925925 
1678.0 97.00952380952381 
2039.0 97.00662251655629 
1550.0 97.01204819277109 
1603.0 97.01030927835052 
2085.0 95.00729927007299 
2196.0 95.00645161290322 
2201.0 95.00636942675159 
1476.0 97.01428571428572 
1553.0 97.01149425287356 
1557.0 97.0111111111111 
1905.0 97.00709219858156 
1909.0 97.00704225352112 
1561.0 97.01098901098901 
1786.0 97.00813008130082 
1788.0 97.00806451612904 
1792.0 97.008 
1794.0 97.0079365079365 
2043.0 97.00653594771242 
1454.0 109.01754385964912 
1439.0 115.01388888888889 
1442.0 115.01315789473684 
1474.0 97.01492537313433 
1600.0 97.01052631578948 
2677.0 95.00531914893617 
