1457.0 111.01886792452831 
1983.0 98.008 
1465.0 105.01785714285714 
1466.0 99.01785714285714 
1460.0 111.01851851851852 
1462.0 105.01886792452831 
1812.0 99.00840336134453 
1920.0 99.00826446280992 
1642.0 99.01030927835052 
1734.0 99.01010101010101 
1561.0 99.01282051282051 
1621.0 99.01219512195122 
1528.0 99.01538461538462 
1476.0 99.015625 
1937.0 99.0077519379845 
1746.0 99.00990099009901 
1786.0 99.0091743119266 
1765.0 99.00970873786407 
1539.0 99.01351351351352 
1556.0 99.01333333333334 
1788.0 99.00892857142857 
1804.0 99.00884955752213 
1928.0 99.0079365079365 
1930.0 99.00787401574803 
1636.0 99.01041666666667 
1630.0 99.01123595505618 
1472.0 99.01587301587301 
1625.0 99.01204819277109 
1532.0 99.01470588235294 
1535.0 99.01449275362319 
1557.0 99.01315789473684 
1808.0 99.00862068965517 
1469.0 99.01666666666667 
1810.0 99.00854700854701 
1627.0 99.01176470588236 
1628.0 99.01162790697674 

1456.0 109.02 
3565.0 95.00404858299595 
1465.0 101.01694915254237 
1468.0 97.01470588235294 
1463.0 103.01515151515152 
1460.0 107.01612903225806 
1459.0 109.01587301587301 
1470.0 95.01612903225806 
2808.0 95.0046511627907 
3064.0 95.00460829493088 
3315.0 95.00454545454545 
2770.0 95.0049504950495 
2609.0 95.005 
1893.0 95.008 
1779.0 95.00806451612904 
3390.0 95.00420168067227 
2479.0 95.0051282051282 
3498.0 95.00418410041841 
2587.0 95.00502512562814 
2100.0 95.00689655172414 
2200.0 95.0068493150685 
1588.0 95.01052631578948 
1674.0 95.01041666666667 
1977.0 95.00729927007299 
2208.0 95.00657894736842 
2287.0 95.00649350649351 
2390.0 95.00632911392405 
2316.0 95.00636942675159 
2045.0 95.00714285714285 
1703.0 95.009009009009 
1754.0 95.00884955752213 
1476.0 95.01515151515152 
1523.0 95.01470588235294 
2090.0 95.00704225352112 
3346.0 95.00431034482759 
1932.0 95.00757575757575 
3543.0 95.00411522633745 
3508.0 95.00414937759336 
1555.0 95.01315789473684 
1530.0 95.01369863013699 
2312.0 95.00641025641026 
1940.0 95.00746268656717 
1964.0 95.00735294117646 
2446.0 95.00561797752809 
2426.0 95.00564971751412 
3323.0 95.00448430493273 
3338.0 95.00446428571429 
1688.0 95.01 
2466.0 95.00523560209425 
2794.0 95.0048309178744 
2782.0 95.00490196078431 
1573.0 95.01123595505618 
1583.0 95.01098901098901 
2798.0 95.00473933649289 
1764.0 95.00877192982456 
2455.0 95.00537634408602 
2418.0 95.00584795321637 
1565.0 95.01190476190476 
2398.0 95.00621118012423 
2410.0 95.0059880239521 
2207.0 95.00671140939598 
2403.0 95.00602409638554 
1699.0 95.00943396226415 
1693.0 95.00961538461539 
1773.0 95.00840336134453 
2465.0 95.00531914893617 
1768.0 95.00854700854701 
2460.0 95.00534759358288 
1528.0 95.01428571428572 
1524.0 95.01449275362319 
3342.0 95.00436681222708 
1473.0 95.01587301587301 
1558.0 95.01234567901234 
1560.0 95.01219512195122 
1563.0 95.01204819277109 
2400.0 95.0060975609756 
3340.0 95.00444444444445 
1766.0 95.00869565217391 
1767.0 95.00862068965517 

1460.0 109.02272727272727 
3588.0 95.003300330033 
1462.0 109.02127659574468 
1464.0 103.02173913043478 
1468.0 98.0204081632653 
1466.0 103.02 
1476.0 95.01785714285714 
1474.0 97.01923076923077 
2750.0 95.00549450549451 
2510.0 95.00552486187846 
2327.0 95.00578034682081 
2507.0 95.00561797752809 
1472.0 98.01886792452831 
3378.0 95.00353356890459 
3232.0 95.00355871886121 
3400.0 95.00348432055749 
3538.0 95.00343642611683 
2099.0 95.00645161290322 
1974.0 95.00666666666666 
2752.0 95.00534759358288 
2870.0 95.00526315789473 
2132.0 95.00621118012423 
2245.0 95.00617283950618 
1904.0 95.008 
1811.0 95.00840336134453 
1563.0 95.01315789473684 
1639.0 95.01282051282051 
2309.0 95.0060975609756 
3105.0 95.00431034482759 
3055.0 95.00446428571429 
1960.0 95.00729927007299 
1915.0 95.00735294117646 
2964.0 95.00502512562814 
2923.0 95.0050505050505 
3019.0 95.00469483568075 
1699.0 95.01162790697674 
1724.0 95.01149425287356 
2124.0 95.00636942675159 
2915.0 95.00510204081633 
3207.0 95.00358422939068 
2890.0 95.00515463917526 
3145.0 95.00396825396825 
3169.0 95.00383141762453 
1534.0 95.01639344262296 
1511.0 95.01666666666667 
1485.0 95.01754385964912 
1507.0 95.01694915254237 
1761.0 95.00980392156863 
1642.0 95.0125 
1663.0 95.01219512195122 
1678.0 95.01190476190476 
1740.0 95.01030927835052 
1801.0 95.00884955752213 
1782.0 95.00909090909092 
3117.0 95.00414937759336 
3133.0 95.00413223140495 
3004.0 95.00471698113208 
3574.0 95.00331125827815 
3182.0 95.00363636363636 
2978.0 95.0047619047619 
3042.0 95.00450450450451 
3195.0 95.0036231884058 
2991.0 95.00473933649289 
1736.0 95.01123595505618 
3181.0 95.00375939849624 
2882.0 95.00523560209425 
3030.0 95.00467289719626 
3563.0 95.00333333333333 
1559.0 95.01351351351352 
1549.0 95.01428571428572 
1668.0 95.01204819277109 
2976.0 95.00487804878048 
2966.0 95.0049504950495 
1767.0 95.00952380952381 
2318.0 95.00591715976331 
1776.0 95.0091743119266 
3136.0 95.00409836065573 
1542.0 95.015625 
2888.0 95.00518134715026 
3546.0 95.00342465753425 
1967.0 95.00709219858156 
3035.0 95.00456621004567 
1807.0 95.00847457627118 
3552.0 95.00341296928327 
3553.0 95.00335570469798 
3559.0 95.00334448160535 
1972.0 95.00671140939598 
1543.0 95.01492537313433 
1547.0 95.01449275362319 
1908.0 95.0078125 
1912.0 95.00740740740741 
1739.0 95.01041666666667 
1910.0 95.00769230769231 
1640.0 95.0126582278481 
1911.0 95.00751879699249 

1450.0 114.01818181818182 
4621.0 93.00296735905044 
1461.0 108.01785714285714 
1454.0 108.01886792452831 
1465.0 102.01785714285714 
2634.0 97.00602409638554 
2617.0 100.00523560209425 
3395.0 97.00438596491227 
3462.0 94.0060975609756 
1469.0 100.01754385964912 
2881.0 97.00526315789473 
3179.0 97.00523560209425 
4289.0 93.0030959752322 
4580.0 93.00306748466258 
4019.0 93.00326797385621 
4274.0 93.0032154340836 
2102.0 100.00675675675676 
2299.0 100.00649350649351 
3735.0 93.00367647058823 
3904.0 93.0036496350365 
3480.0 93.0060606060606 
3479.0 94.00581395348837 
2476.0 100.00540540540541 
2590.0 100.00534759358288 
2442.0 100.0060975609756 
2333.0 100.00625 
2872.0 97.00534759358288 
2774.0 97.00537634408602 
3991.0 93.00363636363636 
3279.0 97.00510204081633 
3207.0 97.0051282051282 
1704.0 100.00980392156863 
1931.0 100.00826446280992 
1996.0 100.0079365079365 
1765.0 100.00970873786407 
1530.0 100.01219512195122 
1588.0 100.01190476190476 
3608.0 93.00418410041841 
3661.0 93.00408163265305 
2711.0 97.00552486187846 
2761.0 97.00540540540541 
1613.0 100.01123595505618 
1658.0 100.0111111111111 
1775.0 100.00943396226415 
1819.0 100.0091743119266 
1471.0 100.01666666666667 
1513.0 100.01587301587301 
2014.0 100.0078125 
1872.0 100.00847457627118 
1908.0 100.00833333333334 
3327.0 97.0045871559633 
3360.0 97.00456621004567 
1670.0 100.01020408163265 
1700.0 100.01010101010101 
1843.0 100.00869565217391 
2451.0 100.00564971751412 
2070.0 100.00704225352112 
3698.0 93.00387596899225 
2093.0 100.00680272108843 
3562.0 93.00438596491227 
3585.0 93.00436681222708 
3720.0 93.00377358490566 
2697.0 97.00558659217877 
2034.0 100.00769230769231 
3696.0 93.00396825396825 
3676.0 93.004 
3308.0 97.0046511627907 
1997.0 100.00787401574803 
4018.0 93.00341296928327 
4604.0 93.0030395136778 
1602.0 100.01176470588236 
4002.0 93.00344827586207 
3383.0 97.00452488687783 
3367.0 97.00454545454545 
4596.0 93.0030487804878 
4286.0 93.00313479623824 
2318.0 100.00628930817611 
3194.0 97.00515463917526 
2609.0 100.005291005291 
2648.0 97.00595238095238 
2595.0 100.00531914893617 
3292.0 97.0050505050505 
2661.0 97.00591715976331 
3296.0 97.00485436893204 
2069.0 100.00714285714285 
2672.0 97.00581395348837 
2683.0 97.00578034682081 
3588.0 93.00434782608696 
2042.0 100.00757575757575 
2309.0 100.00632911392405 
2059.0 100.00719424460432 
3516.0 93.0048309178744 
3506.0 93.00490196078431 
1517.0 100.015625 
3503.0 93.00492610837438 
1825.0 100.00892857142857 
1834.0 100.00884955752213 
3465.0 94.00595238095238 
2308.0 100.00645161290322 
2050.0 100.00729927007299 
3474.0 94.00588235294117 
3522.0 93.00478468899522 
3531.0 93.00473933649289 
3547.0 93.00456621004567 
3556.0 93.00442477876106 
1522.0 100.01369863013699 
2691.0 97.00568181818181 
3539.0 93.00460829493088 
3596.0 93.00432900432901 
3484.0 93.00568181818181 
1604.0 100.01162790697674 
3303.0 97.0047619047619 
3537.0 93.00462962962963 
3491.0 93.00537634408602 
3388.0 97.00448430493273 
1664.0 100.01086956521739 
3497.0 93.00531914893617 
2044.0 100.00740740740741 
3602.0 93.00431034482759 
1609.0 100.01149425287356 
3532.0 93.00469483568075 

1460.0 108.01785714285714 
3845.0 99.00361010830325 
1469.0 102.01515151515152 
1467.0 106.01538461538462 
1471.0 100.01470588235294 
1466.0 108.01538461538462 
1928.0 100.0079365079365 
1969.0 99.00840336134453 
3243.0 99.0042372881356 
3506.0 99.00418410041841 
2618.0 99.00537634408602 
2817.0 99.00534759358288 
3025.0 99.00518134715026 
2876.0 99.00520833333333 
3717.0 99.00377358490566 
2461.0 99.0060975609756 
2352.0 99.00625 
2112.0 99.0078125 
2005.0 99.00787401574803 
3115.0 99.00452488687783 
1903.0 100.00826446280992 
3816.0 99.00374531835206 
1804.0 100.00833333333334 
3214.0 99.00440528634361 
3676.0 99.00396825396825 
3581.0 99.00398406374502 
1683.0 100.00943396226415 
1758.0 100.009009009009 
2335.0 99.00641025641026 
2261.0 99.00649350649351 
2541.0 99.00584795321637 
2468.0 99.00595238095238 
1622.0 100.01176470588236 
1550.0 100.01190476190476 
1542.0 100.01315789473684 
1480.0 100.01369863013699 
2552.0 99.00561797752809 
2604.0 99.00555555555556 
3056.0 99.0049751243781 
3091.0 99.0049504950495 
2846.0 99.00523560209425 
3539.0 99.00403225806451 
3575.0 99.004 
1974.0 99.0079365079365 
2220.0 99.00704225352112 
3537.0 99.00413223140495 
2189.0 99.0072463768116 
2142.0 99.00769230769231 
1790.0 100.00862068965517 
2148.0 99.00751879699249 
2174.0 99.00746268656717 
1764.0 100.00884955752213 
3839.0 99.0036496350365 
2240.0 99.00653594771242 
1638.0 100.01052631578948 
1655.0 100.01041666666667 
3700.0 99.00381679389314 
3040.0 99.00507614213198 
3227.0 99.00438596491227 
2831.0 99.005291005291 
2832.0 99.00526315789473 
3687.0 99.00389105058366 
1803.0 100.00840336134453 
1671.0 100.00970873786407 
3028.0 99.0051282051282 
3102.0 99.00487804878048 
1910.0 100.00806451612904 
2345.0 99.00632911392405 
1920.0 100.008 
1631.0 100.01136363636364 
2183.0 99.00729927007299 
2230.0 99.00671140939598 
2238.0 99.00662251655629 
2226.0 99.0068493150685 
1633.0 100.01063829787235 
3110.0 99.00478468899522 
1546.0 100.01204819277109 
1474.0 100.01428571428572 
1478.0 100.01408450704226 
1670.0 100.00990099009901 
1659.0 100.01030927835052 
1661.0 100.01020408163265 
1665.0 100.01010101010101 
1666.0 100.01 
1463.0 108.015625 
1543.0 100.0125 
3107.0 99.0048309178744 
3104.0 99.00485436893204 
2228.0 99.00680272108843 

1459.0 109.01886792452831 
3736.0 95.00358422939068 
1468.0 101.01754385964912 
1461.0 107.01923076923077 
1463.0 103.01886792452831 
1469.0 97.02173913043478 
1465.0 101.01818181818182 
1472.0 95.01785714285714 
1470.0 97.01851851851852 
2685.0 95.00431034482759 
2925.0 95.00429184549357 
3072.0 95.00377358490566 
3306.0 95.00369003690037 
3522.0 95.00361010830325 
3313.0 95.00366300366301 
3516.0 95.0036231884058 
2405.0 95.0051282051282 
2283.0 95.00518134715026 
2130.0 95.00546448087432 
2249.0 95.00531914893617 
2528.0 95.00446428571429 
2633.0 95.00444444444445 
1954.0 95.00680272108843 
2047.0 95.00675675675676 
1743.0 95.00840336134453 
1829.0 95.00833333333334 
2443.0 95.00485436893204 
1551.0 95.01298701298701 
1619.0 95.0126582278481 
1726.0 95.00990099009901 
1668.0 95.01086956521739 
2488.0 95.0048309178744 
2684.0 95.00436681222708 
2644.0 95.00440528634361 
2965.0 95.00409836065573 
3002.0 95.00393700787401 
1889.0 95.00740740740741 
1920.0 95.00735294117646 
2075.0 95.00671140939598 
2417.0 95.0050505050505 
2274.0 95.00523560209425 
1836.0 95.00813008130082 
1859.0 95.00806451612904 
1482.0 95.01666666666667 
1502.0 95.01587301587301 
3021.0 95.00389105058366 
3040.0 95.00384615384615 
1657.0 95.01149425287356 
1519.0 95.015625 
1640.0 95.01176470588236 
2947.0 95.00425531914894 
2930.0 95.0042735042735 
1869.0 95.0077519379845 
1523.0 95.01538461538462 
1883.0 95.00763358778626 
1537.0 95.01515151515152 
3015.0 95.00392156862745 
2093.0 95.00641025641026 
2082.0 95.00662251655629 
3061.0 95.00381679389314 
2958.0 95.0042194092827 
3050.0 95.00383141762453 
2112.0 95.00581395348837 
2497.0 95.00467289719626 
2507.0 95.00462962962963 
2102.0 95.00621118012423 
2518.0 95.00448430493273 
2121.0 95.00558659217877 
2509.0 95.00454545454545 
1474.0 95.01694915254237 
1944.0 95.00699300699301 
1946.0 95.0068493150685 
1936.0 95.00704225352112 
2100.0 95.00628930817611 
2490.0 95.0047619047619 
1862.0 95.008 
2637.0 95.00442477876106 
1625.0 95.0125 
1662.0 95.01123595505618 
1732.0 95.0091743119266 
1738.0 95.00909090909092 
1628.0 95.01219512195122 
1633.0 95.01204819277109 
1635.0 95.01190476190476 
1931.0 95.00714285714285 
2960.0 95.00420168067227 
1543.0 95.01351351351352 
1547.0 95.01315789473684 
1730.0 95.00934579439253 
1739.0 95.009009009009 
1921.0 95.00729927007299 
1925.0 95.0072463768116 
1540.0 95.01492537313433 
1928.0 95.00719424460432 
1541.0 95.01470588235294 

1428.0 127.01587301587301 
3353.0 95.00431034482759 
1431.0 127.01538461538462 
1432.0 121.01492537313433 
1435.0 121.01470588235294 
1436.0 115.01428571428572 
1463.0 103.015625 
1471.0 97.01538461538462 
1457.0 109.01612903225806 
1460.0 103.01818181818182 
1445.0 115.01298701298701 
1451.0 109.01851851851852 
3179.0 95.00438596491227 
2969.0 95.00456621004567 
2762.0 95.00460829493088 
3087.0 95.00448430493273 
2468.0 95.00581395348837 
2288.0 95.00595238095238 
3339.0 95.00434782608696 
2045.0 95.00819672131148 
2044.0 97.00649350649351 
2981.0 95.00452488687783 
1928.0 97.00675675675676 
2032.0 97.00666666666666 
2543.0 95.00552486187846 
1798.0 97.0078125 
1890.0 97.00757575757575 
2632.0 95.00549450549451 
2272.0 95.00625 
2203.0 95.00632911392405 
1617.0 97.01010101010101 
1673.0 97.00961538461539 
2138.0 95.00714285714285 
2086.0 95.0072463768116 
2517.0 95.00571428571429 
2674.0 95.00537634408602 
1744.0 97.00840336134453 
1782.0 97.00826446280992 
1598.0 97.01075268817205 
1562.0 97.01086956521739 
2156.0 95.00657894736842 
2192.0 95.00649350649351 
1710.0 97.00884955752213 
1517.0 97.01282051282051 
1544.0 97.01234567901234 
1490.0 97.01298701298701 
2072.0 95.0078125 
1690.0 97.00909090909092 
2726.0 95.0048309178744 
2701.0 95.005 
2715.0 95.00490196078431 
2689.0 95.00510204081633 
2751.0 95.00462962962963 
1901.0 97.0072463768116 
1912.0 97.00689655172414 
1891.0 97.00746268656717 
1922.0 97.0068493150685 
2743.0 95.00471698113208 
2733.0 95.0047619047619 
2527.0 95.00564971751412 
1608.0 97.01020408163265 
2536.0 95.00558659217877 
2680.0 95.00526315789473 
2080.0 95.0077519379845 
2140.0 95.00671140939598 
2280.0 95.00602409638554 
2148.0 95.00662251655629 
1480.0 97.01408450704226 
1487.0 97.01315789473684 
1685.0 97.00925925925925 
1678.0 97.00952380952381 
2039.0 97.00662251655629 
1550.0 97.01204819277109 
1603.0 97.01030927835052 
2085.0 95.00729927007299 
2196.0 95.00645161290322 
2201.0 95.00636942675159 
1476.0 97.01428571428572 
1553.0 97.01149425287356 
1557.0 97.0111111111111 
1905.0 97.00709219858156 
1909.0 97.00704225352112 
1561.0 97.01098901098901 
1786.0 97.00813008130082 
1788.0 97.00806451612904 
1792.0 97.008 
1794.0 97.0079365079365 
2043.0 97.00653594771242 
1454.0 109.01754385964912 
1439.0 115.01388888888889 
1442.0 115.01315789473684 
1474.0 97.01492537313433 
1600.0 97.01052631578948 
2677.0 95.00531914893617 

1454.0 109.02 
3566.0 89.00492610837438 
1629.0 95.0111111111111 
1633.0 89.01818181818182 
1457.0 107.01960784313725 
1459.0 103.01785714285714 
1461.0 101.01724137931035 
1463.0 97.01724137931035 
3217.0 89.00531914893617 
2833.0 89.00534759358288 
3329.0 89.0049504950495 
1465.0 95.01666666666667 
2610.0 89.00602409638554 
2447.0 89.00613496932516 
2201.0 89.00735294117646 
2092.0 89.00757575757575 
1843.0 89.00925925925925 
1933.0 89.009009009009 
2077.0 89.00787401574803 
1990.0 89.0079365079365 
1660.0 89.0125 
1729.0 89.01123595505618 
2696.0 89.00591715976331 
2631.0 89.00595238095238 
2264.0 89.00709219858156 
2345.0 89.00653594771242 
2402.0 89.00641025641026 
1620.0 95.01176470588236 
1567.0 95.01204819277109 
1471.0 95.01587301587301 
1523.0 95.01470588235294 
1762.0 89.01063829787235 
2785.0 89.00546448087432 
1795.0 89.01041666666667 
2422.0 89.00628930817611 
3275.0 89.0050505050505 
3305.0 89.00502512562814 
2814.0 89.00537634408602 
2708.0 89.00578034682081 
2735.0 89.00574712643679 
2300.0 89.00680272108843 
2325.0 89.00675675675676 
3255.0 89.00518134715026 
3231.0 89.00520833333333 
1554.0 95.01298701298701 
1532.0 95.01333333333334 
2747.0 89.00555555555556 
2768.0 89.00552486187846 
2403.0 89.00632911392405 
1747.0 89.0111111111111 
2280.0 89.00704225352112 
2434.0 89.00625 
2291.0 89.00694444444444 
2334.0 89.00671140939598 
1814.0 89.00980392156863 
1824.0 89.00961538461539 
2437.0 89.00617283950618 
1804.0 89.01010101010101 
1963.0 89.00847457627118 
2738.0 89.00561797752809 
1954.0 89.00862068965517 
1647.0 89.01351351351352 
1655.0 89.0126582278481 
2085.0 89.00769230769231 
1827.0 89.00943396226415 
1835.0 89.00934579439253 
1977.0 89.00826446280992 
1983.0 89.008 
1970.0 89.00833333333334 
1936.0 89.00892857142857 
1943.0 89.00877192982456 
1947.0 89.00869565217391 
1638.0 89.015625 
1644.0 89.01428571428572 
1557.0 95.0125 
1563.0 95.01219512195122 
1810.0 89.00990099009901 
2297.0 89.00689655172414 
1634.0 89.01694915254237 
1527.0 95.01408450704226 
1621.0 95.01136363636364 
1625.0 95.01123595505618 
1529.0 95.01351351351352 
1555.0 95.0126582278481 
1825.0 89.00952380952381 

1454.0 109.015625 
2827.0 95.00546448087432 
1458.0 107.01666666666667 
1459.0 103.01754385964912 
1462.0 101.01612903225806 
1463.0 97.01724137931035 
1466.0 95.01587301587301 
1456.0 109.01538461538462 
1464.0 97.015625 
1460.0 103.01666666666667 
1461.0 101.01724137931035 
1457.0 107.01754385964912 
2180.0 95.00662251655629 
2362.0 95.00657894736842 
2560.0 95.00574712643679 
2696.0 95.00568181818181 
2708.0 95.00561797752809 
1892.0 95.00840336134453 
1997.0 95.00826446280992 
1786.0 95.00909090909092 
1861.0 95.00892857142857 
2389.0 95.00641025641026 
2461.0 95.0060975609756 
2484.0 95.00588235294117 
2552.0 95.00584795321637 
1563.0 95.0126582278481 
1628.0 95.01219512195122 
1718.0 95.01075268817205 
1658.0 95.01086956521739 
1483.0 95.01388888888889 
1539.0 95.01369863013699 
2045.0 95.00819672131148 
2086.0 95.00729927007299 
2121.0 95.0072463768116 
1748.0 95.01020408163265 
2162.0 95.00694444444444 
2134.0 95.00699300699301 
2373.0 95.00653594771242 
2473.0 95.0060606060606 
2174.0 95.00675675675676 
1772.0 95.00990099009901 
1881.0 95.00847457627118 
1761.0 95.01 
1553.0 95.01333333333334 
1543.0 95.01351351351352 
1632.0 95.01204819277109 
1642.0 95.01162790697674 
2070.0 95.00757575757575 
2061.0 95.00769230769231 
2052.0 95.0078125 
1779.0 95.00961538461539 
1754.0 95.01010101010101 
2076.0 95.00740740740741 
1559.0 95.01282051282051 
1867.0 95.00884955752213 
1872.0 95.00869565217391 
1878.0 95.00862068965517 
2127.0 95.00719424460432 
2082.0 95.00735294117646 
1648.0 95.0111111111111 
1653.0 95.01098901098901 
2129.0 95.00709219858156 
1471.0 95.01515151515152 
1646.0 95.01149425287356 
1475.0 95.01492537313433 
1479.0 95.01449275362319 
2049.0 95.00806451612904 
1469.0 95.015625 
1477.0 95.01470588235294 
2051.0 95.00787401574803 

1457.0 109.01923076923077 
2186.0 94.00892857142857 
1466.0 97.01724137931035 
1461.0 109.01886792452831 
1462.0 103.01818181818182 
2046.0 94.0091743119266 
1904.0 94.00925925925925 
1794.0 94.00970873786407 
1897.0 94.00943396226415 
1470.0 97.01694915254237 
1481.0 95.01754385964912 
1488.0 95.01666666666667 
1546.0 95.01639344262296 
1741.0 94.0111111111111 
1612.0 95.01449275362319 
1560.0 95.01492537313433 
1739.0 95.0111111111111 
1656.0 95.01388888888889 
1702.0 95.01369863013699 
1787.0 94.01030927835052 
1749.0 94.01098901098901 
1711.0 95.01298701298701 
1717.0 95.01282051282051 
1718.0 95.01234567901234 
1724.0 95.01190476190476 
1730.0 95.01162790697674 
1707.0 95.01351351351352 
1484.0 95.01694915254237 
1553.0 95.01587301587301 
1556.0 95.01538461538462 
1549.0 95.01612903225806 
1732.0 95.01136363636364 
1736.0 95.01123595505618 

