0.009082367679298466 0.5791474195506325 
0.17381772627622924 0.23685476485326734 
0.011587848418415283 0.42127156351697725 
0.011901033510804886 0.2634222993404948 
0.010021922956467273 0.5791382273037086 
0.010648293141246476 0.4212981553741501 
0.12026307547760727 0.2631735872645865 
0.15408706545568432 0.2631699330926725 
0.06702160977137488 0.2632237285307492 
0.09583463827121828 0.2632182493657598 
0.0416536172878171 0.26328979461629304 
0.06044472283119324 0.2632733417015364 
0.03131850923896023 0.2633572515667959 
0.015032884434700909 0.26336357565590546 
0.15941121202630754 0.26315644948157824 
0.09959285937989351 0.2632129871974038 
0.11212026307547761 0.2631938695949358 
0.10554337613529596 0.2632079293851003 
0.03476354525524585 0.26330802622453714 
0.04008769182586909 0.2633032860063937 
0.11274663326025681 0.263187404602137 
0.11775759473849044 0.2631853258876384 
0.15659254619480112 0.26316130518676395 
0.15721891637958033 0.2631596611291026 
0.06514249921703727 0.2632265537251968 
0.06326338866269965 0.2632481077367689 
0.013780144065142498 0.26337010050974863 
0.061697463200751645 0.263269476257708 
0.032571249608518635 0.2633393953151922 
0.03351080488568744 0.2633337882796644 
0.040400876918258694 0.2632986705308327 
0.11901033510804886 0.26317930478357304 
0.012840588787973693 0.2633909800420472 
0.11963670529282806 0.2631773663654552 
0.062323833385530845 0.2632620182249097 
0.06263701847792046 0.2632584192904778 

0.008769182586908864 0.5265607810385048 
0.66927654243658 0.1578261780539356 
0.011587848418415283 0.3160148331321446 
0.01252740369558409 0.21072297392303138 
0.01096147823363608 0.36858396190107173 
0.010021922956467273 0.4738425214113915 
0.009708737864077669 0.5264522074705527 
0.013153773880363295 0.1581439930584266 
0.4321954274976511 0.15784203085013693 
0.5123708111493893 0.15784090307344875 
0.5909802693391795 0.15783924985534875 
0.4202943939868462 0.15784990574626973 
0.3698715941121203 0.15785120813293788 
0.14563106796116504 0.15793013276502613 
0.1099279674287504 0.1579318300689423 
0.6144691512683996 0.15783020577986123 
0.329157532101472 0.15785458098046304 
0.6482931412464766 0.15782974327483879 
0.36298152207954903 0.15785186914325688 
0.21046038208581272 0.15790110301529267 
0.24177889132477295 0.15789986030340333 
0.05010961478233636 0.15799659561310062 
0.07704353272784216 0.15799371094087522 
0.17193861572189165 0.15791169781446543 
0.24428437206388975 0.15789274741298454 
0.26902599436266833 0.1578904996164453 
0.3012840588787974 0.15788617474209107 
0.2781083620419668 0.15788723530045168 
0.1932352020043846 0.15790758287014375 
0.08612590040714062 0.1579566779866294 
0.10209834011901034 0.15795248310331675 
0.015032884434700909 0.1581182763324285 
0.029752583777012214 0.15810655253087055 
0.20732853116191668 0.15790493616886644 
0.6006890072032571 0.1578330645393545 
0.15784528656435953 0.15791897170594288 
0.6623864704040088 0.1578279313210052 
0.6514249921703726 0.15782882977944143 
0.03977450673347949 0.1580658277465111 
0.03194487942373943 0.15808005352734908 
0.2768556216724084 0.1578883094557147 
0.16035076730347636 0.1579159970100254 
0.16786720952082682 0.15791310980516388 
0.31882242405261507 0.15786746601595242 
0.31255872220482306 0.15786830103819233 
0.5934857500782963 0.15783764111845336 
0.5981835264641403 0.15783711444863668 
0.08142812402129658 0.15798274918641853 
0.32508612590040714 0.15785740640247384 
0.4278108362041967 0.15784675988475277 
0.42405261509552145 0.15784862889659512 
0.04541183839649233 0.15801526495244725 
0.04854368932038835 0.15800876829589794 
0.4290635765737551 0.15784435054247214 
0.10523019104290636 0.15795044085749338 
0.3216410898841215 0.15786110907244713 
0.31005324146570623 0.1578735162648148 
0.04290635765737551 0.15803286006393466 
0.30378953961791416 0.15788307211483701 
0.3075477607265894 0.1578772012752426 
0.24397118697150016 0.15789623225191457 
0.3053554650798622 0.157878150276422 
0.0848731600375822 0.15796785774640182 
0.0829940494832446 0.15797263064384304 
0.10804885687441278 0.1579407444802649 
0.32477294080801755 0.1578596043703941 
0.10648293141246477 0.1579445235811336 
0.32320701534606955 0.15786035269815307 
0.03131850923896023 0.1580954986608303 
0.030065768869401818 0.1581009454953428 
0.5994362668336987 0.15783455009559771 
0.014093329157532102 0.15813725772542703 
0.04071406201064829 0.15804445980410045 
0.0413404321954275 0.15804049891721475 
0.04227998747259631 0.15803663347338642 
0.3044159098026934 0.15788008299833597 
0.5988098966489195 0.15783659246032908 
0.10585656122768557 0.1579484341289887 
0.10616974632007517 0.15794646199925144 

0.010021922956467273 0.5266325307040395 
0.6764797995615409 0.15780649285733234 
0.010648293141246476 0.5265943659883296 
0.011274663326025681 0.3687572702719286 
0.01252740369558409 0.23718120142680238 
0.011901033510804886 0.36871151686202236 
0.015032884434700909 0.1581894565561732 
0.014406514249921704 0.2108420156003893 
0.4140306921390542 0.15786421768767794 
0.33886626996554964 0.15786501630982275 
0.2815533980582524 0.15787173766151597 
0.3379267146883808 0.15786746601595242 
0.013780144065142498 0.2371406805015873 
0.6107109301597244 0.15781262895470857 
0.5649859066708425 0.15781329060506652 
0.6176010021922956 0.15781133331881672 
0.6608205449420608 0.1578100733017808 
0.2101471969934231 0.15788939747104505 
0.17099906044472282 0.15789505515076463 
0.41465706232383337 0.15786035269815307 
0.45161290322580644 0.1578581313462789 
0.22048230504227997 0.15788307211483701 
0.25587222048230507 0.1578820634417792 
0.14907610397745066 0.15793013276502613 
0.11994989038521767 0.1579407444802649 
0.04227998747259631 0.1580658277465111 
0.06608205449420608 0.15805695183197138 
0.2759160663952396 0.15788008299833597 
0.525211399937363 0.1578330645393545 
0.5095521453178828 0.15783711444863668 
0.1666144691512684 0.15791169781446543 
0.1525211399937363 0.15791310980516388 
0.4810523019104291 0.15785186914325688 
0.46821171312245535 0.1578525368304479 
0.4982774819918572 0.1578431798057303 
0.0848731600375822 0.15802557650615612 
0.09270278734732226 0.15802206030584925 
0.21797682430316317 0.15788723530045168 
0.4657062323833385 0.15785389264423347 
0.5571562793611025 0.15781396174145074 
0.4578766050735985 0.15785527641294259 
0.5377388036329471 0.15782406474094995 
0.5452552458502975 0.15782046482158826 
0.03319761979329784 0.15815094922201642 
0.025994362668336986 0.15815813725772557 
0.017851550266207328 0.1581812146355292 
0.02474162229877858 0.15816556895566217 
0.10429063576573755 0.15797759071373302 
0.06702160977137488 0.15804851971315867 
0.07359849671155654 0.15804049891721475 
0.07829627309740056 0.15803286006393466 
0.0977137488255559 0.15799088574642758 
0.11681803946132165 0.15795248310331675 
0.1108675227059192 0.1579588326312403 
0.5289696210460382 0.15782882977944143 
0.5339805825242718 0.15782837869390404 
0.49357970560601316 0.15784376241292972 
0.6720952082680864 0.1578067803599082 
0.5493266520513623 0.15781533330017053 
0.4854368932038835 0.1578449442732485 
0.505480739116818 0.1578381725330437 
0.5533980582524272 0.1578149866834289 
0.48950829940494833 0.15784435054247214 
0.09646100845599749 0.15801526495244725 
0.5490134669589728 0.15781857012718728 
0.4553711243344817 0.15785740640247384 
0.5017225180081428 0.15784260264345787 
0.6686501722518008 0.15780736111511112 
0.041027247103037894 0.15807518344021548 
0.03789539617914187 0.1580954986608303 
0.07516442217350454 0.15803663347338642 
0.48481052301910427 0.1578479998145603 
0.48167867209520826 0.15784990574626973 
0.10616974632007517 0.1579702214670394 
0.278734732226746 0.15787533696523323 
0.10898841215158159 0.15796102681061414 
0.5349201378014407 0.1578274876150971 
0.035703100532414656 0.15813073287158386 
0.4572502348888193 0.15785597905197604 
0.6633260256811776 0.15780976369143065 
0.1688067647979956 0.15790625013403972 
0.5032884434700908 0.15783979589542155 
0.11869715001565925 0.15794261801755988 
0.6652051362355151 0.15780945619446124 
0.6655183213279048 0.1578079496656859 
0.6673974318822424 0.1578076544062004 
0.17037269025994362 0.15789623225191457 
0.03601628562480426 0.1581123269405932 
0.037269025994362666 0.1581009454953428 
0.15032884434700908 0.1579251999755207 
0.1515815847165675 0.15791454271424352 
0.0974005637331663 0.15799371094087522 
0.15095521453178828 0.15792203793096596 
0.06639523958659568 0.15805268240472456 
0.1512683996241779 0.15791747317491694 

0.006890072032571249 0.6580540014085503 
1.0 0.10518131159440679 
0.010335108048856874 0.5001961956052184 
0.008142812402129659 0.5002227874623913 
0.011587848418415283 0.34234693142873607 
0.3777012214218603 0.21049457166858282 
0.37237707485123706 0.2893984598828759 
0.6160350767303476 0.2104514753606361 
0.637018477920451 0.1315718723022556 
0.012840588787973693 0.2897222681159312 
0.4550579392420921 0.21047455273843974 
0.5483870967741935 0.21047382779463464 
0.896022549326652 0.10518469525601531 
0.9871594112120263 0.10518394572010693 
0.8114625743814594 0.10518922023205526 
0.891324772940808 0.1051878380046475 
0.21108675227059193 0.2894384787402386 
0.27278421547134357 0.2894315530968473 
0.7225180081428124 0.10519996705014993 
0.7754462887566552 0.10519926105480071 
0.6426558095834638 0.105262689388485 
0.6423426244910743 0.13156441109672645 
0.32821797682430315 0.28940292710416293 
0.3639210773567178 0.2894014061785551 
0.3175696836830567 0.289421136478738 
0.28343250861259006 0.28942514687670995 
0.4522392734105857 0.2104767740903139 
0.4215471343564046 0.21047753046460796 
0.8026933917945506 0.10519891190800972 
0.5797056060131538 0.2104703140363943 
0.5571562793611025 0.21047100237262384 
0.08643908549953022 0.28951864419413503 
0.15753210147196994 0.28947814378875286 
0.17788913247729407 0.2894695158828443 
0.10554337613529596 0.2895161400811807 
0.03194487942373943 0.2895815523976168 
0.05010961478233636 0.2895739135443367 
0.6827435014093329 0.10521332188267796 
0.6993423113059818 0.10521062613911734 
0.4018164735358597 0.21048143770198358 
0.4174757281553398 0.21047829501592172 
0.05793924209207642 0.2895563184328493 
0.07203257124960852 0.28955303401203814 
0.10867522705919198 0.28950891122680383 
0.12245537112433448 0.28950208029101615 
0.013466958972752897 0.2896991907381276 
0.026620732853116193 0.28967831120582904 
0.18352646414030693 0.28946625345592275 
0.1390541810209834 0.2894836714979619 
0.15032884434700908 0.2894799556489938 
0.5947384904478547 0.21045676833719687 
0.6050735984967116 0.21045621728758235 
0.07579079235828375 0.2895291716894114 
0.08518634512997181 0.28952646006184024 
0.12997181334168492 0.28948948760939075 
0.32038834951456313 0.28940935451859434 
0.20106482931412464 0.2894459896492685 
0.7109301597243971 0.1052052154961963 
0.2082680864390855 0.2894396879795608 
0.6683369871594113 0.10521863257631449 
0.6755402442843721 0.10521812870343691 
0.7178202317569684 0.1052025219540744 
0.3974318822424053 0.21048306171573064 
0.18979016598809897 0.289463091411368 
0.7103037895396179 0.10520764334878914 
0.7040400876918259 0.10520847853008122 
0.5887879736924523 0.21045845224229776 
0.1782023175696837 0.289467871825183 
0.8111493892890699 0.10519303480230043 
0.9946758534293768 0.10518320985354611 
0.054494206075790794 0.28957022892099005 
0.8061384278108362 0.10519396365521431 
0.6122768556216724 0.21045513014897632 
0.6072658941434388 0.21045567124750958 
0.99217037269026 0.10518345364673598 
0.8950829940494832 0.10518571656722174 
0.278734732226746 0.28942618100448925 
0.5530848731600376 0.21047169780510339 
0.3698715941121203 0.2893999174418493 
0.3820858127153148 0.21049268496385695 
0.3654870028186658 0.2894006578507961 
0.5837770122142186 0.21046895822260872 
0.3861572189163796 0.21049175835739403 
0.585029752583777 0.21046379823227912 
0.20075164422173505 0.2894486363505458 
0.3896022549326652 0.21048904318496767 
0.39304729094895086 0.2104881590536768 
0.6764797995615409 0.10521762921206233 
0.19229564672721577 0.2894600251863449 
0.2759160663952396 0.2894272282224931 
0.19761979329783902 0.28944998826270923 
0.6539304729094895 0.10523033849259197 
0.6507986219855935 0.10523220750443431 
0.0278734732226746 0.28967178635198587 
0.6498590667084246 0.10523284278432163 
0.1243344816786721 0.28949561529821743 
0.1271531475101785 0.2894935365837188 
0.6379580331976198 0.1315680528756157 
0.27560288130285 0.2894304509514471 
0.1948011274663326 0.28945275129486747 
0.6407766990291263 0.13156621056394222 
0.6558095834638271 0.10522912229349812 
0.6586282492953336 0.10522792915031133 
0.6636392107735671 0.10522337450326073 
0.6664578766050736 0.10521965369922637 
0.02943939868462261 0.2896211070077511 
0.39555277168806763 0.21048556694148235 
0.6611337300344503 0.10522448168128792 
0.6789852803006576 0.10521713404528858 
0.6439085499530223 0.10525272415716073 
0.055120576260569994 0.28956662998655813 
0.5872220482305043 0.2104613656654093 
0.6605073598496711 0.10522504295903799 
0.6461008455997495 0.10524468768028633 
0.6138427810836204 0.21045406251061416 
0.07391168180394614 0.28954667937177353 
0.6479799561540871 0.10524318297823328 
0.19292201691199498 0.28945559619464556 
0.6808643908549953 0.1052166431471937 
0.05668650172251801 0.28956311378625127 
0.6589414343877231 0.10522675841356947 

0.010021922956467273 0.5001961956052184 
0.7569683683056686 0.26304748535365674 
0.012840588787973693 0.3422757512049914 
0.012214218603194488 0.44751472643935875 
0.013466958972752897 0.2896476060112726 
0.011901033510804886 0.5001311478315196 
0.15659254619480112 0.2894695158828443 
0.16943313498277482 0.2631735872645865 
0.5684309426871281 0.26306398533283054 
0.6507986219855935 0.2630625860591604 
0.3726902599436267 0.26309395185676876 
0.4350140933291575 0.26309319548247473 
0.5001565925461948 0.26308882183629767 
0.4534920137801441 0.26308953179448785 
0.7168806764797996 0.26305178613055685 
0.32352020043845914 0.2631129257826576 
0.2893830253679925 0.2631169361806296 
0.21421860319448793 0.26315804275984234 
0.1807077983088005 0.2631596611291026 
0.528343250861259 0.26307155154113715 
0.14876291888506107 0.28947814378875286 
0.7478860006263702 0.2630510424881091 
0.11775759473849044 0.2894799556489938 
0.5593485750078296 0.2630684050650835 
0.7040400876918259 0.26305690752527155 
0.6742875039148136 0.2630573234522099 
0.07986219855934858 0.28950891122680383 
0.10335108048856874 0.28949773146703145 
0.28405887879736924 0.2631211522400363 
0.26088318196053867 0.2631233424007669 
0.3485750078296273 0.26310635904913643 
0.3257124960851863 0.26310910635601775 
0.060757907923582835 0.28957022892099005 
0.038208581271531476 0.2895739135443367 
0.035703100532414656 0.28960688122691314 
0.016285624804259317 0.2896211070077511 
0.35202004384591296 0.263100308800274 
0.3683056686501722 0.2630986665898687 
0.5098653304102725 0.26308339648415763 
0.5208268086439085 0.2630827485305913 
0.444096461008456 0.26309024918679547 
0.6611337300344503 0.2630585913585214 
0.6724083933604761 0.2630577427065637 
0.17099906044472282 0.26316130518676395 
0.248042593172565 0.2631377789531881 
0.6605073598496711 0.26306122147822564 
0.2383338553084873 0.2631431490717218 
0.223614155966176 0.2631548807152876 
0.11337300344503602 0.28948751547965346 
0.22549326652051363 0.2631503159592386 
0.2336360789226433 0.263148839794347 
0.10523019104290636 0.2894935365837188 
0.7550892577513311 0.26304852523128314 
0.254306295020357 0.26312445895329617 
0.06576886940181648 0.28953764909350266 
0.07109301597243971 0.28953476442127724 
0.7115565299091763 0.26305292288170334 
0.5048543689320388 0.26308605408051067 
0.5634199812088945 0.2630678967527969 
0.43939868462261195 0.26309170674576887 
0.4397118697150016 0.26309097413060056 
0.7074851237081115 0.26305487644236325 
0.11744440964610084 0.2894817979606669 
0.07610397745067335 0.2895161400811807 
0.5010961478233636 0.26308742376478467 
0.5242718446601942 0.2630808425988819 
0.15095521453178828 0.2894728835493443 
0.28719072972126525 0.2631190175264127 
0.15408706545568432 0.28947118624542817 
0.06357657375508925 0.2895596774995879 
0.2364547447541497 0.26314454059878706 
0.251174444096461 0.2631290750362362 
0.25367992483557783 0.2631267364246804 
0.2499217037269026 0.26313270308772496 
0.06420294393986846 0.28954059514173297 
0.526777325399311 0.26307838646998055 
0.03695584090197307 0.28957768695378844 
0.014406514249921704 0.28963655214123235 
0.015659254619480114 0.28963125873867773 
0.07579079235828375 0.28952119789348424 
0.07234575634199812 0.2895319392268296 
0.07297212652677733 0.2895291716894114 
0.07422486689633573 0.28952646006184024 
0.07453805198872533 0.28952380266682054 
0.01096147823363608 0.5001374719206291 
0.03601628562480426 0.2895895731935607 
0.5258377701221422 0.26307960266907443 
0.5248982148449733 0.26308021962443995 
0.2505480739116818 0.2631314772834804 

0.009708737864077669 0.5265309981584717 
0.722831193235202 0.15781396174145074 
0.01252740369558409 0.31603047881201163 
0.010335108048856874 0.4739241225611934 
0.01096147823363608 0.36868173398198933 
0.012840588787973693 0.21090800609544622 
0.011587848418415283 0.31604726235950503 
0.013780144065142498 0.1581894565561732 
0.013153773880363295 0.21082327755858288 
0.39367366113373004 0.1578330645393545 
0.4688380833072346 0.15783257785497742 
0.5148762918885061 0.15781894334623522 
0.588161603507673 0.15781674534770873 
0.6558095834638271 0.15781464256933514 
0.5903538991544003 0.1578160341516045 
0.6539304729094895 0.1578149866834289 
0.3059818352646414 0.15785458098046304 
0.2677732539931099 0.15785597905197604 
0.2198559348575008 0.15786342779364398 
0.2571249608518634 0.1578596043703941 
0.3445036016285625 0.15783711444863668 
0.3773880363294707 0.15783659246032908 
0.16473535859693078 0.15789863449915878 
0.1938615721891638 0.15789742525983655 
0.09865330410272471 0.1579407444802649 
0.1255872220482305 0.15793890216859177 
0.3178828687754463 0.15784737684011832 
0.03852176636392108 0.15806133215343263 
0.05981835264641403 0.15805268240472456 
0.09332915753210147 0.15798014441308222 
0.07516442217350454 0.1580056258913715 
0.3319761979329784 0.15784675988475277 
0.39336047604134045 0.15783455009559771 
0.38083307234575636 0.1578355622807619 
0.48136548700281867 0.1578274876150971 
0.49295333542123393 0.1578232427121193 
0.14437832759160665 0.15791454271424352 
0.15408706545568432 0.15791310980516388 
0.20263075477607265 0.15789623225191457 
0.30974005637331664 0.1578525368304479 
0.2649545881616035 0.15785740640247384 
0.1277795176949577 0.15793355497129583 
0.13498277481991858 0.1579318300689423 
0.01691199498903852 0.15815813725772557 
0.023175696836830566 0.15813725772542703 
0.4989038521766364 0.15782203365804165 
0.5048543689320388 0.15782085250521177 
0.07171938615721891 0.15802206030584925 
0.028499843407453804 0.15813073287158386 
0.06639523958659568 0.15802917544058803 
0.47572815533980584 0.15783161691220693 
0.4704040087691826 0.1578320953302954 
0.13811462574381458 0.1579236066972566 
0.029752583777012214 0.1581244087824743 
0.14249921703726903 0.1579204931153055 
0.034137175070466645 0.1581182763324285 
0.49702474162229876 0.15782283653316762 
0.2082680864390855 0.1578883094557147 
0.20482305042279988 0.15789389364035877 
0.5114312558722205 0.15782008009738174 
0.47917319135609143 0.1578306721878798 
0.5079862198559348 0.15782046482158826 
0.21421860319448793 0.15787262179280687 
0.3347948637644848 0.15784260264345787 
0.3379267146883808 0.1578414643511988 
0.21108675227059193 0.15788307211483701 
0.34137175070466647 0.15783764111845336 
0.21703726902599435 0.1578666403235698 
0.33855308487316005 0.15783924985534875 
0.014406514249921704 0.15816556895566217 
0.16160350767303477 0.15790364058082895 
0.16222987785781398 0.15789986030340333 
0.15909802693391795 0.15790493616886644 
0.21046038208581272 0.1578851275240872 
0.33260256811775757 0.1578449442732485 
0.13592233009708737 0.15793013276502613 
0.3786407766990291 0.15783607509138717 
0.061697463200751645 0.15804851971315867 
0.07328531161916693 0.15801526495244725 
0.09520826808643909 0.15796102681061414 
0.0970873786407767 0.1579588326312403 
0.06263701847792046 0.15804049891721475 
0.06420294393986846 0.15803663347338642 
0.06482931412464767 0.15803286006393466 
0.15753210147196994 0.15790758287014375 
0.47979956154087067 0.15783020577986123 
0.03601628562480426 0.15807518344021548 
0.037269025994362666 0.1580658277465111 
0.09458189790165988 0.1579655382074585 
0.0974005637331663 0.1579566779866294 
0.1544002505480739 0.15791169781446543 
0.15565299091763232 0.1579103062874002 
0.035076730347635456 0.1581123269405932 
0.15659254619480112 0.1579089347823072 
0.03538991544002505 0.15810655253087055 

0.0 1.0 
0.6028813028499843 0.1578330645393545 
9.395552771688068E-4 0.9999871510570473 
0.001252740369558409 0.8421258050386837 
0.002192295646727216 0.8421200306289611 
0.002505480739116818 0.6842597125824385 
0.01096147823363608 0.3685964184402271 
0.013466958972752897 0.2107408301746351 
0.009082367679298466 0.5264589428035523 
0.010021922956467273 0.36866368375166586 
0.005324146570623238 0.6842255460750407 
0.007203257124960852 0.5265218059115477 
0.5483870967741935 0.1578350539684753 
0.4826182273723771 0.15783979589542155 
0.41778891324772943 0.15784090307344875 
0.5195740682743502 0.15783764111845336 
0.3257124960851863 0.15787262179280687 
0.2693391794550579 0.15787626357169612 
0.59849671155653 0.15783405060422315 
0.1932352020043846 0.157935308150737 
0.19292201691199498 0.2105069210086061 
0.4863764484810523 0.15783870875681552 
0.15659254619480112 0.21051384665199735 
0.18916379580331977 0.21051147654292546 
0.34920137801440654 0.15786501630982275 
0.11587848418415284 0.21054162136768154 
0.14469151268399624 0.21053539309810368 
0.3770748512370811 0.15786421768767794 
0.2643282179768243 0.15788409339630793 
0.24271844660194175 0.15788617474209107 
0.059191982461634825 0.21060182797359903 
0.07673034763545256 0.21058905203600384 
0.2223614155966176 0.15790758287014375 
0.20607579079235827 0.1579103062874002 
0.3410585656122769 0.15786999971200674 
0.3902286251174444 0.15786110907244713 
0.09896648919511432 0.2105571658724257 
0.1108675227059192 0.21055351170051168 
0.05324146570623239 0.21061897245759786 
0.041966802380206704 0.21062204728353232 
0.22799874725963043 0.15789274741298454 
0.23927341058565613 0.1578904996164453 
0.08831819605386784 0.21056890449547758 
0.0278734732226746 0.2106733732241322 
0.03632947071719386 0.21066088119626125 
0.019417475728155338 0.21067775354559343 
0.20169119949890385 0.1579251999755207 
0.08205449420607579 0.2105752540234011 
0.4065142499217037 0.15784675988475277 
0.3986846226119637 0.15785120813293788 
0.4030692139054181 0.15784862889659512 
0.39492640150328845 0.15785389264423347 
0.4143438772314438 0.1578414643511988 
0.14813654870028187 0.21052672767956102 
0.1515815847165675 0.21051752440745347 
0.14500469777638583 0.21053241840218623 
0.15471343564046353 0.21051628169556416 
0.41183839649232695 0.15784376241292972 
0.40870654556843095 0.1578449442732485 
0.3441904165361729 0.15786830103819233 
0.05637331663012841 0.21060453960117018 
0.3470090823676793 0.1578666403235698 
0.39210773567178203 0.1578581313462789 
0.20419668023802068 0.1579236066972566 
0.2229877857813968 0.15789623225191457 
0.26683369871594115 0.157878150276422 
0.22549326652051363 0.15789389364035877 
0.016285624804259317 0.2107066266504365 
0.018477920450986535 0.21068224913867192 
0.08048856874412778 0.21057968301510044 
0.07829627309740056 0.2105866428592002 
0.19135609145004698 0.2105103150325196 
0.038208581271531476 0.21065305486554722 
0.0548073911681804 0.21060730713858838 
0.20576260569996868 0.15791169781446543 
0.24052615095521454 0.15788939747104505 
0.24209207641716254 0.15788723530045168 
0.015032884434700909 0.2107119200529911 
0.03914813654870028 0.21063848169801008 
0.040400876918258694 0.21062840192379692 
0.14938928906984028 0.21052267152620052 
0.1506420294393987 0.21052135756102727 
0.0416536172878171 0.21062518968805874 
0.11212026307547761 0.21054997636345663 
0.11274663326025681 0.2105482514611031 
0.11399937362981521 0.21054655415718693 
0.11462574381459442 0.21054488379460312 
0.1926088318196054 0.21050803756113537 
0.008142812402129659 0.5264961643806548 
0.0034450360162856246 0.684249272816289 
0.004384591293454432 0.6842300416681192 
0.014406514249921704 0.21072874833275404 
0.05386783589101159 0.21061301700526144 
0.3911681803946132 0.1578596043703941 

0.008142812402129659 0.5265607810385048 
0.6695897275289696 0.0 
0.06295020357031006 0.15801198053163612 
0.06420294393986846 3.4873400654019467E-4 
0.009082367679298466 0.47393404270097295 
0.009708737864077669 0.3686551421248164 
0.010335108048856874 0.3160225210955277 
0.01096147823363608 0.2107896783112061 
0.5602881302849985 1.0340193911659988E-5 
0.4400250548073912 1.108852167064673E-5 
0.5953648606326339 6.415697872850098E-7 
0.011587848418415283 0.15815813725772557 
0.3701847792045099 2.88860999395694E-5 
0.3191356091450047 3.1802968595457046E-5 
0.24209207641716254 6.384562868145517E-5 
0.2079549013466959 6.970752946043389E-5 
0.12997181334168492 1.1399744645720351E-4 
0.15815847165674915 1.0741381014696889E-4 
0.20325712496085185 7.75541682985782E-5 
0.17601002192295648 7.919822595987518E-5 
0.07265894143438772 1.9925553667623737E-4 
0.09426871280927028 1.6600077596480822E-4 
0.39711869715001563 2.607278875078788E-5 
0.37676166614469153 2.6999395213695778E-5 
0.2618227372377075 5.698595755728542E-5 
0.28719072972126525 4.235199249211579E-5 
0.3050422799874726 3.904527923224618E-5 
0.060131537738803635 0.15802917544058803 
0.043532727842154714 0.15803663347338642 
0.013466958972752897 0.15813725772542703 
0.029752583777012214 0.15810655253087055 
0.10460382085812715 1.502774848485363E-4 
0.42499217037269027 1.416361716155883E-5 
0.11493892890698403 1.4444676439278638E-4 
0.31130598183526464 3.586334760477511E-5 
0.5784528656435953 3.272653965466395E-6 
0.5878484184152835 2.604966774460749E-6 
0.4340745380519887 1.1844895964708499E-5 
0.4008769182586909 2.2473485033538154E-5 
0.4093329157532101 2.159951617118094E-5 
0.27309740056373316 4.9370322676344096E-5 
0.28092702787347323 4.816108335410951E-5 
0.5721891637958033 6.714875493615883E-6 
0.5646727215784528 7.424833683785032E-6 
0.03946132164108988 0.15806133215343263 
0.032571249608518635 0.15807044322207206 
0.41309113686188537 1.655962906460944E-5 
0.419668023802067 1.5752133340321143E-5 
0.3053554650798622 3.6910565608648815E-5 
0.09990604447228311 1.6271635515368747E-4 
0.26683369871594115 5.567199238401651E-5 
0.3150642029439399 3.482921982551053E-5 
0.27027873473222674 5.3098810586785484E-5 
0.28374569370497965 4.696807543214578E-5 
0.12088944566238648 1.2832653725059493E-4 
0.1240212965862825 1.2336646736060358E-4 
0.31600375822110865 3.279926529677076E-5 
0.11775759473849044 1.3614240495577525E-4 
0.1675540244284372 9.335384107745149E-5 
0.41027247103037895 1.8201839469982877E-5 
0.16473535859693078 9.71978227690057E-5 
0.0685875352333229 2.2591926373306148E-4 
0.07109301597243971 2.0341822824214008E-4 
0.20576260569996868 7.277375448351436E-5 
0.1249608518634513 1.1859356991939696E-4 
0.12746633260256812 1.1627403097608719E-4 
0.17193861572189165 8.78261318684242E-5 
0.17381772627622924 8.086858854368414E-5 
0.1697463200751644 8.96379921093354E-5 
0.15909802693391795 1.0529764133296489E-4 
0.16129032258064516 1.0117668101095713E-4 
0.16254306295020357 9.91699525062785E-5 
0.06576886940181648 2.8146869510141387E-4 
0.06764797995615408 2.462344843478736E-4 
0.040400876918258694 0.15804851971315867 
0.04227998747259631 0.15804049891721475 
0.11963670529282806 1.3088023659978633E-4 
0.27215784528656434 5.1838838810236074E-5 
0.06451612903225806 3.163047791797454E-4 
0.031005324146570624 0.1580902052582757 
0.06044472283119324 0.15801862401918587 
0.061697463200751645 0.15801526495244725 
0.031631694331349824 0.15807518344021548 
0.03977450673347949 0.15805268240472456 
0.1243344816786721 1.2095729055696826E-4 

0.008142812402129659 0.5264456826167095 
0.43814594425305353 0.15786342779364398 
0.009395552771688067 0.47385666561069045 
0.009708737864077669 0.36864690020417246 
0.010648293141246476 0.31599325723490906 
0.01096147823363608 0.2107896783112061 
0.011901033510804886 0.15813725772542703 
0.008769182586908864 0.5264393585275999 
0.011274663326025681 0.21074715426374466 
0.010021922956467273 0.3686238228263688 
0.010335108048856874 0.3160225210955277 
0.009082367679298466 0.47387974298849406 
0.23551518947698089 0.15789389364035877 
0.2925148762918885 0.15789274741298454 
0.3545255245850297 0.1578708636926536 
0.39711869715001563 0.15786914554932155 
0.4008769182586909 0.15786746601595242 
0.14531788286877545 0.1579407444802649 
0.1782023175696837 0.15793709030835085 
0.11212026307547761 0.1579588326312403 
0.13560914500469778 0.1579545618178154 
0.30097087378640774 0.1578883094557147 
0.32352020043845914 0.15788008299833597 
0.33072345756342 0.15787442126002263 
0.35202004384591296 0.1578735162648148 
0.04227998747259631 0.15805268240472456 
0.06263701847792046 0.15804049891721475 
0.09082367679298466 0.15800255106543706 
0.07203257124960852 0.1580056258913715 
0.017225180081428124 0.15808505889468086 
0.03476354525524585 0.15808005352734908 
0.1932352020043846 0.157935308150737 
0.20607579079235827 0.15791169781446543 
0.21703726902599435 0.1579103062874002 
0.10021922956467272 0.15798811820900938 
0.22987785781396805 0.15790236298706922 
0.22110867522705918 0.15790364058082895 
0.29595991230817414 0.15789161616897454 
0.3272784215471344 0.15787911078064581 
0.2336360789226433 0.15789742525983655 
0.10773567178202317 0.15798014441308222 
0.14187284685248983 0.15794261801755988 
0.10429063576573755 0.15798274918641853 
0.03914813654870028 0.15807044322207206 
0.03601628562480426 0.15807518344021548 
0.06388975884747886 0.15803663347338642 
0.06702160977137488 0.15802557650615612 
0.20106482931412464 0.15791897170594288 
0.19824616348261823 0.15792203793096596 
0.1954274976511118 0.1579251999755207 
0.1099279674287504 0.15797263064384304 
0.10209834011901034 0.1579854065814382 
0.20294393986846226 0.15791454271424352 
0.041027247103037894 0.15805695183197138 
0.13748825555903538 0.15795248310331675 
0.1390541810209834 0.1579484341289887 
0.140933291575321 0.15794646199925144 
0.21891637958033197 0.1579089347823072 
0.20482305042279988 0.15791310980516388 
0.0689007203257125 0.15801198053163612 
0.0704666457876605 0.15800876829589794 
0.21954274976511118 0.15790625013403972 
0.013466958972752897 0.1581182763324285 
0.06827435014093329 0.15802206030584925 
0.014719699342311305 0.1581123269405932 
0.015972439711869714 0.1581009454953428 
0.194487942373943 0.1579318300689423 
0.012840588787973693 0.15813073287158386 
0.01534606952709051 0.15810655253087055 
0.1951143125587222 0.157926818344781 

0.009082367679298466 0.5265405439533541 
0.2373943000313185 0.131646351121735 
0.011901033510804886 0.2107896783112061 
0.010335108048856874 0.5265309981584717 
0.010648293141246476 0.36866368375166586 
0.1935483870967742 0.13165281611453375 
0.14907610397745066 0.13165505092685922 
0.11462574381459442 0.13166687590469825 
0.14688380833072345 0.13165964705032143 
0.013153773880363295 0.210781990347823 
0.01659880989664892 0.1581812146355292 
0.018791105543376135 0.15815813725772557 
0.03695584090197307 0.15815094922201642 
0.09802693391794551 0.1317037698355557 
0.057626056999686814 0.1581009454953428 
0.0413404321954275 0.1581123269405932 
0.0974005637331663 0.15801198053163612 
0.07140620106482931 0.15808505889468086 
0.08581271531475101 0.15808005352734908 
0.11243344816786721 0.13168267505034717 
0.10053241465706232 0.13170055759981752 
0.08863138114625743 0.15806133215343263 
0.09051049170059505 0.15805695183197138 
0.09082367679298466 0.15804445980410045 
0.09270278734732226 0.15803286006393466 
0.09458189790165988 0.15802557650615612 
0.08737864077669903 0.15807518344021548 
0.017538365173817728 0.15816556895566217 
0.03914813654870028 0.15813725772542703 
0.04008769182586909 0.1581244087824743 
0.03789539617914187 0.1581439930584266 
0.09520826808643909 0.15801862401918587 
0.09646100845599749 0.15801526495244725 

