0.09467455621301775 0.347604485219164 
0.23076923076923078 0.3288266537904393 
0.09664694280078895 0.3440366972477063 
0.16765285996055226 0.3411175979983319 
0.17159763313609466 0.33868501529051975 
0.20315581854043394 0.33662667607621727 
0.20710059171597633 0.3348623853211008 
0.21696252465483234 0.33333333333333326 
0.22485207100591717 0.33081489476524545 
0.22090729783037474 0.33199541284403666 

0.09861932938856016 0.347604485219164 
0.46548323471400394 0.3253058103975536 
0.1282051282051282 0.33662667607621727 
0.1834319526627219 0.33333333333333326 
0.22090729783037474 0.3297655453618756 
0.2859960552268245 0.3288266537904393 
0.1341222879684418 0.3348623853211008 
0.398422090729783 0.3258875149581173 
0.3116370808678501 0.3279816513761467 
0.3708086785009862 0.3265221017514597 
0.1992110453648915 0.33081489476524545 

0.09861932938856016 0.347604485219164 
0.43984220907297833 0.3288266537904393 
0.14201183431952663 0.3411175979983319 
0.29191321499013806 0.3297655453618756 
0.22090729783037474 0.3348623853211008 
0.14792899408284024 0.33868501529051975 
0.1814595660749507 0.33662667607621727 
0.23471400394477318 0.33199541284403666 
0.2485207100591716 0.33081489476524545 

0.055226824457593686 0.347604485219164 
0.27416173570019725 0.3279816513761467 
0.15187376725838264 0.3411175979983319 
0.15581854043392504 0.33662667607621727 
0.22090729783037474 0.3348623853211008 
0.23274161735700197 0.33333333333333326 
0.2504930966469428 0.33081489476524545 
0.26232741617357 0.3297655453618756 
0.2682445759368836 0.3288266537904393 

0.14595660749506903 0.347604485219164 
0.27416173570019725 0.3288266537904393 
0.1893491124260355 0.33868501529051975 
0.1794871794871795 0.3440366972477063 
0.23668639053254437 0.3348623853211008 
0.2504930966469428 0.33199541284403666 
0.2682445759368836 0.33081489476524545 

0.11045364891518737 0.347604485219164 
0.6173570019723866 0.3226299694189602 
0.1282051282051282 0.33868501529051975 
0.39250493096646943 0.3253058103975536 
0.5384615384615384 0.3247706422018349 
0.2406311637080868 0.3288266537904393 
0.368836291913215 0.3279816513761467 
0.20710059171597633 0.3348623853211008 
0.5641025641025641 0.323394495412844 
0.15581854043392504 0.33662667607621727 
0.6015779092702169 0.32299905093324893 
0.21893491124260356 0.33199541284403666 
0.3806706114398422 0.32721712538226294 
0.22090729783037474 0.33081489476524545 
0.23274161735700197 0.3297655453618756 

0.09664694280078895 0.3440366972477063 
0.20118343195266272 0.0077257363592468245 
0.13609467455621302 0.33662667607621727 
0.15581854043392504 0.015525758645024786 
0.16765285996055226 0.010894495412844067 
0.11637080867850098 0.33868501529051975 
0.1814595660749507 0.009713977334052852 
0.1992110453648915 0.008664627930682945 

0.11242603550295859 0.347604485219164 
0.3609467455621302 0.3253058103975536 
0.14398422090729784 0.3348623853211008 
0.24260355029585798 0.32721712538226294 
0.3214990138067061 0.3265221017514597 
0.23076923076923078 0.3288266537904393 
0.1834319526627219 0.33199541284403666 
0.15581854043392504 0.33333333333333326 
0.3431952662721893 0.3258875149581173 

0.46745562130177515 0.3253058103975536 
0.07692307692307693 0.3520642201834862 
0.3708086785009862 0.3288266537904393 
0.22287968441814596 0.3297655453618756 
0.11637080867850098 0.3411175979983319 
0.08086785009861933 0.347604485219164 
0.13214990138067062 0.33662667607621727 
0.17751479289940827 0.33333333333333326 
0.126232741617357 0.33868501529051975 
0.20118343195266272 0.33199541284403666 
0.21893491124260356 0.33081489476524545 

0.13609467455621302 0.347604485219164 
0.28007889546351084 0.3279816513761467 
0.14990138067061143 0.33662667607621727 
0.23471400394477318 0.33199541284403666 
0.14595660749506903 0.3411175979983319 
0.2504930966469428 0.3288266537904393 
0.23865877712031558 0.3297655453618756 

