643.0 4.111111111111111 
712.0 4.052631578947368 
644.0 4.1 
680.0 4.090909090909091 
682.0 4.083333333333333 
698.0 4.076923076923077 
700.0 4.071428571428571 
705.0 4.066666666666666 
709.0 4.0588235294117645 
707.0 4.0625 

645.0 4.111111111111111 
831.0 4.041666666666667 
660.0 4.076923076923077 
688.0 4.066666666666666 
707.0 4.055555555555555 
740.0 4.052631578947368 
663.0 4.071428571428571 
797.0 4.043478260869565 
753.0 4.05 
783.0 4.045454545454546 
696.0 4.0588235294117645 

645.0 4.111111111111111 
818.0 4.052631578947368 
667.0 4.090909090909091 
743.0 4.055555555555555 
707.0 4.071428571428571 
670.0 4.083333333333333 
687.0 4.076923076923077 
714.0 4.0625 
721.0 4.0588235294117645 

623.0 4.111111111111111 
734.0 4.05 
672.0 4.090909090909091 
674.0 4.076923076923077 
707.0 4.071428571428571 
713.0 4.066666666666666 
722.0 4.0588235294117645 
728.0 4.055555555555555 
731.0 4.052631578947368 

669.0 4.111111111111111 
734.0 4.052631578947368 
691.0 4.083333333333333 
686.0 4.1 
715.0 4.071428571428571 
722.0 4.0625 
731.0 4.0588235294117645 

651.0 4.111111111111111 
908.0 4.033333333333333 
660.0 4.083333333333333 
794.0 4.041666666666667 
868.0 4.04 
717.0 4.052631578947368 
782.0 4.05 
700.0 4.071428571428571 
881.0 4.035714285714286 
674.0 4.076923076923077 
900.0 4.0344827586206895 
706.0 4.0625 
788.0 4.0476190476190474 
707.0 4.0588235294117645 
713.0 4.055555555555555 

644.0 4.1 
697.0 3.0526315789473686 
664.0 4.076923076923077 
674.0 3.076923076923077 
680.0 3.0625 
654.0 4.083333333333333 
687.0 3.0588235294117645 
696.0 3.0555555555555554 

652.0 4.111111111111111 
778.0 4.041666666666667 
668.0 4.071428571428571 
718.0 4.0476190476190474 
758.0 4.045454545454546 
712.0 4.052631578947368 
688.0 4.0625 
674.0 4.066666666666666 
769.0 4.043478260869565 

832.0 4.041666666666667 
634.0 4.125 
783.0 4.052631578947368 
708.0 4.055555555555555 
654.0 4.090909090909091 
636.0 4.111111111111111 
662.0 4.076923076923077 
685.0 4.066666666666666 
659.0 4.083333333333333 
697.0 4.0625 
706.0 4.0588235294117645 

664.0 4.111111111111111 
737.0 4.05 
671.0 4.076923076923077 
714.0 4.0625 
669.0 4.090909090909091 
722.0 4.052631578947368 
716.0 4.055555555555555 

