152.0 4.125 
156.0 4.111111111111111 

152.0 4.125 
156.0 4.111111111111111 

143.0 4.142857142857143 
147.0 4.111111111111111 

158.0 4.111111111111111 
152.0 4.125 

140.0 6.142857142857143 
158.0 4.125 
148.0 6.1 
154.0 4.142857142857143 
144.0 6.111111111111111 

142.0 6.142857142857143 
152.0 6.111111111111111 
144.0 6.125 

152.0 4.125 

140.0 6.142857142857143 
164.0 4.111111111111111 
148.0 6.125 
152.0 4.142857142857143 
156.0 4.125 

142.0 6.142857142857143 
156.0 4.125 
152.0 4.166666666666667 
154.0 4.142857142857143 

152.0 4.125 

