0.3333333333333333 0.023006134969325277 
0.4444444444444444 0.016359918200408937 

0.3333333333333333 0.023006134969325277 
0.4444444444444444 0.016359918200408937 

0.08333333333333333 0.0315512708150748 
0.19444444444444445 0.016359918200408937 

0.5 0.016359918200408937 
0.3333333333333333 0.023006134969325277 

0.0 0.9886064855390009 
0.5 0.023006134969325277 
0.2222222222222222 0.9680981595092022 
0.3888888888888889 0.0315512708150748 
0.1111111111111111 0.973415132924335 

0.05555555555555555 0.9886064855390009 
0.3333333333333333 0.973415132924335 
0.1111111111111111 0.9800613496932514 

0.3333333333333333 0.023006134969325277 

0.0 0.9886064855390009 
0.6666666666666666 0.016359918200408937 
0.2222222222222222 0.9800613496932514 
0.3333333333333333 0.0315512708150748 
0.4444444444444444 0.023006134969325277 

0.05555555555555555 0.9886064855390009 
0.4444444444444444 0.023006134969325277 
0.3333333333333333 0.04294478527607388 
0.3888888888888889 0.0315512708150748 

0.3333333333333333 0.023006134969325277 

