123.0 14.0625 
234.0 11.018181818181818 
151.0 14.025641025641026 
156.0 11.04 
219.0 11.01923076923077 
200.0 11.019607843137255 
148.0 14.030303030303031 
133.0 14.03125 
172.0 11.023255813953488 
186.0 11.021739130434783 
163.0 11.027777777777779 
169.0 11.026315789473685 
195.0 11.02 
191.0 11.02127659574468 
127.0 14.055555555555555 
132.0 14.035714285714286 
129.0 14.043478260869565 
158.0 11.033333333333333 
160.0 11.03225806451613 
161.0 11.030303030303031 
170.0 11.024390243902438 
193.0 11.020833333333334 
128.0 14.045454545454545 
