123.0 14.0625 
234.0 11.018181818181818 
151.0 14.025641025641026 
156.0 11.04 
219.0 11.01923076923077 
200.0 11.019607843137255 
148.0 14.030303030303031 
133.0 14.03125 
172.0 11.023255813953488 
186.0 11.021739130434783 
163.0 11.027777777777779 
169.0 11.026315789473685 
195.0 11.02 
191.0 11.02127659574468 
127.0 14.055555555555555 
132.0 14.035714285714286 
129.0 14.043478260869565 
158.0 11.033333333333333 
160.0 11.03225806451613 
161.0 11.030303030303031 
170.0 11.024390243902438 
193.0 11.020833333333334 
128.0 14.045454545454545 

123.0 14.058823529411764 
236.0 14.018181818181818 
178.0 14.020408163265307 
218.0 14.019607843137255 
127.0 14.055555555555555 
128.0 14.043478260869565 
148.0 14.030303030303031 
133.0 14.03225806451613 
129.0 14.041666666666666 
132.0 14.03448275862069 
151.0 14.026315789473685 
169.0 14.021739130434783 
160.0 14.023809523809524 
227.0 14.018867924528301 
157.0 14.025 

115.0 11.0625 
196.0 11.020833333333334 
161.0 11.02127659574468 
122.0 11.03225806451613 
131.0 11.025641025641026 
120.0 11.043478260869565 
143.0 11.023255813953488 
116.0 11.052631578947368 
124.0 11.03125 
119.0 11.047619047619047 

123.0 14.066666666666666 
205.0 14.02 
127.0 14.0625 
128.0 14.047619047619047 
145.0 14.026315789473685 
196.0 14.02127659574468 
178.0 14.021739130434783 
154.0 14.023809523809524 
133.0 14.03448275862069 
169.0 14.023255813953488 
129.0 14.045454545454545 
132.0 14.037037037037036 
171.0 14.022727272727273 

120.0 11.05 
197.0 11.01923076923077 
152.0 11.02 
125.0 11.038461538461538 
127.0 11.028571428571428 
122.0 11.045454545454545 
136.0 11.021739130434783 
128.0 11.026315789473685 
135.0 11.023809523809524 
144.0 11.020833333333334 

123.0 14.055555555555555 
230.0 14.017857142857142 
125.0 14.041666666666666 
169.0 14.022727272727273 
221.0 14.02 
154.0 14.025 
128.0 14.04 
133.0 14.033333333333333 
188.0 14.02127659574468 
203.0 14.020408163265307 
136.0 14.030303030303031 
145.0 14.027777777777779 

230.0 11.017241379310345 
111.0 11.055555555555555 
113.0 11.052631578947368 
116.0 11.041666666666666 
202.0 11.017543859649123 
155.0 11.019607843137255 
118.0 11.03448275862069 
172.0 11.01923076923077 
188.0 11.017857142857142 
149.0 11.021739130434783 
139.0 11.022222222222222 
130.0 11.027777777777779 
124.0 11.03125 
125.0 11.028571428571428 
119.0 11.03225806451613 
180.0 11.018867924528301 
131.0 11.025 
133.0 11.023809523809524 

123.0 14.0625 
276.0 14.017241379310345 
127.0 14.055555555555555 
128.0 14.045454545454545 
181.0 14.02127659574468 
210.0 14.020833333333334 
129.0 14.043478260869565 
132.0 14.03448275862069 
161.0 14.022727272727273 
141.0 14.027027027027026 
227.0 14.01923076923077 
258.0 14.017543859649123 
245.0 14.018518518518519 
149.0 14.025 
133.0 14.03225806451613 
218.0 14.02 
252.0 14.018181818181818 

123.0 11.04 
213.0 11.018181818181818 
188.0 11.018867924528301 
127.0 11.028571428571428 
126.0 11.033333333333333 
143.0 11.022222222222222 
172.0 11.019607843137255 
125.0 11.037037037037036 
156.0 11.02127659574468 
131.0 11.025641025641026 
164.0 11.02 
138.0 11.023809523809524 
159.0 11.020408163265307 
135.0 11.024390243902438 

123.0 14.055555555555555 
236.0 14.018867924528301 
171.0 14.020408163265307 
227.0 14.01923076923077 
127.0 14.05 
128.0 14.041666666666666 
150.0 14.023255813953488 
141.0 14.027777777777779 
129.0 14.04 
132.0 14.033333333333333 
133.0 14.03125 
159.0 14.022727272727273 
162.0 14.02127659574468 

