0.07100591715976332 0.5732930475953152 
0.727810650887574 0.14088303921346518 
0.23668639053254437 0.5680576587628668 
0.26627218934911245 0.14398205831049068 
0.6390532544378699 0.14103203051620697 
0.5266272189349113 0.1410855894812447 
0.21893491124260356 0.5687198423306075 
0.1301775147928994 0.5688543483678046 
0.3609467455621302 0.1416037413290526 
0.4437869822485207 0.14138831406624122 
0.3076923076923077 0.14224603372373124 
0.3431952662721893 0.1420383752803389 
0.4970414201183432 0.14114129080488397 
0.47337278106508873 0.14132261639034827 
0.09467455621301775 0.5723066699892017 
0.1242603550295858 0.569488448257449 
0.10650887573964497 0.5705912306742217 
0.2781065088757396 0.14303513580862187 
0.28994082840236685 0.1428824063728367 
0.2958579881656805 0.1426047164895907 
0.34911242603550297 0.14176487391587078 
0.48520710059171596 0.14125965611761773 
0.10059171597633136 0.5708719389257639 

0.07100591715976332 0.5727708476861962 
0.7396449704142012 0.566998165054482 
0.39644970414201186 0.567314391492954 
0.6331360946745562 0.5672007153222615 
0.09467455621301775 0.5723066699892017 
0.10059171597633136 0.5705912306742217 
0.21893491124260356 0.5687198423306075 
0.1301775147928994 0.5689975322138534 
0.10650887573964497 0.5703339147769747 
0.1242603550295858 0.569313524149961 
0.23668639053254437 0.5681535011213557 
0.3431952662721893 0.5675034399072579 
0.28994082840236685 0.5677975152183973 
0.6863905325443787 0.567095618485206 
0.27218934911242604 0.5679666085223025 

0.023668639053254437 0.14717792175429845 
0.5029585798816568 0.14125965611761773 
0.2958579881656805 0.14132261639034827 
0.0650887573964497 0.1428824063728367 
0.11834319526627218 0.14194253292185005 
0.05325443786982249 0.14447610483320494 
0.1893491124260355 0.1416037413290526 
0.029585798816568046 0.14577622726140033 
0.07692307692307693 0.14273922252678786 
0.047337278106508875 0.14506425545548385 

0.07100591715976332 0.5738848741589833 
0.5562130177514792 0.5672564166459008 
0.09467455621301775 0.5732930475953152 
0.10059171597633136 0.5711793812965006 
0.20118343195266272 0.5681535011213557 
0.5029585798816568 0.567437742231365 
0.39644970414201186 0.5675034399072579 
0.25443786982248523 0.5677975152183973 
0.1301775147928994 0.569313524149961 
0.3431952662721893 0.5677188671700694 
0.10650887573964497 0.5708719389257639 
0.1242603550295858 0.5696763297062324 
0.35502958579881655 0.5676437940330291 

0.05325443786982249 0.1454024420632943 
0.5088757396449705 0.14103203051620697 
0.24260355029585798 0.14114129080488397 
0.08284023668639054 0.14376353773313644 
0.09467455621301775 0.1423587625930012 
0.0650887573964497 0.14475681308474714 
0.14792899408284024 0.14138831406624122 
0.10059171597633136 0.1420383752803389 
0.14201183431952663 0.14168238937738056 
0.1952662721893491 0.14125965611761773 

0.07100591715976332 0.5723066699892017 
0.7041420118343196 0.5669520486988714 
0.08284023668639054 0.5703339147769747 
0.3431952662721893 0.5676437940330291 
0.650887573964497 0.5672564166459008 
0.25443786982248523 0.5679666085223025 
0.10059171597633136 0.5700971841515075 
0.1301775147928994 0.5691502616496387 
0.4556213017751479 0.567437742231365 
0.5443786982248521 0.567314391492954 
0.14792899408284024 0.5687198423306075 
0.20118343195266272 0.568361159564748 

0.7041420118343196 0.14074946080411074 
0.0 0.14619154414818494 
0.011834319526627219 0.14577622726140033 
0.029585798816568046 0.14421878893595796 
0.5384615384615384 0.14079242461998503 
0.2603550295857988 0.1410855894812447 
0.04142011834319527 0.14319839830894424 
0.3609467455621302 0.14103203051620697 
0.4556213017751479 0.14083692285785468 
0.22485207100591717 0.14138831406624122 
0.16568047337278108 0.14145693163884035 
0.11242603550295859 0.14224603372373124 
0.07692307692307693 0.14273922252678786 
0.08284023668639054 0.1423587625930012 
0.047337278106508875 0.1428824063728367 
0.40828402366863903 0.14098049264418921 
0.11834319526627218 0.14185148268128578 
0.1301775147928994 0.14168238937738056 

0.07100591715976332 0.5732930475953152 
0.9763313609467456 0.5668645866451275 
0.09467455621301775 0.5723066699892017 
0.10059171597633136 0.5708719389257639 
0.41420118343195267 0.567437742231365 
0.5857988165680473 0.5673747819586344 
0.10650887573964497 0.5705912306742217 
0.1242603550295858 0.569313524149961 
0.2958579881656805 0.5676437940330291 
0.17751479289940827 0.5682545241478706 
0.6863905325443787 0.5671471563572237 
0.8698224852071006 0.5669075504610018 
0.7928994082840237 0.5670459894232633 
0.22485207100591717 0.5679666085223025 
0.1301775147928994 0.5689975322138534 
0.6331360946745562 0.5672564166459008 
0.834319526627219 0.566998165054482 

0.07100591715976332 0.14398205831049068 
0.6035502958579881 0.14088303921346518 
0.4556213017751479 0.14098049264418921 
0.09467455621301775 0.1423587625930012 
0.08875739644970414 0.14303513580862187 
0.1893491124260355 0.14145693163884035 
0.3609467455621302 0.1410855894812447 
0.08284023668639054 0.14356120386521565 
0.26627218934911245 0.14132261639034827 
0.11834319526627218 0.14194253292185005 
0.3136094674556213 0.14114129080488397 
0.15976331360946747 0.14168238937738056 
0.28402366863905326 0.14119926565193733 
0.14201183431952663 0.14176487391587078 

0.07100591715976332 0.5723066699892017 
0.7396449704142012 0.567095618485206 
0.35502958579881655 0.567314391492954 
0.6863905325443787 0.5671471563572237 
0.09467455621301775 0.5715175679043111 
0.10059171597633136 0.5703339147769747 
0.23076923076923078 0.5677188671700694 
0.17751479289940827 0.568361159564748 
0.10650887573964497 0.5700971841515075 
0.1242603550295858 0.5691502616496387 
0.1301775147928994 0.5688543483678046 
0.28402366863905326 0.5676437940330291 
0.30177514792899407 0.567437742231365 

