142.0 6.142857142857143 
161.0 4.125 
158.0 5.166666666666667 
150.0 6.111111111111111 
146.0 6.125 

152.0 4.125 
156.0 4.111111111111111 

154.0 4.125 
168.0 4.083333333333333 
162.0 4.111111111111111 
164.0 4.090909090909091 

140.0 6.125 
148.0 6.111111111111111 

164.0 4.1 
142.0 6.125 
146.0 6.111111111111111 
152.0 4.142857142857143 
156.0 4.111111111111111 

158.0 4.1 
152.0 4.125 

158.0 4.111111111111111 
140.0 6.125 
144.0 6.111111111111111 
154.0 4.142857142857143 
156.0 4.125 

142.0 6.142857142857143 
158.0 4.111111111111111 
144.0 6.125 
152.0 4.142857142857143 
154.0 4.125 

152.0 4.125 
156.0 4.111111111111111 

154.0 4.111111111111111 
140.0 6.125 
144.0 6.111111111111111 
152.0 4.125 

