1442.0 475.03125 
4143.0 91.00292397660819 
1448.0 109.0204081632653 
1445.0 465.02941176470586 
3090.0 95.003861003861 
2883.0 95.00392156862745 
3976.0 95.00298507462686 
3804.0 95.0030487804878 
2610.0 95.00442477876106 
2742.0 95.00438596491227 
3610.0 95.0031847133758 
3738.0 95.0031746031746 
1772.0 95.00826446280992 
1872.0 95.0079365079365 
3258.0 95.00361010830325 
3358.0 95.00354609929079 
3162.0 95.00371747211896 
2392.0 95.00492610837438 
2488.0 95.00490196078431 
3557.0 95.003300330033 
3462.0 95.00335570469798 
4019.0 91.00333333333333 
1688.0 95.00884955752213 
2778.0 95.00425531914894 
2856.0 95.00414937759336 
4087.0 91.00325732899023 
2548.0 95.00471698113208 
1444.0 473.02941176470586 
2122.0 95.0059880239521 
2604.0 95.00467289719626 
2067.0 95.00602409638554 
1933.0 95.00746268656717 
1983.0 95.00740740740741 
1570.0 95.01219512195122 
1619.0 95.01204819277109 
2253.0 95.00518134715026 
2301.0 95.0051282051282 
1528.0 95.01492537313433 
1482.0 95.01538461538462 
2124.0 95.00595238095238 
2170.0 95.00591715976331 
2346.0 95.00510204081633 
1450.0 103.01960784313725 
3993.0 95.00294117647059 
2347.0 95.005 
2389.0 95.0049504950495 
1925.0 95.00757575757575 
2490.0 95.00487804878048 
1887.0 95.00769230769231 
3407.0 95.00340136054422 
3444.0 95.00338983050847 
2526.0 95.0048309178744 
2174.0 95.00574712643679 
1457.0 101.01666666666667 
2207.0 95.00571428571429 
3359.0 95.00348432055749 
1991.0 95.00735294117646 
2024.0 95.00729927007299 
3392.0 95.00344827586207 
3772.0 95.00305810397553 
1458.0 97.01754385964912 
4017.0 93.00307692307692 
2770.0 95.00432900432901 
4005.0 93.003300330033 
1540.0 95.0126582278481 
1566.0 95.0125 
4120.0 91.0030395136778 
4090.0 91.0032154340836 
3140.0 95.00374531835206 
1460.0 95.01694915254237 
2233.0 95.00534759358288 
4110.0 91.00313479623824 
3573.0 95.00326797385621 
3592.0 95.0032362459547 
3607.0 95.0032154340836 
3460.0 95.003367003367 
3755.0 95.0030959752322 
1452.0 101.01886792452831 
4136.0 91.00301204819277 
1451.0 103.01923076923077 
2219.0 95.00549450549451 
2540.0 95.00478468899522 
2870.0 95.00396825396825 
3104.0 95.00381679389314 
3117.0 95.00380228136882 
3127.0 95.00377358490566 
3771.0 95.00307692307692 
3092.0 95.00384615384615 
3759.0 95.00308641975309 
1652.0 95.01052631578948 
1641.0 95.01086956521739 
3402.0 95.00343642611683 
1633.0 95.0111111111111 
2040.0 95.00709219858156 
2047.0 95.00641025641026 
1620.0 95.01190476190476 
2032.0 95.0072463768116 
1927.0 95.00751879699249 
1880.0 95.0077519379845 
2055.0 95.00632911392405 
1627.0 95.01176470588236 
2863.0 95.00413223140495 
2212.0 95.00561797752809 
1632.0 95.01149425287356 
1466.0 95.01639344262296 
1472.0 95.01587301587301 
1478.0 95.015625 
1676.0 95.0091743119266 
1682.0 95.009009009009 
2056.0 95.00628930817611 
2061.0 95.00621118012423 
1453.0 101.01724137931035 
1653.0 95.01010101010101 
1658.0 95.01 
1663.0 95.00970873786407 
1668.0 95.00952380952381 
1671.0 95.00934579439253 
1536.0 95.01369863013699 
1532.0 95.01408450704226 
1468.0 95.01612903225806 
2172.0 95.00588235294117 
