1426.0 465.030303030303 
4302.0 88.00347222222223 
1448.0 464.02 
1454.0 109.02083333333333 
3113.0 95.00340136054422 
3431.0 95.00335570469798 
3914.0 94.00294985250737 
4175.0 93.00319488817891 
3893.0 94.003003003003 
3760.0 94.0030303030303 
2404.0 95.00492610837438 
2546.0 95.00485436893204 
1981.0 95.00699300699301 
1840.0 95.00714285714285 
2004.0 95.00649350649351 
2133.0 95.00636942675159 
3717.0 95.00319488817891 
3591.0 95.00320512820512 
2981.0 95.00398406374502 
2866.0 95.004 
3469.0 95.00322580645161 
3579.0 95.0032154340836 
2685.0 95.00438596491227 
2762.0 95.00436681222708 
1620.0 95.0125 
1554.0 95.01315789473684 
2598.0 95.00471698113208 
2280.0 95.00534759358288 
2343.0 95.005291005291 
2649.0 95.00456621004567 
1462.0 97.01851851851852 
1748.0 95.00862068965517 
1790.0 95.00854700854701 
2790.0 95.00416666666666 
3029.0 95.00367647058823 
2831.0 95.00411522633745 
1745.0 95.009009009009 
1706.0 95.0091743119266 
1545.0 95.01470588235294 
1509.0 95.01515151515152 
1457.0 103.01960784313725 
1459.0 101.01886792452831 
2198.0 95.00574712643679 
1456.0 107.02 
3112.0 95.00348432055749 
1477.0 97.01818181818182 
3082.0 95.00350877192983 
2224.0 95.00571428571429 
3057.0 95.0036496350365 
1479.0 95.01754385964912 
2377.0 95.00510204081633 
4200.0 93.00314465408805 
3743.0 94.00307692307692 
4236.0 89.00404858299595 
4220.0 90.00416666666666 
2662.0 95.00446428571429 
2580.0 95.00478468899522 
2558.0 95.0048309178744 
4206.0 91.00432900432901 
2240.0 95.00564971751412 
2852.0 95.00401606425703 
2262.0 95.0054347826087 
4288.0 88.00358422939068 
4182.0 93.00316455696202 
1455.0 109.01960784313725 
2360.0 95.00515463917526 
1634.0 95.01219512195122 
1650.0 95.01204819277109 
4250.0 88.00384615384615 
2226.0 95.00568181818181 
2778.0 95.00431034482759 
2246.0 95.00561797752809 
3447.0 95.0032894736842 
3453.0 95.00327868852459 
2985.0 95.00390625 
3000.0 95.00389105058366 
1436.0 465.0238095238095 
1437.0 464.0263157894737 
1623.0 95.01234567901234 
1996.0 95.00653594771242 
3729.0 95.00307692307692 
4264.0 88.00378787878788 
3016.0 95.00371747211896 
4201.0 92.00319488817891 
4284.0 88.00359712230215 
3725.0 95.00313479623824 
4275.0 88.00377358490566 
2586.0 95.00473933649289 
4248.0 88.003861003861 
2144.0 95.00632911392405 
3069.0 95.00355871886121 
2181.0 95.00584795321637 
3080.0 95.00354609929079 
2192.0 95.00578034682081 
1684.0 95.00961538461539 
1489.0 95.01587301587301 
2350.0 95.00518134715026 
2780.0 95.00425531914894 
2651.0 95.00454545454545 
2154.0 95.00625 
1553.0 95.01388888888889 
1663.0 95.0111111111111 
1672.0 95.01052631578948 
1988.0 95.00675675675676 
1500.0 95.01538461538462 
4276.0 88.00371747211896 
1806.0 95.00826446280992 
3015.0 95.00375939849624 
2160.0 95.00621118012423 
1815.0 95.0077519379845 
2172.0 95.00591715976331 
2837.0 95.00409836065573 
2846.0 95.00403225806451 
1492.0 95.015625 
3065.0 95.00363636363636 
2659.0 95.00452488687783 
3007.0 95.00383141762453 
1444.0 464.0204081632653 
1827.0 95.00763358778626 
1834.0 95.00729927007299 
1656.0 95.01190476190476 
1799.0 95.00840336134453 
1820.0 95.00769230769231 
2163.0 95.00617283950618 
2170.0 95.00595238095238 
1430.0 465.02941176470586 
1678.0 95.01 
1694.0 95.00934579439253 
1688.0 95.00952380952381 
1990.0 95.00666666666666 
1700.0 95.00925925925925 
2349.0 95.00526315789473 
1793.0 95.00847457627118 
