0.2428526547282438 0.01772591326966297 
0.3264216148287779 0.017722344920443674 
0.20609487904492618 0.017726392776866818 
0.23751178133836004 0.017726310588605527 
0.08262645303173106 0.020264598345704453 
0.03864278982092366 0.02027897958910064 
0.3110273327049953 0.01772260864898948 
0.31950989632422244 0.017722431370879865 
0.18504555450832547 0.017729754392510646 
0.19132893496701225 0.017729629729925877 
0.3053722902921772 0.01772353956236565 
0.30003141690229346 0.017723981921203037 
0.19635563933396166 0.017727748883177664 
0.20106817467797675 0.017726906331919444 
0.2403393025447691 0.01772606953364932 
0.294062205466541 0.01772484294108295 
0.19321394910461828 0.017729506798765844 
0.19384228715048696 0.017728472730772816 
0.195727301288093 0.01772836529513718 
0.2965755576500157 0.017724777381193626 
0.18253220232485076 0.01773013914250261 
0.20358152686145145 0.017726731142574004 
0.24002513352183474 0.01772614898247384 
0.07854225573358467 0.02026592786169551 
0.0763430725730443 0.020266338803001854 
0.30851398052152057 0.017723330338591213 
0.30662896638391457 0.017723381934499384 
0.2981464027646874 0.017724039597175847 
0.07257304429783223 0.020267666459529973 
0.07414388941250392 0.020267207207271817 
0.0747722274583726 0.02026676496435653 
0.08011310084825636 0.020265338250256 
0.06471881872447377 0.020271768769026987 
0.3097706566132579 0.01772312852096807 
0.2048382029531888 0.017726560003849274 
0.29783223374175305 0.01772409782772533 
0.06566132579327678 0.020271143655198862 
0.08105560791705937 0.020265148490252488 
0.08168394596292805 0.020264778619059173 
0.058435438265786996 0.020273107248047206 
0.04429783223374175 0.020275369108163632 
0.05780710021991831 0.020274577922526175 
0.0430411561420044 0.02027663396414976 
0.022934338674206724 0.9569374605101781 
0.9264844486333648 0.0025323265390442104 
0.9057492931196984 0.005065183984775166 
0.900722588752749 0.00759688134855929 
0.9220860823122841 0.0025326100738164836 
0.9101476594407791 0.0025332731089762876 
0.9145460257618598 0.0025331255915842623 
0.9208294062205467 0.0025326427109125574 
0.9180018850141376 0.0025330894080730186 
0.9095193213949104 0.0025333107002808155 
0.918316054037072 0.0025329473642519253 
0.02858938108702482 0.9543810142121626 
0.8765315739868049 0.010125134051838677 
0.029846057178762174 0.05573456554013134 
0.837574615142947 0.010126170296816957 
0.8589381087024819 0.010125977899540872 
0.03047439522463085 0.04054414892922131 
0.03267357838517122 0.035473906745744486 
0.03298774740810556 0.025350533482844096 
0.8693056864593152 0.010125426522197275 
0.8598806157712849 0.010125871846839291 
0.03361608545397424 0.02028623114827072 
0.8661639962299718 0.010125667720322787 
0.03110273327049953 0.03547947900647682 
0.8743323908262646 0.010125356996111116 
0.03078856424756519 0.04054319440492006 
0.031416902293433864 0.035475361572438156 
0.0 0.972115757896716 
0.15237197612315426 0.017730540866758873 
0.12221174992145774 0.017731550886659064 
0.14765944077913917 0.017731399938630033 
0.04492617027961043 0.020274968570434676 
0.014765944077913918 0.9720935526471811 
0.007540056550424128 0.9721080118794364 
9.42507068803016E-4 0.972114049800598 
0.06880301602262016 0.020268895771130085 
0.11467169337103361 0.017733199898740983 
0.10933081998114987 0.017733380172095706 
0.010367577756833177 0.9720960198971296 
0.1495444549167452 0.017730818676070455 
0.10179076343072573 0.01773536651739306 
0.04147031102733271 0.02027707806914048 
0.043669494187873074 0.020275779916090742 
0.10304743952246309 0.017734940356038387 
0.1080741438894125 0.01773375004328902 
0.06628966383914546 0.020269972389289355 
0.10587496072887213 0.017734329399051982 
0.12032673578385171 0.01773170419325106 
0.10493245366006912 0.01773452941473204 
0.11844172164624568 0.01773201810674894 
0.1844172164624568 0.017730009060362456 
0.18473138548539114 0.017729880823359075 
0.06754633993088281 0.020269422981053442 
0.11718504555450833 0.017732178830459855 
0.00942507068803016 0.9720978228874764 
0.008482563619227144 0.9721053954469331 
0.11561420043983663 0.017732676810482226 
0.10273327049952875 0.017735151481847112 
0.11655670750863965 0.01773234214648872 
0.009110901665095822 0.9721030016895363 
0.14828777882500785 0.017731251295151053 
0.14891611687087652 0.01773096071391397 
0.06691800188501414 0.020269694823670175 
0.02419101476594408 0.9569240364275049 
0.027961043041156142 0.9543832125607921 
0.034872761545711596 0.02028415509705671 
0.03707194470625196 0.02028227068133938 
0.035186930568645934 0.02028287919058143 
0.02639019792648445 0.9543896244109618 
0.026704366949418787 0.9543843834203884 
0.04052780395852969 0.020278484401610997 
0.03832862079798932 0.020280013023861586 
0.03770028275212064 0.02028055253759709 
0.34967012252591895 0.012662888349212476 
0.025761859880615773 0.9543942606718537 
0.27269871190700595 0.017724976088487065 
0.26767200754005654 0.017725836425559794 
0.2695570216776626 0.017725112009795412 
0.024819352811812755 0.9543959687679717 
0.0235626767200754 0.9569291676405731 
