1437.0 465.02941176470586 
3449.0 95.00371747211896 
1446.0 464.0232558139535 
1451.0 109.01785714285714 
2337.0 95.00537634408602 
2713.0 95.00462962962963 
2857.0 95.00456621004567 
3190.0 95.00409836065573 
2027.0 95.00628930817611 
2139.0 95.00602409638554 
3301.0 95.0040650406504 
2504.0 95.00492610837438 
2614.0 95.00490196078431 
2232.0 95.00549450549451 
2442.0 95.00531914893617 
1910.0 95.00671140939598 
2009.0 95.00657894736842 
3078.0 95.00420168067227 
3160.0 95.00418410041841 
3402.0 95.00390625 
3323.0 95.004 
1657.0 97.009009009009 
1719.0 97.00892857142857 
3065.0 95.0042372881356 
3006.0 95.00434782608696 
1757.0 97.0077519379845 
1805.0 97.00751879699249 
2964.0 95.00444444444445 
2916.0 95.00446428571429 
2446.0 95.00510204081633 
3405.0 95.00378787878788 
2493.0 95.0050505050505 
1818.0 97.00719424460432 
1863.0 95.00769230769231 
2899.0 95.00454545454545 
2222.0 95.00561797752809 
2185.0 95.00568181818181 
1460.0 103.01587301587301 
2660.0 95.00478468899522 
2696.0 95.00471698113208 
1453.0 103.01694915254237 
1462.0 97.01694915254237 
1499.0 97.01333333333334 
1533.0 97.01315789473684 
2659.0 95.00485436893204 
2626.0 95.00487804878048 
2154.0 95.00581395348837 
2184.0 95.00574712643679 
2978.0 95.00436681222708 
3187.0 95.00416666666666 
1561.0 97.01234567901234 
1537.0 97.01282051282051 
1738.0 97.00847457627118 
1612.0 97.00970873786407 
1477.0 97.01538461538462 
1494.0 97.01515151515152 
1628.0 97.00925925925925 
1642.0 97.00909090909092 
2698.0 95.00467289719626 
2913.0 95.00448430493273 
1629.0 97.0091743119266 
1573.0 97.01190476190476 
1580.0 97.01162790697674 
1592.0 97.01149425287356 
2017.0 95.00649350649351 
2145.0 95.00595238095238 
1889.0 95.0072463768116 
1896.0 95.00689655172414 
1726.0 97.00884955752213 
1903.0 95.0068493150685 
1870.0 95.00763358778626 
1872.0 95.00751879699249 
1811.0 97.00740740740741 
1879.0 95.00746268656717 
1882.0 95.00740740740741 
1438.0 464.030303030303 
1440.0 464.0243902439024 
1475.0 97.01587301587301 
1469.0 97.01612903225806 
1732.0 97.00862068965517 
1605.0 97.01030927835052 
1575.0 97.01176470588236 
1610.0 97.00980392156863 
1456.0 103.01666666666667 
1498.0 97.01449275362319 
1495.0 97.01470588235294 
1595.0 97.01136363636364 
1465.0 97.01666666666667 
1468.0 97.01639344262296 
2445.0 95.005291005291 
1602.0 97.01052631578948 
1597.0 97.01098901098901 
1599.0 97.01075268817205 
1600.0 97.01063829787235 
1439.0 464.0285714285714 
