1428.0 466.03846153846155 
4008.0 94.0027397260274 
1448.0 465.02702702702703 
1454.0 110.0204081632653 
3592.0 94.00282485875707 
3886.0 94.00277777777778 
3156.0 94.0032362459547 
3333.0 94.00322580645161 
3022.0 95.00342465753425 
2885.0 95.00343642611683 
2410.0 95.00460829493088 
1843.0 95.00675675675676 
1972.0 95.00666666666666 
2538.0 95.00450450450451 
3437.0 94.00299401197604 
3560.0 94.00294985250737 
3902.0 94.00274725274726 
2409.0 95.00478468899522 
2314.0 95.0048076923077 
2719.0 95.00411522633745 
2625.0 95.00418410041841 
1758.0 95.00943396226415 
1679.0 95.00961538461539 
1580.0 95.01086956521739 
1655.0 95.01052631578948 
2246.0 95.0049751243781 
2308.0 95.00485436893204 
2028.0 95.00649350649351 
1978.0 95.00653594771242 
2124.0 95.00578034682081 
2078.0 95.00588235294117 
2739.0 95.00392156862745 
2785.0 95.00371747211896 
1456.0 104.01923076923077 
1460.0 104.01818181818182 
1463.0 98.01851851851852 
2548.0 95.00444444444445 
2587.0 95.00438596491227 
3369.0 94.0032154340836 
1539.0 95.01176470588236 
1572.0 95.01149425287356 
2134.0 95.00561797752809 
2166.0 95.00534759358288 
3385.0 94.0031545741325 
3415.0 94.003125 
3590.0 94.0028818443804 
3562.0 94.00291545189505 
2043.0 95.00602409638554 
2068.0 95.0059880239521 
2837.0 95.00352112676056 
2812.0 95.00353356890459 
2237.0 95.00510204081633 
2213.0 95.00515463917526 
2861.0 95.00347222222223 
1494.0 95.0126582278481 
1517.0 95.0125 
2172.0 95.005291005291 
2195.0 95.00526315789473 
1480.0 97.01408450704226 
3102.0 94.00338983050847 
3123.0 94.00337837837837 
2608.0 95.00425531914894 
1537.0 95.01234567901234 
2589.0 95.00432900432901 
1815.0 95.00694444444444 
1482.0 95.01587301587301 
3053.0 95.0032362459547 
1829.0 95.00689655172414 
3142.0 94.00324675324676 
1776.0 95.00909090909092 
3129.0 94.00326797385621 
3035.0 95.00337837837837 
1763.0 95.00925925925925 
1429.0 465.037037037037 
1446.0 465.03225806451616 
1434.0 465.0344827586207 
1777.0 95.00862068965517 
2727.0 95.00396825396825 
2801.0 95.00367647058823 
2849.0 95.0034965034965 
1788.0 95.00840336134453 
2614.0 95.00420168067227 
1472.0 98.01666666666667 
3060.0 94.00393700787401 
3074.0 94.00383141762453 
3077.0 94.0037037037037 
3045.0 95.0032894736842 
2791.0 95.00369003690037 
3087.0 94.00369003690037 
3064.0 94.00392156862745 
2037.0 95.00632911392405 
1669.0 95.01010101010101 
2204.0 95.00523560209425 
3435.0 94.00306748466258 
3426.0 94.00308641975309 
1661.0 95.01020408163265 
2803.0 95.00366300366301 
1484.0 95.01470588235294 
1490.0 95.01315789473684 
1468.0 98.01724137931035 
1807.0 95.00751879699249 
1813.0 95.00714285714285 
1803.0 95.00769230769231 
3096.0 94.00352112676056 
1797.0 95.0077519379845 
2610.0 95.0042372881356 
2809.0 95.00354609929079 
3420.0 94.00311526479751 
1792.0 95.0078125 
1670.0 95.01 
1759.0 95.00934579439253 
1656.0 95.01041666666667 
1674.0 95.00990099009901 
3091.0 94.00366300366301 
1488.0 95.01388888888889 
1576.0 95.0111111111111 
1809.0 95.00719424460432 
1466.0 98.01754385964912 
