1426.0 465.03125 
2466.0 92.0054347826087 
1435.0 464.02564102564105 
1453.0 109.02127659574468 
2221.0 94.00515463917526 
2409.0 94.00487804878048 
2077.0 95.00613496932516 
1963.0 95.00621118012423 
1776.0 95.00709219858156 
1876.0 95.00704225352112 
1493.0 95.01449275362319 
1559.0 95.01408450704226 
1718.0 95.00787401574803 
1766.0 95.0078125 
2420.0 94.0048309178744 
2136.0 94.00641025641026 
2092.0 95.0059880239521 
1581.0 95.01176470588236 
1619.0 95.01162790697674 
1892.0 95.00671140939598 
1923.0 95.00662251655629 
1947.0 95.00657894736842 
2205.0 94.00549450549451 
2182.0 94.00558659217877 
1455.0 103.02 
1460.0 103.01818181818182 
1462.0 97.01923076923077 
2156.0 94.00581395348837 
2175.0 94.00578034682081 
1673.0 95.00990099009901 
1659.0 95.01 
1571.0 95.01369863013699 
2211.0 94.00520833333333 
1708.0 95.00813008130082 
1630.0 95.01123595505618 
1640.0 95.01086956521739 
2086.0 95.00602409638554 
1477.0 96.01754385964912 
1674.0 95.00943396226415 
1682.0 95.00934579439253 
1884.0 95.0068493150685 
1652.0 95.01063829787235 
1645.0 95.01075268817205 
1891.0 95.00680272108843 
2147.0 94.00588235294117 
2154.0 94.00584795321637 
1467.0 96.01851851851852 
1471.0 96.01785714285714 
1702.0 95.00833333333334 
2141.0 94.00591715976331 
1624.0 95.01136363636364 
1653.0 95.01041666666667 
1688.0 95.009009009009 
1694.0 95.00892857142857 
1432.0 464.0263157894737 
1478.0 95.01724137931035 
1699.0 95.00884955752213 
1683.0 95.0091743119266 
1428.0 465.02702702702703 
1575.0 95.01351351351352 
1579.0 95.0125 
1773.0 95.00740740740741 
1951.0 95.00649350649351 
1955.0 95.00628930817611 
1769.0 95.00763358778626 
2179.0 94.00574712643679 
1959.0 95.00625 
1490.0 95.01492537313433 
1481.0 95.01666666666667 
1487.0 95.015625 
1483.0 95.01612903225806 
1485.0 95.01587301587301 
