1430.0 465.025 
3214.0 95.0032362459547 
1442.0 464.02127659574467 
1450.0 109.01886792452831 
2924.0 95.00342465753425 
3183.0 95.00337837837837 
2792.0 95.0037037037037 
2632.0 95.00380228136882 
2370.0 95.00429184549357 
2529.0 95.0042194092827 
1657.0 95.00970873786407 
1743.0 95.00952380952381 
2230.0 95.00523560209425 
2148.0 95.00526315789473 
1552.0 95.01219512195122 
1623.0 95.01204819277109 
1835.0 95.00892857142857 
1772.0 95.009009009009 
2262.0 95.0048309178744 
2324.0 95.0047619047619 
1545.0 95.01315789473684 
1486.0 95.01369863013699 
2004.0 95.00657894736842 
1947.0 95.00694444444444 
1853.0 95.0079365079365 
1904.0 95.0078125 
1453.0 109.01818181818182 
1456.0 103.01694915254237 
2054.0 95.00571428571429 
2085.0 95.00568181818181 
2567.0 95.00413223140495 
2537.0 95.00414937759336 
2259.0 95.00518134715026 
2880.0 95.00353356890459 
2904.0 95.00352112676056 
1459.0 101.01639344262296 
2588.0 95.00395256916995 
1462.0 97.01666666666667 
1752.0 95.00925925925925 
2106.0 95.0054347826087 
2126.0 95.00531914893617 
2803.0 95.00363636363636 
2822.0 95.00361010830325 
2849.0 95.00357142857143 
2868.0 95.00354609929079 
2833.0 95.00358422939068 
1914.0 95.00729927007299 
1929.0 95.00719424460432 
2595.0 95.00390625 
2610.0 95.00389105058366 
3196.0 95.00333333333333 
2135.0 95.005291005291 
2334.0 95.00471698113208 
2347.0 95.00452488687783 
2912.0 95.00350877192983 
2621.0 95.00381679389314 
3207.0 95.00324675324676 
1463.0 97.01612903225806 
1464.0 95.01612903225806 
1935.0 95.00704225352112 
2360.0 95.00440528634361 
2350.0 95.00442477876106 
2620.0 95.00387596899225 
1945.0 95.00699300699301 
2036.0 95.00588235294117 
2013.0 95.00649350649351 
2045.0 95.00584795321637 
2325.0 95.00473933649289 
1648.0 95.01052631578948 
1641.0 95.01063829787235 
1432.0 465.02222222222224 
1471.0 95.01538461538462 
1465.0 95.015625 
1910.0 95.00769230769231 
2019.0 95.00636942675159 
2025.0 95.00632911392405 
2091.0 95.00564971751412 
2030.0 95.0060975609756 
1437.0 464.0238095238095 
1631.0 95.01162790697674 
1626.0 95.01190476190476 
1748.0 95.00934579439253 
2049.0 95.00578034682081 
2101.0 95.00546448087432 
1438.0 464.0217391304348 
1548.0 95.0126582278481 
1652.0 95.01010101010101 
1479.0 95.01428571428572 
1482.0 95.01388888888889 
1638.0 95.01098901098901 
1656.0 95.01 
1634.0 95.01136363636364 
1475.0 95.01449275362319 
2095.0 95.00558659217877 
2097.0 95.00549450549451 
1473.0 95.01470588235294 
2349.0 95.00450450450451 
2027.0 95.00621118012423 
2028.0 95.00613496932516 
