1434.0 472.04 
3800.0 95.0028818443804 
1451.0 469.0238095238095 
1454.0 116.02380952380952 
2731.0 95.00418410041841 
2858.0 95.00396825396825 
3386.0 95.00334448160535 
3511.0 95.003300330033 
2904.0 95.00387596899225 
3027.0 95.00381679389314 
2072.0 95.00558659217877 
2174.0 95.00555555555556 
3731.0 95.0030395136778 
1914.0 95.00699300699301 
2008.0 95.00694444444444 
3041.0 95.00380228136882 
3132.0 95.00378787878788 
2185.0 95.00549450549451 
2275.0 95.0054347826087 
3584.0 95.00313479623824 
3658.0 95.003125 
2388.0 95.00502512562814 
2460.0 95.0049751243781 
3363.0 95.00342465753425 
3292.0 95.00346020761246 
2491.0 95.0047619047619 
2552.0 95.00471698113208 
3184.0 95.00377358490566 
2335.0 95.00526315789473 
3784.0 95.00297619047619 
1585.0 95.01149425287356 
1636.0 95.0111111111111 
3683.0 95.00306748466258 
2690.0 95.0042194092827 
1462.0 103.01754385964912 
1644.0 95.01020408163265 
1687.0 95.01010101010101 
1468.0 97.01724137931035 
1865.0 95.00763358778626 
1905.0 95.00751879699249 
1460.0 109.01724137931035 
2640.0 95.00446428571429 
2602.0 95.00450450450451 
3256.0 95.00347222222223 
1804.0 95.0078125 
2310.0 95.00537634408602 
1839.0 95.00769230769231 
1458.0 109.01818181818182 
1457.0 114.02325581395348 
2584.0 95.00469483568075 
3558.0 95.0032154340836 
3528.0 95.00325732899023 
1739.0 95.00869565217391 
1768.0 95.00862068965517 
1502.0 95.015625 
1529.0 95.01538461538462 
3242.0 95.00353356890459 
3215.0 95.0036496350365 
3559.0 95.0031545741325 
1436.0 469.030303030303 
2896.0 95.00392156862745 
2872.0 95.00393700787401 
1563.0 95.01315789473684 
1789.0 95.00854700854701 
2027.0 95.00666666666666 
1735.0 95.00961538461539 
1717.0 95.00980392156863 
1701.0 95.01 
2057.0 95.00617283950618 
3201.0 95.00367647058823 
3186.0 95.00375939849624 
1483.0 95.02 
2589.0 95.00454545454545 
3672.0 95.00311526479751 
3372.0 95.00337837837837 
3525.0 95.00326797385621 
1480.0 97.015625 
1542.0 95.01388888888889 
1555.0 95.01369863013699 
2477.0 95.00490196078431 
2653.0 95.00440528634361 
3787.0 95.00294117647059 
2490.0 95.00478468899522 
2657.0 95.00436681222708 
2669.0 95.00434782608696 
2050.0 95.00645161290322 
2040.0 95.00653594771242 
2679.0 95.00432900432901 
2470.0 95.0049504950495 
1798.0 95.00847457627118 
1913.0 95.00746268656717 
1531.0 95.01515151515152 
2687.0 95.0042735042735 
2033.0 95.00662251655629 
1442.0 469.02777777777777 
1537.0 95.01492537313433 
1496.0 95.01587301587301 
2056.0 95.00625 
1476.0 97.01666666666667 
1471.0 97.01694915254237 
2588.0 95.00467289719626 
1488.0 95.01754385964912 
1446.0 469.0263157894737 
1492.0 95.01639344262296 
1479.0 97.01587301587301 
1559.0 95.01351351351352 
1448.0 469.025 
1485.0 95.01923076923077 
