1353.0 471.0263157894737 
3498.0 94.00363636363636 
1452.0 110.01886792452831 
1445.0 470.0192307692308 
3190.0 94.00366300366301 
2920.0 94.00392156862745 
3130.0 94.00387596899225 
2391.0 94.00485436893204 
2594.0 94.00467289719626 
2683.0 94.00440528634361 
2799.0 94.00429184549357 
2252.0 94.00549450549451 
2367.0 94.00518134715026 
1838.0 94.00735294117646 
1934.0 94.00719424460432 
1947.0 94.00704225352112 
2041.0 94.00680272108843 
2917.0 94.00403225806451 
2835.0 94.0040650406504 
1742.0 94.0077519379845 
1823.0 94.00769230769231 
2163.0 94.0060975609756 
2236.0 94.0059880239521 
1600.0 95.00943396226415 
1663.0 95.00934579439253 
1496.0 95.0125 
1552.0 95.01219512195122 
1465.0 103.015625 
2632.0 94.00462962962963 
1455.0 104.01851851851852 
1467.0 97.01612903225806 
1400.0 471.0175438596491 
1433.0 470.0263157894737 
2112.0 94.00632911392405 
2144.0 94.00625 
2662.0 94.00454545454545 
3146.0 94.00378787878788 
2086.0 94.00653594771242 
2063.0 94.00671140939598 
3169.0 94.00367647058823 
1377.0 471.0232558139535 
1356.0 471.02564102564105 
1590.0 95.01 
1572.0 95.01010101010101 
1718.0 94.00840336134453 
1701.0 94.00847457627118 
2159.0 94.00621118012423 
2668.0 94.00452488687783 
2814.0 94.0042372881356 
1386.0 471.01851851851853 
2055.0 94.00675675675676 
1481.0 97.01388888888889 
2389.0 94.005 
2376.0 94.00507614213198 
1458.0 103.01666666666667 
1482.0 95.01428571428572 
2242.0 94.00581395348837 
1829.0 94.00746268656717 
2103.0 94.00636942675159 
2820.0 94.0042194092827 
2829.0 94.00408163265305 
1677.0 94.00925925925925 
2095.0 94.00641025641026 
1485.0 95.01333333333334 
1492.0 95.01282051282051 
1557.0 95.01176470588236 
1681.0 94.00909090909092 
1697.0 94.00862068965517 
1564.0 95.01052631578948 
1690.0 94.00884955752213 
2093.0 94.00645161290322 
1675.0 95.00892857142857 
1669.0 95.00925925925925 
1736.0 94.0078125 
1687.0 94.00892857142857 
1730.0 94.0079365079365 
1940.0 94.00714285714285 
1941.0 94.00709219858156 
1674.0 95.00909090909092 
1568.0 95.01030927835052 
2240.0 94.00591715976331 
1596.0 95.00961538461539 
1726.0 94.008 
1439.0 470.025 
1441.0 470.02127659574467 
1383.0 471.0192307692308 
1444.0 470.0208333333333 
1470.0 97.01515151515152 
1380.0 471.02222222222224 
1436.0 470.02564102564105 
1473.0 97.01470588235294 
1476.0 97.01428571428572 
1593.0 95.00970873786407 
1721.0 94.00819672131148 
1479.0 97.01408450704226 
1554.0 95.01204819277109 
1680.0 94.0091743119266 
1724.0 94.00806451612904 
1382.0 471.02127659574467 
1483.0 95.01388888888889 
1825.0 94.00763358778626 
1827.0 94.00751879699249 
1566.0 95.01041666666667 
