1461.0 109.0204081632653 
3926.0 94.00327868852459 
1464.0 103.01923076923077 
1469.0 101.01754385964912 
1471.0 97.01754385964912 
2959.0 94.00383141762453 
3341.0 94.00381679389314 
1473.0 95.01694915254237 
1467.0 101.01851851851852 
3908.0 94.00335570469798 
3586.0 94.00343642611683 
1772.0 95.00826446280992 
1796.0 94.01052631578948 
3385.0 94.0037037037037 
3524.0 94.00367647058823 
2525.0 94.00469483568075 
2659.0 94.00467289719626 
2820.0 94.00408163265305 
2942.0 94.00398406374502 
2069.0 94.00694444444444 
1976.0 94.0072463768116 
2510.0 94.00485436893204 
2432.0 94.00490196078431 
2209.0 94.00625 
2136.0 94.00632911392405 
1829.0 94.00877192982456 
1891.0 94.00862068965517 
2770.0 94.00429184549357 
2711.0 94.00431034482759 
1722.0 95.00833333333334 
1653.0 95.00934579439253 
1702.0 95.0091743119266 
1532.0 95.01333333333334 
1578.0 95.01282051282051 
2378.0 94.005 
2423.0 94.00492610837438 
2232.0 94.00584795321637 
2273.0 94.00568181818181 
1526.0 95.01449275362319 
1489.0 95.01470588235294 
1622.0 95.01098901098901 
1588.0 95.01190476190476 
2286.0 94.00558659217877 
2319.0 94.00555555555556 
3555.0 94.0034965034965 
3342.0 94.00377358490566 
2100.0 94.00649350649351 
2128.0 94.00636942675159 
3370.0 94.00371747211896 
1930.0 94.00826446280992 
1955.0 94.0078125 
2358.0 94.00534759358288 
2335.0 94.00549450549451 
2774.0 94.0042372881356 
2796.0 94.0042194092827 
1910.0 94.00847457627118 
2681.0 94.00462962962963 
2665.0 94.0046511627907 
1895.0 94.00854700854701 
3536.0 94.00359712230215 
3551.0 94.00358422939068 
1815.0 94.00884955752213 
2696.0 94.00450450450451 
2710.0 94.00432900432901 
2808.0 94.00416666666666 
2081.0 94.00662251655629 
2226.0 94.00613496932516 
2216.0 94.00617283950618 
3534.0 94.00366300366301 
2325.0 94.00552486187846 
1631.0 95.01063829787235 
1967.0 94.00746268656717 
1958.0 94.00763358778626 
2953.0 94.00389105058366 
2090.0 94.00657894736842 
2944.0 94.00396825396825 
1484.0 95.01639344262296 
1476.0 95.01666666666667 
1639.0 95.01041666666667 
2689.0 94.00452488687783 
1709.0 95.009009009009 
1716.0 95.00862068965517 
2371.0 94.00507614213198 
2364.0 94.005291005291 
1802.0 94.00970873786407 
1647.0 95.00980392156863 
1808.0 94.00925925925925 
1809.0 94.009009009009 
1641.0 95.01020408163265 
2094.0 94.00653594771242 
1528.0 95.01369863013699 
1580.0 95.0125 
1584.0 95.01234567901234 
1486.0 95.01515151515152 
1585.0 95.01219512195122 
3553.0 94.00352112676056 
3552.0 94.00354609929079 
