MSI    MAC     Extensibility       Elegance
1626.0  100.51419538210968  3.0  0.7214749697554648
1876.0  102.90470002165908  3.0  0.7201632045922917
1509.0  100.6621560035057  3.0  0.7229534910331874
1609.0  101.07950732153752  3.0  0.7214749697554648
1114.0  98.92436974789916  3.0  0.754095908568295
982.0  102.29979879275653  3.0  0.7666057553019592
1828.0  102.74978153946022  3.0  0.7201632045922917
1855.0  102.83356114229925  3.0  0.7201632045922917
1446.0  102.10605215451122  3.0  0.7254514787276972
1462.0  103.92464006581655  3.0  0.7218768513216266
1812.0  103.17010439734261  3.0  0.7207706080944618
1792.0  102.1340722495895  3.0  0.7141139150028013
1478.0  102.20978982300885  3.0  0.7218768513216266
1493.0  101.32944657152802  3.0  0.7218768513216266
1617.0  101.09225325884545  3.0  0.7230395051315996
1784.0  102.57742908484148  3.0  0.7229580206625318
1466.0  103.92459150326798  3.0  0.7225497964737575
1470.0  102.94592988710636  3.0  0.7218768513216266
1474.0  102.94588744588745  3.0  0.7225497964737575
1792.0  102.26978202448493  3.0  0.7220572268871676
1436.0  102.75163868904876  3.0  0.7264233954635275
1501.0  101.00584795321637  3.0  0.7218768513216266
1617.0  100.82322804042117  3.0  0.7214749697554648
1103.0  99.51397907647907  3.0  0.7518318484251695
1096.0  102.1568181818182  3.0  0.7518318484251695
1818.0  103.27661334804192  3.0  0.720838349328928
1814.0  103.27663373041524  3.0  0.7201632045922917
1788.0  102.1340950338228  3.0  0.7134093186123287
1086.0  101.03860089186176  3.0  0.7522308566530449
1091.0  100.49044662049201  3.0  0.7508963937525118
1091.0  102.68874643874643  3.0  0.7518318484251695
1108.0  99.19218189070602  3.0  0.7518318484251695
1065.0  102.7349201655825  3.0  0.7587982759162506
1824.0  102.85105054563223  3.0  0.7201632045922917
1503.0  101.00578034682081  3.0  0.7238119162503194
1787.0  102.17872073578596  3.0  0.7134093186123287
1068.0  102.6993006993007  3.0  0.7587982759162506
1109.0  99.19210692818729  3.0  0.754095908568295
1113.0  98.92444096282581  3.0  0.7518318484251695
1041.0  102.40306905370845  3.0  0.7610700942039975
996.0  100.23084004602993  3.0  0.7627177921890037
1037.0  102.88331342094783  3.0  0.7619831591493383
992.0  101.9493281075028  3.0  0.7627177921890037
971.0  474.48268398268397  3.0  0.7147918650011282
3774.0  100.93161593479708  3.0  0.716739776678375
3706.0  103.32094999144665  3.0  0.7174263076564311
3690.0  104.29140070921986  3.0  0.7234685200967516
3758.0  101.24562244595118  3.0  0.7174263076564311
3720.0  102.27994042994044  3.0  0.7174263076564311
3736.0  101.96264863828155  3.0  0.716739776678375
3756.0  101.24563533886266  3.0  0.716739776678375
3743.0  102.03531932623058  3.0  0.716739776678375
3720.0  102.27995527995529  3.0  0.716739776678375
3748.0  102.26333285673435  3.0  0.716739776678375
989.0  471.7623436471363  3.0  0.7164960570203502
3575.0  98.98369320737741  3.0  0.7255536584542416
958.0  119.39183673469387  3.0  0.7634405906998545
3454.0  98.86583333333333  3.0  0.7255536584542416
3522.0  98.59682458045222  3.0  0.7255536584542416
958.0  113.16666666666666  3.0  0.754217854468787
965.0  109.18333333333334  3.0  0.7493441736506907
961.0  106.19401444788441  3.0  0.7661368972109754
3553.0  99.21750979791554  3.0  0.7255536584542416
3525.0  98.59333171315338  3.0  0.7255536584542416
965.0  104.01694915254237  3.0  0.7605418116267996
3545.0  98.23064802375147  3.0  0.7275381842714697
962.0  111.16592674805771  3.0  0.7499568833711174
3569.0  99.01286426494154  3.0  0.7255536584542416
959.0  113.33351648351649  3.0  0.7525466387601615
961.0  110.35057471264368  3.0  0.7876173989577048
904.0  478.6399521531101  3.0  0.7108361807054241
1338.0  98.20879179009732  3.0  0.7292012799218106
1243.0  98.11566560704924  3.0  0.7261937358940339
1327.0  98.24472934472935  3.0  0.7255364643998692
1000.0  100.5034090909091  3.0  0.7632260625571692
948.0  477.48233259204346  3.0  0.7123805639865225
925.0  478.81492248062017  3.0  0.7098407891929597
905.0  478.6165501165501  3.0  0.714805866469219
1079.0  103.53883664228492  3.0  0.7470241500313161
1222.0  99.09411764705882  3.0  0.7255364643998692
1208.0  98.41497864131183  3.0  0.7251476573653078
934.0  478.0725725725726  3.0  0.7143587842699468
1332.0  98.18012455707076  3.0  0.7255364643998692
1182.0  99.94901829540383  3.0  0.7227739945343927
989.0  103.67333333333333  3.0  0.7632260625571692
996.0  101.26813966175668  3.0  0.7632260625571692
1185.0  100.00909090909092  3.0  0.7244769274613216
1204.0  98.35288298473714  3.0  0.7251476573653078
1071.0  104.12894736842105  3.0  0.7470241500313161
1196.0  99.02826703325027  3.0  0.7234602902282374
1239.0  98.11572616906474  3.0  0.7255364643998692
1194.0  99.00892857142857  3.0  0.7234602902282374
1233.0  98.3829365079365  3.0  0.7255364643998692
1440.0  98.66098901098901  3.0  0.7262177879647695
1441.0  98.66863066012002  3.0  0.7262177879647695
1075.0  104.20261697065821  3.0  0.7470241500313161
1229.0  98.67749152542372  3.0  0.7255364643998692
931.0  478.43099547511315  3.0  0.7133163794642325
928.0  478.15429769392034  3.0  0.7098407891929597
1225.0  98.71509327303562  3.0  0.7255364643998692
1184.0  99.99712611915551  3.0  0.7227739945343927
1227.0  98.70037220843673  3.0  0.7255364643998692
930.0  478.9879432624113  3.0  0.7098407891929597
1328.0  98.20471387975707  3.0  0.7255364643998692
1330.0  98.19592459409394  3.0  0.7255364643998692
1073.0  104.2411858974359  3.0  0.7470241500313161
977.0  476.3015957446808  3.0  0.7206997168750051
987.0  473.6314460872701  3.0  0.7213126277375406
972.0  106.03938484621155  3.0  0.7692758743554955
977.0  105.03579277864992  3.0  0.7632602019847676
975.0  105.07684948979592  3.0  0.7618193983027167
984.0  474.38230008984726  3.0  0.7206997168750051
985.0  473.63190862196024  3.0  0.7196781689615648
986.0  103.67013888888889  3.0  0.7651672985427544
981.0  105.11253196930946  3.0  0.7642652074707899
979.0  105.21470588235294  3.0  0.7642652074707899
1957.0  98.61302971931757  3.0  0.7113849744832301
980.0  470.57564102564106  3.0  0.7376219937430594
1718.0  100.29086892488954  3.0  0.7113702461805375
1702.0  101.37873394211422  3.0  0.7194740690944486
1708.0  100.74956923558896  3.0  0.7113702461805375
979.0  470.7013157894737  3.0  0.7353568454302151
975.0  471.57702702702704  3.0  0.7363916585728065
