0.025761859880615773 0.9695826513536345 
0.6983977379830348 0.017719789128744275 
0.032359409362236885 0.05572978209635402 
0.031416902293433864 0.9670323706804931 
0.5827835375431982 0.017719913126943987 
0.4278982092365693 0.01772173926477161 
0.2884071630537229 0.01772568524313941 
0.2428526547282438 0.01772591326966297 
0.5086396481306943 0.017720567228027374 
0.5535658184103047 0.017720393858425845 
0.38328620797989316 0.017721854695617337 
0.3264216148287779 0.017722344920443674 
0.35972353125981776 0.01772221788047343 
0.20609487904492618 0.017726392776866818 
0.23751178133836004 0.017726310588605527 
0.10995915802701854 0.020264075257445693 
0.08262645303173106 0.020264598345704453 
0.17499214577442665 0.020259246834797098 
0.1511153000314169 0.020259657692731244 
0.49198868991517436 0.017720936178282614 
0.4696826892868363 0.017720968351623324 
0.5614200439836632 0.01771993839746314 
0.05906377631165567 0.02027753417696876 
0.03864278982092366 0.02027897958910064 
0.4439208294062206 0.017721166323347526 
0.11184417216462457 0.020263740593452186 
0.1284951303801445 0.020262798385593504 
0.0333019164310399 0.055725809405759275 
0.033930254476908575 0.04053971720925113 
0.45460257618598804 0.017721132728145836 
0.1454602576185988 0.020261669556854607 
0.13540684888469998 0.020262217123033926 
0.3669494187873076 0.017722093901707307 
0.37668865849827204 0.017722012895660912 
0.3110273327049953 0.01772260864898948 
0.4354382657869934 0.017721373159477288 
0.31950989632422244 0.017722431370879865 
0.46277097078228085 0.017721099376387647 
0.5007854225573358 0.01772071722082502 
0.035186930568645934 0.035474621830051525 
0.03550109959158027 0.025349767784584285 
0.3616085453974238 0.017722176219592507 
0.18504555450832547 0.017729754392510646 
0.19132893496701225 0.017729629729925877 
0.3053722902921772 0.01772353956236565 
0.30003141690229346 0.017723981921203037 
0.15048696198554823 0.020260315341169535 
0.13038014451775054 0.02026264974211452 
0.19635563933396166 0.017727748883177664 
0.20106817467797675 0.017726906331919444 
0.03612943763744895 0.02028551606396368 
0.05937794533459001 0.020274577922526175 
0.03455859252277725 0.035475361572438156 
0.06346214263273642 0.020274196802615482 
0.5573358466855168 0.01772014646901067 
0.49607288721332077 0.017720872513721467 
0.4655984919886899 0.01772100075559729 
0.03581526861451461 0.025349028042197654 
0.43166823751178135 0.017721589469017623 
0.3801445177505498 0.01772197287481655 
0.49952874646559847 0.01772080974269808 
0.29123468426013194 0.017725321285460668 
0.2403393025447691 0.01772606953364932 
0.294062205466541 0.01772484294108295 
0.026704366949418787 0.9695739969999696 
0.027332704995287466 0.9670402047956095 
0.19321394910461828 0.017729506798765844 
0.19384228715048696 0.017728472730772816 
0.195727301288093 0.01772836529513718 
0.2965755576500157 0.017724777381193626 
0.18253220232485076 0.01773013914250261 
0.20358152686145145 0.017726731142574004 
0.24002513352183474 0.01772614898247384 
0.28872133207665723 0.017725610877732625 
0.17530631479736097 0.01773375004328902 
0.07854225573358467 0.02026592786169551 
0.0763430725730443 0.020266338803001854 
0.42946905435124094 0.017721701382061625 
0.18001885014137606 0.017731399938630033 
0.17813383600377003 0.017731550886659064 
0.06817467797675149 0.020269972389289355 
0.07005969211435753 0.020269694823670175 
0.30851398052152057 0.017723330338591213 
0.30662896638391457 0.017723381934499384 
0.4637134778510839 0.017721033392693365 
0.2981464027646874 0.017724039597175847 
0.07257304429783223 0.020267666459529973 
0.07414388941250392 0.020267207207271817 
0.0747722274583726 0.02026676496435653 
0.5563933396167138 0.017720337604501975 
0.08011310084825636 0.020265338250256 
0.5548224945020421 0.01772036563770736 
0.02827521206409048 0.967036973223124 
0.029531888155827836 0.9670359805178507 
0.07131636820609488 0.020269422981053442 
0.17593465284322965 0.017733022629942204 
0.177191328934967 0.017732178830459855 
0.06471881872447377 0.020271768769026987 
0.3097706566132579 0.01772312852096807 
0.2048382029531888 0.017726560003849274 
0.1812755262331134 0.017730540866758873 
0.29783223374175305 0.01772409782772533 
0.03707194470625196 0.02028482442504376 
0.03770028275212064 0.020281108156220223 
0.029846057178762174 0.9670341074890331 
0.03078856424756519 0.9670332230032026 
0.1803330191643104 0.017730678742491308 
0.06566132579327678 0.020271143655198862 
0.0666038328620798 0.020270841290358096 
0.08105560791705937 0.020265148490252488 
0.08168394596292805 0.020264778619059173 
0.06754633993088281 0.02027025586056002 

0.0235626767200754 0.9594895113920237 
0.8341187558906692 0.017718862981095023 
0.029846057178762174 0.9569291676405731 
0.03173107131636821 0.058265963987094806 
0.7034244423499842 0.017719078485954685 
0.7957901350926798 0.01771895930523684 
0.5664467483506126 0.017720119870867867 
0.6220546654099905 0.017720093444325968 
0.5243480992774112 0.020251995262611216 
0.48130694313540684 0.020252025053582885 
0.33207665724159596 0.020254991520478792 
0.15394282123782596 0.020260430133408194 
0.19447062519635563 0.020260202079494034 
0.37229029217719134 0.020254728785554683 
0.6547282437951618 0.0177195066801505 
0.6933710336160854 0.017719394894940087 
0.8008168394596292 0.017718882034221974 
0.33176248821866167 0.020255438044139318 
0.30191643103989946 0.020255496274688797 
0.42915488532830665 0.02025374336740714 
0.3996229971724788 0.020253917715148735 
0.12723845428840716 0.020267207207271817 
0.1024191014765944 0.020267666459529973 
0.07131636820609488 0.020270841290358096 
0.09487904492617028 0.020269972389289355 
0.2805529374803644 0.020255920111971814 
0.30003141690229346 0.02025561443182319 
0.21206409048067862 0.020259763742100652 
0.19635563933396166 0.020259871177736286 
0.24222431668237512 0.020257958450812744 
0.22777254162739555 0.020258216668947397 
0.4354382657869934 0.020253253142580807 
0.449890040841973 0.020252736492996203 
0.032359409362236885 0.04307459285188353 
0.03361608545397424 0.04307193753882726 
0.03455859252277725 0.027884399179755874 
0.3754319824065347 0.02025457674961191 
0.3876845743009739 0.02025442871461499 
0.6333647502356268 0.017720067187729695 
0.058435438265786996 0.020273107248047206 
0.06880301602262016 0.020272422623720764 
0.2453660069117185 0.020257547429437306 
0.2554194156456173 0.020256862979938325 
0.6383914546025762 0.017719913126943987 
0.6478165252906063 0.01771983826303091 
0.7027961043041157 0.017719222739273083 
0.6939993716619541 0.017719307813283482 
0.21677662582469368 0.020258575478082352 
0.22463085139805214 0.02025848416438035 
0.4662268300345586 0.02025223946466087 
0.45837260446120015 0.020252270960684934 
0.27772541627395536 0.020256241388046416 
0.27018535972353125 0.020256374535450535 
0.4737668865849827 0.020252115667788485 
0.04429783223374175 0.020275369108163632 
0.051523719761231546 0.020274968570434676 
0.2573044297832234 0.020256719732424138 
0.26453031731071314 0.02025664923956847 
0.03989946591266101 0.025341776483027573 
0.5494816211121584 0.017720508654568763 
0.5560791705937794 0.01772047966466442 
0.39428212378259503 0.020254097998132582 
0.05780710021991831 0.020274577922526175 
0.3883129123468426 0.020254284524682975 
0.14514608859566447 0.02026090524572931 
0.04052780395852969 0.020283507017577196 
0.5340873389883758 0.020251518317831334 
0.1495444549167452 0.020260784010171517 
0.5620483820295319 0.01772014646901067 
0.13289349670122527 0.020266338803001854 
0.5579641847313855 0.01772020018682849 
0.5284322965755577 0.020251878111627892 
0.12880929940307886 0.02026676496435653 
0.023876845743009738 0.9569545069643665 
0.029217719132893498 0.956942409480749 
0.02544769085768143 0.9569480410679503 
0.1332076657241596 0.020265148490252488 
0.43166823751178135 0.02025337132178002 
0.4549167452089224 0.020252632701784984 
0.46999685830977067 0.020252177133368486 
0.13666352497643733 0.020264598345704453 
0.3961671379202011 0.02025396221777604 
0.0373861137291863 0.027879711404854086 
0.5362865221489161 0.017721893778502123 
0.5406848884699968 0.017721626487508548 
0.5416273955387999 0.017721303192687735 
0.5315739868049011 0.02025165305842315 
0.45177505497957904 0.02025266704352645 
0.5447690857681433 0.01772126859656298 
0.5375431982406534 0.017721854695617337 
0.21489161168708765 0.02025934759900563 
0.09927741124725102 0.020268895771130085 
0.2673578385171222 0.020256579484857918 
0.6540999057492931 0.017719692668795098 
0.651272384542884 0.017719740601053805 
0.09676405906377632 0.020269156686245206 
0.4555450832547911 0.020252598611631385 
0.04115614200439836 0.02028055253759709 
0.0430411561420044 0.02027663396414976 
0.03612943763744895 0.027881166231547756 
0.14263273641218976 0.020262359160877437 
0.1445177505497958 0.020261407507325923 
0.1413760603204524 0.020262798385593504 
0.5475966069745523 0.0177208410176974 
0.13949104618284638 0.02026294933362253 
0.39491046182846373 0.020254052354453416 
0.4574300973923971 0.020252302680085103 
0.649387370405278 0.017719813619354468 
0.13792020106817468 0.02026310264021453 
0.09959158027018536 0.020268640074317272 
0.1275526233113415 0.020266984019258517 
0.09519321394910461 0.020269694823670175 
0.10084825636192271 0.020268389440807666 
0.5460257618598806 0.017721200164667914 
0.04241281809613572 0.020278484401610997 
0.07005969211435753 0.020271452739258317 
0.14326107445805844 0.02026153758946608 
0.03550109959158027 0.027881931929807566 

0.033930254476908575 0.05573456554013134 
0.8083568960100534 0.017720227309923377 
0.034872761545711596 0.04054319440492006 
0.036443606660383286 0.03547612727069797 
0.03707194470625196 0.025350533482844096 
0.5045554508325479 0.017721626487508548 
0.6245680175934653 0.017721589469017623 
0.03770028275212064 0.02028623114827072 
0.03581526861451461 0.03547859452064628 
0.8027018535972353 0.017720422268545095 
0.7015394282123782 0.017720626606619418 
0.1316368206094879 0.020264246738169643 
0.13917687715991203 0.017738573942325885 
0.6383914546025762 0.017721303192687735 
0.6820609487904492 0.017721234254821513 
0.36820609487904493 0.017723812142635163 
0.4103047439522463 0.017723756607589583 
0.46088595664467485 0.017722259881443176 
0.4992145774426642 0.017722012895660912 
0.2249450204209865 0.017729506798765844 
0.195727301288093 0.017730271109891137 
0.3634935595350298 0.01772421598485972 
0.3389883757461514 0.017724336458800633 
0.2689286836317939 0.017727748883177664 
0.24599434495758718 0.01772794915204216 
0.1495444549167452 0.017734132892418927 
0.1690229343386742 0.01773375004328902 
0.4451775054979579 0.017722792013901183 
0.42664153314483194 0.017722838843086588 
0.11592836946277098 0.02026442107690567 
0.0942507068803016 0.020266984019258517 
0.1096449890040842 0.02026654992881058 
0.05623625510524662 0.02027707806914048 
0.0706880301602262 0.020275779916090742 
0.32202324850769715 0.017724584635118962 
0.33616085453974237 0.01772439758597263 
0.2761545711592837 0.017726731142574004 
0.2890355010995916 0.017726310588605527 
0.05435124096764059 0.020280013023861586 
0.04272698711907006 0.02028055253759709 
0.0845114671693371 0.020271143655198862 
0.07382972038956959 0.020273461785644802 
0.293119698397738 0.01772606953364932 
0.30348727615457116 0.017725990967589523 
0.6918001885014138 0.017720778686405016 
0.6248821866163996 0.017721480089853827 
0.23468426013195098 0.01772836529513718 
0.24348099277411248 0.01772805119987118 
0.6336789192585611 0.017721338046032733 
0.1812755262331134 0.017732848291206173 
0.18912975180647187 0.01773170419325106 
0.3157398680490104 0.01772546453297486 
0.30851398052152057 0.017725836425559794 
0.4464341815896953 0.01772265390748995 
0.4533459000942507 0.01772260864898948 
0.17499214577442665 0.017733380172095706 
0.4172164624568018 0.017723647080138627 
0.41218975808985236 0.017723701589149096 
0.17027961043041157 0.017733563527046248 
0.6858309770656613 0.017721033392693365 
0.6905435124096764 0.01772100075559729 
0.14514608859566447 0.017734329399051982 
0.42192899780081683 0.017723330338591213 
0.4263273641218976 0.017722886077719508 
0.4571159283694628 0.017722475136413163 
0.22871504869619855 0.01772869187100974 
0.27426955702167766 0.017727457694706034 
0.27112786679233425 0.01772755355922345 
0.6852026390197926 0.017721200164667914 
0.3053722902921772 0.01772591326966297 
0.08733898837574615 0.02027025586056002 
0.19289978008168396 0.017730818676070455 
0.1900722588752749 0.017731251295151053 
0.5026704366949418 0.017721777442288693 
0.2315425699026076 0.017728581580035242 
0.4998429154885328 0.01772197287481655 
0.04115614200439836 0.02028482442504376 
0.03864278982092366 0.02028551606396368 
0.08985234055922087 0.020269694823670175 
0.4197298146402765 0.017723381934499384 
0.11184417216462457 0.020266131481261704 
0.11404335532516494 0.020265148490252488 
0.3198240653471568 0.017724777381193626 
0.3176248821866164 0.017725321285460668 
0.14106189129751806 0.01773650432683525 
0.09236569274269557 0.020268143721680613 
0.1429469054351241 0.01773536651739306 
0.14326107445805844 0.017734733034298233 
0.09048067860508954 0.020269156686245206 
0.23279924599434496 0.017728472730772816 
0.05497957901350927 0.02027800278090192 
0.07131636820609488 0.020274968570434676 
0.07257304429783223 0.020274577922526175 
0.041784480050267046 0.020281680611771314 
0.07288721332076657 0.020274196802615482 
0.6911718504555451 0.0177208410176974 
0.6908576814326107 0.017720904233121636 

0.022934338674206724 0.9569374605101781 
0.9264844486333648 0.0025323265390442104 
0.029846057178762174 0.9543799809883066 
0.03173107131636821 0.05573564181498124 
0.552937480364436 0.02025193628864682 
0.6528432296575558 0.020251820715508562 
0.8045868677348413 0.017719394894940087 
0.8865849827207037 0.015188616730895006 
0.7979893182532203 0.017719529440022183 
0.7562048382029531 0.01771959854726889 
0.33019164310398996 0.020255796032936098 
0.37480364436066604 0.02025561443182319 
0.1972981464027647 0.020261028176889344 
0.15300031416902293 0.020261407507325923 
0.20452403393025448 0.020259763742100652 
0.24505183788878418 0.020259449646834647 
0.7426955702167767 0.02025141362482194 
0.70311027332705 0.020251439546408397 
0.5114671693371033 0.02025341134262438 
0.47533773169965443 0.02025345168363549 
0.6647816525290606 0.020251491891289435 
0.6993402450518379 0.020251465634693166 
0.4184731385485391 0.02025442871461499 
0.44266415331448317 0.020254380231537427 
0.08388312912346843 0.020274968570434676 
0.06314797360980208 0.02027663396414976 
0.3911404335532517 0.02025526664855972 
0.29123468426013194 0.020256862979938325 
0.3110273327049953 0.020256719732424138 
0.4071630537229029 0.020254884986865736 
0.03424442349984291 0.025353000732792404 
0.12409676405906378 0.020265148490252488 
0.137291863022306 0.020264961974009715 
0.4514608859566447 0.02025387358337663 
0.5265472824379516 0.020252632701784984 
0.46434181589695256 0.02025374336740714 
0.12315425699026077 0.020266131481261704 
0.11090166509582156 0.02026654992881058 
0.060320452403393024 0.02028055253759709 
0.049010367577756835 0.020281680611771314 
0.03267357838517122 0.04054414892922131 
0.0333019164310399 0.03547947900647682 
0.2654728243795162 0.020257874356784212 
0.032359409362236885 0.050670735422348505 
0.5526233113415018 0.02025214629349558 
0.038956958843858 0.025352148410082983 
0.5431982406534716 0.020252208189661548 
0.273641218975809 0.020257791223830285 
0.5353440150801131 0.020252564770310993 
0.03958529688972667 0.020287736588917162 
0.3217090794847628 0.020256241388046416 
0.8944392082940622 0.015188489568395408 
0.7508639648130694 0.017719716561182493 
0.9057492931196984 0.005065183984775166 
0.900722588752749 0.00759688134855929 
0.4112472510210493 0.020254626975771586 
0.38548539114043356 0.020255438044139318 
0.3785736726358781 0.02025555506785229 
0.8963242224316682 0.010128690736829104 
0.2786679233427584 0.020257627775988645 
0.47093936537857367 0.020253492348670778 
0.2855796418473139 0.02025708369010288 
0.9220860823122841 0.0025326100738164836 
0.8887841658812441 0.015188539950499673 
0.03204524033930255 0.05573253961100212 
0.31636820609487903 0.020256374535450535 
0.08828149544454916 0.020274196802615482 
0.09330819981149858 0.02027382486631708 
0.9101476594407791 0.0025332731089762876 
0.27426955702167766 0.020257709035568994 
0.44769085768143263 0.020254237290050058 
0.2805529374803644 0.020257547429437306 
0.6578699340245052 0.02025165305842315 
0.6597549481621112 0.020251625756886844 
0.5127238454288408 0.020253214365031077 
0.5174363807728558 0.020253175889252163 
0.02607602890355011 0.9569210228579252 
0.02639019792648445 0.9543959687679717 
0.08482563619227144 0.020274577922526175 
0.20201068174677977 0.020259871177736286 
0.7464655984919887 0.020251115008145963 
0.9145460257618598 0.0025331255915842623 
0.5224630851398052 0.020252736492996203 
0.8947533773169966 0.012657218283931538 
0.9208294062205467 0.0025326427109125574 
0.7452089224002514 0.02025126150817666 
0.9180018850141376 0.0025330894080730186 
0.38737040527803956 0.02025532323888536 
0.9095193213949104 0.0025333107002808155 
0.24850769714106188 0.02025934759900563 
0.5391140433553252 0.02025233462524608 
0.26013195098963243 0.02025812958953747 
0.5425699026076028 0.020252302680085103 
0.26358781024191014 0.020257958450812744 
0.1039899465912661 0.020267666459529973 
0.04272698711907006 0.020283507017577196 
0.3132265158655357 0.020256442143976962 
0.4483191957273013 0.020254097998132582 
0.4077913917687716 0.02025483244642472 
0.25164938737040526 0.02025914733014113 
0.06283380458686773 0.020278484401610997 
0.097392397109645 0.020271452739258317 
0.10021991831605404 0.020269972389289355 
0.19949732956330507 0.020260430133408194 
0.046182846371347785 0.02028227068133938 
0.918316054037072 0.0025329473642519253 
0.1423185673892554 0.020264246738169643 
0.5221489161168709 0.020252842625362533 
0.2535344015080113 0.0202590490615679 
0.14514608859566447 0.02026294933362253 
0.2573044297832234 0.020258304778882914 
0.4662268300345586 0.02025370067364664 
0.4690543512409676 0.02025353334164989 
0.043669494187873074 0.02028287919058143 
0.5378573672635878 0.020252531175109303 
0.4103047439522463 0.020254780381462854 
0.5196355639333962 0.020253024934472015 
0.02858938108702482 0.9543810142121626 
0.14891611687087652 0.02026264974211452 
0.1511153000314169 0.020261803450774364 
0.09519321394910461 0.020273461785644802 
0.14011938422871506 0.020264598345704453 
0.14671693371033617 0.020262798385593504 
0.2544769085768143 0.02025895200618692 
0.2566760917373547 0.020258393937746214 
0.02419101476594408 0.9569352043618297 
0.10210493245366006 0.020268640074317272 
0.10713163682060949 0.020266984019258517 
0.10524662268300346 0.020267434646485383 
0.20012566760917375 0.020260202079494034 
0.10901665095821551 0.02026676496435653 
0.31291234684260133 0.02025664923956847 
0.138234370091109 0.020264778619059173 

0.027961043041156142 0.9822538421374332 
0.8765315739868049 0.010125134051838677 
0.029846057178762174 0.05573456554013134 
0.028903550109959156 0.9569352043618297 
0.5457115928369463 0.02025309982902509 
0.4806786050895382 0.020253253142580807 
0.8240653471567704 0.02025088250312214 
0.7700282752120641 0.02025104376803958 
0.39491046182846373 0.02025452696793154 
0.4363807728557964 0.02025442871461499 
0.7090794847628024 0.020251387868341155 
0.7492931196983977 0.020251362275393533 
0.1316368206094879 0.020264246738169643 
0.16305372290292178 0.02026341655371241 
0.5984919886899152 0.020252464712399842 
0.629908890983349 0.020252302680085103 
0.5683317624882187 0.020252736492996203 
0.3264216148287779 0.020255796032936098 
0.3565818410304744 0.0202557349057641 
0.6924285265472825 0.020251680540167627 
0.6625824693685203 0.020251820715508562 
0.837574615142947 0.010126170296816957 
0.10524662268300346 0.02026572784601545 
0.44769085768143263 0.020254097998132582 
0.472196041470311 0.020253829817843332 
0.8589381087024819 0.010125977899540872 
0.3754319824065347 0.02025526664855972 
0.02858938108702482 0.9771863919375374 
0.24159597863650645 0.02025848416438035 
0.3930254476908577 0.020255155054553053 
0.22431668237511782 0.020258575478082352 
0.18221803330191644 0.020262217123033926 
0.19792648444863337 0.020262077189454778 
0.06817467797675149 0.020274196802615482 
0.08356896010053409 0.02027382486631708 
0.2827521206409048 0.020256442143976962 
0.29783223374175305 0.020256307620344863 
0.05497957901350927 0.020281108156220223 
0.04052780395852969 0.02028227068133938 
0.24222431668237512 0.020258393937746214 
0.2566760917373547 0.020258304778882914 
0.31196983977379833 0.020256241388046416 
0.03047439522463085 0.04054414892922131 
0.8294062205466541 0.02025077137939751 
0.3122840087967326 0.020255983082082433 
0.32547910775997485 0.02025585776532763 
0.17970468111844173 0.020262503350809452 
0.35721017907634306 0.020255674374954753 
0.16776625824693686 0.020262798385593504 
0.6453031731071316 0.02025193628864682 
0.6569274269557022 0.02025190710153223 
0.3685202639019793 0.02025555506785229 
0.257932767829092 0.020257874356784212 
0.03267357838517122 0.035473906745744486 
0.26830034558592525 0.020257791223830285 
0.6302230600062834 0.02025214629349558 
0.20043983663210807 0.02026193931372234 
0.21080741438894124 0.020261803450774364 
0.6405906377631165 0.02025205505000957 
0.7599748664781653 0.020251067369501944 
0.03298774740810556 0.025350533482844096 
0.8369462770970783 0.015188318114219026 
0.4451775054979579 0.020254284524682975 
0.8331762488218661 0.015188883646240691 
0.058749607288721334 0.020275369108163632 
0.06691800188501414 0.020274968570434676 
0.8693056864593152 0.010125426522197275 
0.8598806157712849 0.010125871846839291 
0.5614200439836632 0.020252806982907413 
0.03361608545397424 0.02028623114827072 
0.276468740182218 0.020256862979938325 
0.8661639962299718 0.010125667720322787 
0.6974552309142319 0.020251598633791956 
0.7034244423499842 0.020251518317831334 
0.7081369776939994 0.020251465634693166 
0.6619541313226516 0.020251849316941777 
0.7546339930882815 0.02025116323674225 
0.03110273327049953 0.03547947900647682 
0.8743323908262646 0.010125356996111116 
0.03078856424756519 0.04054319440492006 
0.2720703738611373 0.02025723487252326 
0.37291863022306 0.020255438044139318 
0.4765944077913918 0.02025337132178002 
0.5501099591580271 0.02025298791598109 
0.5541941564561734 0.020252951178999574 
0.5573358466855168 0.020252878536817294 
0.7596606974552309 0.020251115008145963 
0.546339930882815 0.020253062237720564 
0.7558906691800189 0.020251139048017272 
0.09393653785736726 0.020269972389289355 
0.09048067860508954 0.020270841290358096 
0.6437323279924599 0.020252025053582885 
0.08796732642161482 0.020271452739258317 
0.21583411875589067 0.020261279270322542 
0.21803330191643103 0.0202595530029692 
0.08388312912346843 0.020273461785644802 
0.21332076657241597 0.020261669556854607 
0.1803330191643104 0.020262359160877437 
0.16556707508639648 0.02026294933362253 
0.22054665409990576 0.02025934759900563 
0.0860823122840088 0.020273107248047206 
0.4743952246308514 0.020253786414008615 
0.2698711907005969 0.020257547429437306 
0.08765315739868049 0.020272422623720764 
0.03550109959158027 0.02028482442504376 
0.0373861137291863 0.020283507017577196 
0.039271127866792335 0.02028287919058143 
0.10147659440779139 0.02026654992881058 
0.10336160854539743 0.020266131481261704 
0.22086082312284008 0.020259246834797098 
0.2224316682375118 0.0202590490615679 
0.031416902293433864 0.035475361572438156 
0.0942507068803016 0.020268895771130085 
0.09582155199497329 0.020268640074317272 
0.097392397109645 0.020267902773798717 
0.09896324222431668 0.020267434646485383 
0.0999057492931197 0.020266984019258517 
0.057492931196983975 0.02027800278090192 
0.05623625510524662 0.02027897958910064 
0.03612943763744895 0.02028415509705671 
0.2573044297832234 0.020258216668947397 

0.0 0.972115757896716 
0.6738925541941565 0.017721132728145836 
0.03110273327049953 0.05826206502914803 
0.028903550109959156 0.9695664244405129 
0.5771284951303801 0.017721200164667914 
0.4923028589381087 0.017721854695617337 
0.5582783537543198 0.01772173926477161 
0.32610744580584355 0.01772421598485972 
0.38988375746151427 0.017723756607589583 
0.4178448005026704 0.017723079177892807 
0.45428840716305374 0.017722792013901183 
0.2824379516179705 0.017725836425559794 
0.31856738925541944 0.01772504369701349 
0.15237197612315426 0.017730540866758873 
0.18253220232485076 0.01773013914250261 
0.18661639962299717 0.017729754392510646 
0.216148287778825 0.017729148040482545 
0.4913603518693057 0.01772213489468642 
0.4655984919886899 0.01772221788047343 
0.12221174992145774 0.017731550886659064 
0.14765944077913917 0.017731399938630033 
0.2544769085768143 0.017727362999268068 
0.27741124725102106 0.017727085717416883 
0.07759974866478166 0.020267207207271817 
0.097392397109645 0.020266984019258517 
0.04492617027961043 0.020274968570434676 
0.06251963556393339 0.020274196802615482 
0.035186930568645934 0.04053406676628917 
0.40182218033301914 0.017723647080138627 
0.03204524033930255 0.04307278986153668 
0.03581526861451461 0.02534695199098365 
0.014765944077913918 0.9720935526471811 
0.025133521834747093 0.9695843594497525 
0.23845428840716307 0.01772794915204216 
0.24850769714106188 0.017727748883177664 
0.4112472510210493 0.017723433999461254 
0.5633050581212693 0.01772151627336507 
0.23028589381087025 0.017728472730772816 
0.22306000628338046 0.017728916894206068 
0.5705309456487591 0.017721234254821513 
0.007540056550424128 0.9721080118794364 
9.42507068803016E-4 0.972114049800598 
0.07445805843543826 0.020268640074317272 
0.06880301602262016 0.020268895771130085 
0.11467169337103361 0.017733199898740983 
0.10933081998114987 0.017733380172095706 
0.25322023248507697 0.01772765061460443 
0.41313226515865537 0.017723381934499384 
0.4590009425070688 0.01772265390748995 
0.010367577756833177 0.9720960198971296 
0.22054665409990576 0.017729031686444723 
0.04021363493559535 0.025341281295537935 
0.32547910775997485 0.017724584635118962 
0.32139491046182844 0.017724777381193626 
0.03298774740810556 0.04053670363967143 
0.04052780395852969 0.02027948892480426 
0.27929626138862707 0.017726645075715336 
0.1495444549167452 0.017730818676070455 
0.235626767200754 0.01772805119987118 
0.46088595664467485 0.01772260864898948 
0.4637134778510839 0.017722259881443176 
0.10179076343072573 0.01773536651739306 
0.2331134150172793 0.017728154556005734 
0.04147031102733271 0.02027707806914048 
0.043669494187873074 0.020275779916090742 
0.0640904806786051 0.020273107248047206 
0.10304743952246309 0.017734940356038387 
0.1080741438894125 0.01773375004328902 
0.06628966383914546 0.020269972389289355 
0.10587496072887213 0.017734329399051982 
0.23248507697141063 0.017728259245767777 
0.10116242538485705 0.02026592786169551 
0.09927741124725102 0.02026676496435653 
0.12032673578385171 0.01773170419325106 
0.10493245366006912 0.01773452941473204 
0.11844172164624568 0.01773201810674894 
0.1844172164624568 0.017730009060362456 
0.18473138548539114 0.017729880823359075 
0.10084825636192271 0.020266338803001854 
0.06754633993088281 0.020269422981053442 
0.2786679233427584 0.017726906331919444 
0.0763430725730443 0.020267666459529973 
0.11718504555450833 0.017732178830459855 
0.027018535972353125 0.9695810286623222 
0.027646874018221804 0.9695716032425729 
0.00942507068803016 0.9720978228874764 
0.02858938108702482 0.9695704811687932 
0.036757775683317624 0.02534447750569825 
0.008482563619227144 0.9721053954469331 
0.02607602890355011 0.9695826513536345 
0.03770028275212064 0.025343349431524026 
0.03864278982092366 0.025342285818731197 
0.07540056550424128 0.020267902773798717 
0.11561420043983663 0.017732676810482226 
0.03958529688972667 0.025341776483027573 
0.06314797360980208 0.02027382486631708 
0.10273327049952875 0.017735151481847112 
0.11655670750863965 0.01773234214648872 
0.009110901665095822 0.9721030016895363 
0.040841972981464025 0.020278484401610997 
0.14828777882500785 0.017731251295151053 
0.14891611687087652 0.01773096071391397 
0.06691800188501414 0.020269694823670175 

0.02419101476594408 0.9569240364275049 
0.5846685516808042 0.020251518317831334 
0.027961043041156142 0.9543832125607921 
0.03047439522463085 0.05573066658218456 
0.49355953502984606 0.020251995262611216 
0.5749293119698398 0.020251878111627892 
0.45208922400251333 0.0202527016396512 
0.40182218033301914 0.020252951178999574 
0.31950989632422244 0.020254190460864654 
0.3694627709707823 0.020254007095952948 
0.09550738297203895 0.020267902773798717 
0.12252591894439209 0.020267434646485383 
0.275526233113415 0.020256579484857918 
0.24976437323279924 0.02025664923956847 
0.06251963556393339 0.020274196802615482 
0.08482563619227144 0.02027382486631708 
0.15142946905435123 0.02026592786169551 
0.1316368206094879 0.020266131481261704 
0.2855796418473139 0.02025555506785229 
0.30505812126924287 0.020255380368166504 
0.060320452403393024 0.02027663396414976 
0.041784480050267046 0.02027800278090192 
0.20452403393025448 0.02025998002699871 
0.18661639962299717 0.02026090524572931 
0.15708451146716934 0.02026341655371241 
0.17310713163682062 0.02026310264021453 
0.031416902293433864 0.055728929773644596 
0.032359409362236885 0.040537418723978466 
0.2202324850769714 0.020257791223830285 
0.2299717247879359 0.020257709035568994 
0.38140119384228716 0.020253786414008615 
0.371976123154257 0.020253829817843332 
0.2846371347785108 0.020256442143976962 
0.47973609802073514 0.020252270960684934 
0.4872761545711593 0.02025223946466087 
0.0333019164310399 0.03547321510682457 
0.38799874332390827 0.020253331617305963 
0.03424442349984291 0.025348312957890615 
0.12535344015080113 0.02026676496435653 
0.236569274269557 0.02025708369010288 
0.2428526547282438 0.020256790975203803 
0.4555450832547911 0.020252531175109303 
0.4615142946905435 0.020252464712399842 
0.46999685830977067 0.020252366798586795 
0.4759660697455231 0.020252302680085103 
0.46497015394282126 0.02025239920256076 
0.176248821866164 0.020261803450774364 
0.18096135721017909 0.02026153758946608 
0.3901979264844486 0.020253214365031077 
0.39491046182846373 0.020253175889252163 
0.5790135092679862 0.020251764084670828 
0.24568017593465286 0.020256719732424138 
0.3081998114985862 0.02025526664855972 
0.3122840087967326 0.020254780381462854 
0.489789506754634 0.020252208189661548 
0.39836632108074144 0.02025298791598109 
0.5824693685202639 0.020251544915974137 
0.03455859252277725 0.02534695199098365 
0.034872761545711596 0.02028415509705671 
0.1828463713477851 0.020261152839474113 
0.31636820609487903 0.020254477624856274 
0.3132265158655357 0.02025452696793154 
0.3980521520578071 0.020253137711735078 
0.1859880615771285 0.020261028176889344 
0.21457744266415332 0.020258216668947397 
0.20735155513666353 0.020259763742100652 
0.21740496387056235 0.02025812958953747 
0.3053722902921772 0.02025532323888536 
0.09267986176562991 0.020269972389289355 
0.09048067860508954 0.02027025586056002 
0.024819352811812755 0.9569170047651523 
0.03707194470625196 0.02028227068133938 
0.035186930568645934 0.02028287919058143 
0.17499214577442665 0.020262798385593504 
0.20923656927426956 0.020259449646834647 
0.2111215834118756 0.02025934759900563 
0.23185673892554196 0.020257627775988645 
0.2126924285265473 0.020258761446231534 
0.02639019792648445 0.9543896244109618 
0.08733898837574615 0.020272760955509984 
0.08576814326107446 0.020273461785644802 
0.12409676405906378 0.020266984019258517 
0.21866163996229973 0.020257958450812744 
0.23499842915488534 0.02025715886824635 
0.026704366949418787 0.9543843834203884 
0.061262959472196045 0.020275369108163632 
0.09393653785736726 0.020268895771130085 
0.03958529688972667 0.02027948892480426 
0.04052780395852969 0.020278484401610997 
0.08953817153628653 0.020271143655198862 
0.09519321394910461 0.020268640074317272 
0.08828149544454916 0.020272091981290402 
0.03832862079798932 0.020280013023861586 
0.2331134150172793 0.02025746798061279 
0.23374175306314798 0.02025723487252326 
0.03770028275212064 0.02028055253759709 
0.31291234684260133 0.020254728785554683 
0.21174992145774427 0.0202590490615679 
0.21206409048067862 0.020258856141669505 

0.02544769085768143 0.9746817965329537 
0.7687715991203268 0.020250621186236554 
0.03078856424756519 0.9670466166457791 
0.03173107131636821 0.07346296486767481 
0.4329249136035187 0.020253917715148735 
0.4728243795161797 0.02025337132178002 
0.6387056236255105 0.020251792305389316 
0.6779767514923029 0.020251680540167627 
0.4872761545711593 0.020253137711735078 
0.525918944392083 0.02025298791598109 
0.22588752748978952 0.02025746798061279 
0.257932767829092 0.02025738941455299 
0.7470939365378574 0.020251020310051146 
0.176248821866164 0.020261028176889344 
0.20578071002199183 0.02026090524572931 
0.5303173107131637 0.020252951178999574 
0.5589066918001885 0.02025291472032854 
0.2613886270813698 0.02025723487252326 
0.28966383914546023 0.02025708369010288 
0.7009110901665095 0.02025126150817666 
0.7241595978636507 0.020251236709994378 
0.32516493873704055 0.02025604668505849 
0.3477851083883129 0.020255920111971814 
0.6314797360980208 0.020251995262611216 
0.6091737354696827 0.020252085254023985 
0.3575243480992774 0.020255380368166504 
0.37668865849827204 0.02025526664855972 
0.5752434809927741 0.020252878536817294 
0.30851398052152057 0.02025664923956847 
0.7637448947533774 0.02025086001379692 
0.07288721332076657 0.020272422623720764 
0.08890983349041784 0.020271452739258317 
0.7320138234370092 0.020251091115758565 
0.42004398366321083 0.020254007095952948 
0.03424442349984291 0.04053892416462491 
0.09142318567389256 0.020269156686245206 
0.10493245366006912 0.020268895771130085 
0.03612943763744895 0.025349767784584285 
0.1608545397423814 0.02026264974211452 
0.17342130065975495 0.020262359160877437 
0.03361608545397424 0.055726549148145905 
0.4043355325164939 0.020254626975771586 
0.39239710964498903 0.020254728785554683 
0.5978636506440465 0.020252115667788485 
0.14169022934338674 0.02026310264021453 
0.3006597549481621 0.020256935758917308 
0.1526861451460886 0.020262798385593504 
0.03298774740810556 0.055728929773644596 
0.03267357838517122 0.06839876631347824 
0.3867420672321709 0.02025521058959863 
0.6927426955702167 0.020251465634693166 
0.6833176248821866 0.020251571687394745 
0.12126924285265472 0.020265338250256 
0.13038014451775054 0.020265148490252488 
0.04681118441721646 0.02028287919058143 
0.05529374803644361 0.02028227068133938 
0.5934652843229657 0.020252270960684934 
0.5849827207037386 0.020252564770310993 
0.6930568645931511 0.020251311573907454 
0.02607602890355011 0.9670630542980321 
0.4847628023876846 0.020253253142580807 
0.47722274583726043 0.02025329222546559 
0.06597549481621112 0.02027663396414976 
0.13697769399937165 0.020264961974009715 
0.21174992145774427 0.020260202079494034 
0.12001256676091737 0.020267666459529973 
0.11435752434809927 0.020268143721680613 
0.10933081998114987 0.020268640074317272 
0.22117499214577444 0.02025895200618692 
0.5805843543826579 0.020252632701784984 
0.5758718190386428 0.020252842625362533 
0.040841972981464025 0.020293954058786885 
0.3883129123468426 0.02025483244642472 
0.7285579641847314 0.020251212066317935 
0.6343072573044298 0.020251878111627892 
0.6823751178133836 0.020251598633791956 
0.03989946591266101 0.025345676084508367 
0.05937794533459001 0.020278484401610997 
0.06346214263273642 0.02027800278090192 
0.35312598177819665 0.0202557349057641 
0.40841972981464025 0.020254477624856274 
0.7646874018221803 0.02025077137939751 
0.35721017907634306 0.020255438044139318 
0.4096764059063776 0.020254380231537427 
0.4134464341815897 0.020254332170051813 
0.21897580898523406 0.020259657692731244 
0.21583411875589067 0.020259871177736286 
0.41658812441093307 0.020254284524682975 
0.3509267986176563 0.02025585776532763 
0.1398052152057807 0.020264778619059173 
0.17593465284322965 0.020262217123033926 
0.055922086082312285 0.020281680611771314 
0.4191014765944078 0.020254144031928652 
0.2136349355953503 0.02026009031797321 
0.027961043041156142 0.9670566618777114 
0.05780710021991831 0.020281108156220223 
0.04492617027961043 0.020283507017577196 
0.22086082312284008 0.02025914733014113 
0.03864278982092366 0.025348312957890615 
0.03707194470625196 0.025349028042197654 
0.38799874332390827 0.020255155054553053 
0.04241281809613572 0.020287736588917162 
0.029217719132893498 0.967052961002789 
0.043669494187873074 0.02028482442504376 
0.03958529688972667 0.02534630391150413 
0.06471881872447377 0.02027753417696876 
0.029846057178762174 0.9670496302153587 
0.04147031102733271 0.020292006829212318 

0.02639019792648445 0.9569352043618297 
0.6584982720703738 0.020252736492996203 
0.029217719132893498 0.9543882227506921 
0.03078856424756519 0.05572810789103194 
0.3091423185673893 0.020256935758917308 
0.4272698711907006 0.020255045527102094 
0.4725102104932454 0.020254884986865736 
0.5771284951303801 0.02025370067364664 
0.21174992145774427 0.020259246834797098 
0.2469368520263902 0.020258575478082352 
0.6120012566760917 0.0202536163274369 
0.3616085453974238 0.020255796032936098 
0.3961671379202011 0.0202557349057641 
0.2761545711592837 0.02025723487252326 
0.34213006597549483 0.020256790975203803 
0.17499214577442665 0.020260315341169535 
0.20609487904492618 0.02025998002699871 
0.5419415645617343 0.02025396221777604 
0.56770342444235 0.020253917715148735 
0.6437323279924599 0.020253214365031077 
0.6189129751806471 0.02025345168363549 
0.09550738297203895 0.025328928375188638 
0.11498586239396795 0.025328724755622443 
0.5378573672635878 0.020254052354453416 
0.5193213949104618 0.020254332170051813 
0.12692428526547284 0.02532574622754947 
0.1420043983663211 0.025325156054804374 
0.5061262959472196 0.02025457674961191 
0.49104618284637136 0.020254626975771586 
0.3433867420672322 0.020256241388046416 
0.644674835061263 0.02025291472032854 
0.3581526861451461 0.020256110930488857 
0.1460885956644675 0.025324334483393014 
0.16022620169651272 0.020262798385593504 
0.4857053094564876 0.02025483244642472 
0.2730128809299403 0.020257547429437306 
0.2613886270813698 0.020257709035568994 
0.03361608545397424 0.04053469459328494 
0.41061891297518066 0.020255438044139318 
0.42192899780081683 0.02025526664855972 
0.031416902293433864 0.040537418723978466 
0.03424442349984291 0.025349028042197654 
0.04586867734841345 0.025339874963067412 
0.05655042412818096 0.025339430858076696 
0.4103047439522463 0.02025561443182319 
0.39993716619541314 0.020255674374954753 
0.25164938737040526 0.020258043522678806 
0.26107445805843543 0.020257874356784212 
0.5105246622683004 0.020254380231537427 
0.5761859880615772 0.02025387358337663 
0.06534715677034245 0.025337374816453113 
0.05780710021991831 0.02533857681001768 
0.12095507382972039 0.02532757551298611 
0.08136977693999371 0.025330699667725654 
0.038956958843858 0.025345067575266316 
0.04429783223374175 0.02534447750569825 
0.08639648130694313 0.025329561858283466 
0.09079484762802388 0.02532913569692879 
0.42255733584668553 0.020255155054553053 
0.49010367577756836 0.02025467765239005 
0.08671065032987747 0.025329346822737516 
0.0691171850455545 0.02533625867957174 
0.07131636820609488 0.02533555784943692 
0.07508639648130694 0.025335219517647698 
0.2086082312284009 0.020259763742100652 
0.24882186616399624 0.020258393937746214 
0.16839459629280554 0.020261669556854607 
0.1705937794533459 0.020260784010171517 
0.11718504555450833 0.025328524739942387 
0.17279296261388627 0.020260664435374772 
0.1624253848570531 0.02026264974211452 
0.16305372290292178 0.020262359160877437 
0.14388941250392712 0.025324874083381712 
0.16525290606346213 0.020262217123033926 
0.16619541313226516 0.020262077189454778 
0.026704366949418787 0.9544060620632147 
0.027332704995287466 0.954391094444903 
0.03832862079798932 0.02534630391150413 
0.036443606660383286 0.02534695199098365 
0.11907005969211436 0.025327945384179425 
0.07917059377945335 0.02533221987498038 
0.06974552309142319 0.02533590414197414 
0.08074143889412504 0.02533094061560755 
0.032359409362236885 0.04053670363967143 
0.04555450832547911 0.025342809917788523 
0.04461200125667609 0.025343349431524026 
0.07602890355010995 0.02533488887521734 
0.035186930568645934 0.025348312957890615 
0.03612943763744895 0.025347621318970698 
0.34307257304429783 0.020256719732424138 
0.07822808671065033 0.02533276928321629 
0.07665724159597864 0.0253339405491258 
0.07728557964184732 0.025333342321913966 
0.07759974866478166 0.025333052754486957 
0.027018535972353125 0.9544016786892806 

0.022934338674206724 0.9569398576677984 
0.34967012252591895 0.012662888349212476 
0.025761859880615773 0.9543942606718537 
0.031416902293433864 0.055736763888760935 
0.27269871190700595 0.017724976088487065 
0.33176248821866167 0.017724275927991286 
0.2274583726044612 0.020258856141669505 
0.19164310398994658 0.0202590490615679 
0.13289349670122527 0.020261279270322542 
0.16431039899465913 0.020261152839474113 
0.04398366321080741 0.020280013023861586 
0.06471881872447377 0.02027897958910064 
0.11467169337103361 0.020263258361083555 
0.12975180647188186 0.02026310264021453 
0.33521834747093937 0.017724156620888824 
0.24599434495758718 0.017728154556005734 
0.23217090794847628 0.02025848416438035 
0.07163053722902922 0.020273107248047206 
0.08356896010053409 0.020272760955509984 
0.16933710336160854 0.020260315341169535 
0.17907634307257306 0.02026009031797321 
0.18661639962299717 0.02025998002699871 
0.26767200754005654 0.017725836425559794 
0.2604461200125668 0.01772606953364932 
0.03204524033930255 0.04054514163449463 
0.03361608545397424 0.04054053909186379 
0.03424442349984291 0.025354803723139255 
0.25227772541627397 0.017726645075715336 
0.2582469368520264 0.017726560003849274 
0.10053408733898837 0.020268389440807666 
0.09613572101790764 0.020268640074317272 
0.06848884699968583 0.02027800278090192 
0.2695570216776626 0.017725112009795412 
0.11153000314169023 0.020263906565026208 
0.08702481935281181 0.020271768769026987 
0.0901665095821552 0.020270841290358096 
0.23028589381087025 0.020258575478082352 
0.038956958843858 0.02281913503588063 
0.10084825636192271 0.020267207207271817 
0.10336160854539743 0.020266984019258517 
0.16682375117813383 0.020260664435374772 
0.09393653785736726 0.02027025586056002 
0.0917373546968269 0.02027054542798703 
0.1690229343386742 0.02026054648744601 
0.2494502042098649 0.01772681822198393 
0.25164938737040526 0.017726731142574004 
0.03581526861451461 0.022821602285828937 
0.03707194470625196 0.022819928080506858 
0.1096449890040842 0.02026442107690567 
0.24756519007225888 0.017726906331919444 
0.08513980521520578 0.020272091981290402 
0.0942507068803016 0.020269694823670175 
0.10524662268300346 0.020266131481261704 
0.10713163682060949 0.02026592786169551 
0.024819352811812755 0.9543959687679717 
0.039271127866792335 0.02028697089065735 
0.10870248193528118 0.02026572784601545 
0.10367577756833177 0.02026654992881058 
0.0235626767200754 0.9569291676405731 
0.06974552309142319 0.02027753417696876 
0.07100219918316054 0.020274968570434676 
0.13195098963242224 0.020262077189454778 
0.18787307571473452 0.020259763742100652 
0.18912975180647187 0.020259246834797098 
0.1306943135406849 0.02026264974211452 
0.25950361294376373 0.017726475909820745 
0.19038642789820923 0.02025914733014113 
0.0430411561420044 0.020281108156220223 
0.04021363493559535 0.02028551606396368 
0.042098649073201384 0.02028287919058143 
0.040841972981464025 0.02028415509705671 
0.04147031102733271 0.020283507017577196 

