1435.0 470.02564102564105 
3576.0 94.0031055900621 
1456.0 109.01851851851852 
1453.0 469.0181818181818 
3208.0 94.0031545741325 
2715.0 94.00387596899225 
2271.0 94.0054347826087 
2126.0 94.00552486187846 
2972.0 94.00341296928327 
3115.0 94.00334448160535 
2573.0 94.00392156862745 
2392.0 94.00411522633745 
2498.0 94.0040650406504 
2009.0 94.00571428571429 
2109.0 94.00568181818181 
1703.0 95.00819672131148 
1616.0 95.00840336134453 
1910.0 95.00628930817611 
1834.0 95.00645161290322 
2919.0 94.00355871886121 
2848.0 94.00357142857143 
3140.0 94.00316455696202 
1541.0 95.01351351351352 
1476.0 95.01408450704226 
2766.0 94.0036496350365 
1709.0 95.00806451612904 
1762.0 95.00769230769231 
1459.0 109.01694915254237 
1461.0 103.01785714285714 
2800.0 94.00363636363636 
1816.0 95.0072463768116 
1784.0 95.00746268656717 
2521.0 94.00401606425703 
2552.0 94.00398406374502 
2343.0 94.0042194092827 
2739.0 94.00373134328358 
2370.0 94.00414937759336 
2826.0 94.0036231884058 
2947.0 94.00347222222223 
1465.0 101.01694915254237 
1466.0 97.01724137931035 
2504.0 94.00404858299595 
1942.0 94.00704225352112 
1962.0 94.00699300699301 
2325.0 94.0045871559633 
2308.0 94.0047619047619 
1832.0 95.00671140939598 
1768.0 95.00763358778626 
1978.0 94.00625 
1993.0 94.00591715976331 
1468.0 95.01666666666667 
1542.0 95.01234567901234 
1463.0 101.01724137931035 
1555.0 95.01219512195122 
3127.0 94.00324675324676 
2932.0 94.00353356890459 
2835.0 94.00358422939068 
1467.0 97.01694915254237 
2727.0 94.00381679389314 
2563.0 94.00396825396825 
2943.0 94.00350877192983 
2280.0 94.005291005291 
2118.0 94.00558659217877 
2289.0 94.00510204081633 
1438.0 470.02222222222224 
1440.0 469.02127659574467 
1968.0 94.00694444444444 
1970.0 94.00653594771242 
1976.0 94.00649350649351 
2297.0 94.00507614213198 
1934.0 94.00719424460432 
2001.0 94.00584795321637 
2117.0 94.00561797752809 
2272.0 94.00540540540541 
1911.0 94.00862068965517 
1603.0 95.00892857142857 
1596.0 95.00909090909092 
2720.0 94.003861003861 
1926.0 94.00769230769231 
1920.0 94.0077519379845 
1570.0 95.01052631578948 
1576.0 95.01041666666667 
2335.0 94.00450450450451 
2329.0 94.00452488687783 
2829.0 94.00359712230215 
2302.0 94.00478468899522 
1584.0 95.00961538461539 
1589.0 95.00943396226415 
1591.0 95.00925925925925 
3124.0 94.00332225913621 
1608.0 95.00869565217391 
3119.0 94.00333333333333 
1443.0 469.02 
1447.0 469.01960784313724 
1580.0 95.01030927835052 
1913.0 94.00833333333334 
1917.0 94.008 
1559.0 95.01123595505618 
2339.0 94.00442477876106 
2005.0 94.00578034682081 
1930.0 94.00735294117646 
2301.0 94.0048076923077 
1471.0 95.01639344262296 
1473.0 95.01492537313433 
1448.0 469.0188679245283 
1451.0 469.01851851851853 
1927.0 94.00740740740741 
1562.0 95.01098901098901 
1565.0 95.01086956521739 
1611.0 95.00862068965517 
1613.0 95.00847457627118 
1568.0 95.01063829787235 

1428.0 466.03846153846155 
4008.0 94.0027397260274 
1448.0 465.02702702702703 
1454.0 110.0204081632653 
3592.0 94.00282485875707 
3886.0 94.00277777777778 
3156.0 94.0032362459547 
3333.0 94.00322580645161 
3022.0 95.00342465753425 
2885.0 95.00343642611683 
2410.0 95.00460829493088 
1843.0 95.00675675675676 
1972.0 95.00666666666666 
2538.0 95.00450450450451 
3437.0 94.00299401197604 
3560.0 94.00294985250737 
3902.0 94.00274725274726 
2409.0 95.00478468899522 
2314.0 95.0048076923077 
2719.0 95.00411522633745 
2625.0 95.00418410041841 
1758.0 95.00943396226415 
1679.0 95.00961538461539 
1580.0 95.01086956521739 
1655.0 95.01052631578948 
2246.0 95.0049751243781 
2308.0 95.00485436893204 
2028.0 95.00649350649351 
1978.0 95.00653594771242 
2124.0 95.00578034682081 
2078.0 95.00588235294117 
2739.0 95.00392156862745 
2785.0 95.00371747211896 
1456.0 104.01923076923077 
1460.0 104.01818181818182 
1463.0 98.01851851851852 
2548.0 95.00444444444445 
2587.0 95.00438596491227 
3369.0 94.0032154340836 
1539.0 95.01176470588236 
1572.0 95.01149425287356 
2134.0 95.00561797752809 
2166.0 95.00534759358288 
3385.0 94.0031545741325 
3415.0 94.003125 
3590.0 94.0028818443804 
3562.0 94.00291545189505 
2043.0 95.00602409638554 
2068.0 95.0059880239521 
2837.0 95.00352112676056 
2812.0 95.00353356890459 
2237.0 95.00510204081633 
2213.0 95.00515463917526 
2861.0 95.00347222222223 
1494.0 95.0126582278481 
1517.0 95.0125 
2172.0 95.005291005291 
2195.0 95.00526315789473 
1480.0 97.01408450704226 
3102.0 94.00338983050847 
3123.0 94.00337837837837 
2608.0 95.00425531914894 
1537.0 95.01234567901234 
2589.0 95.00432900432901 
1815.0 95.00694444444444 
1482.0 95.01587301587301 
3053.0 95.0032362459547 
1829.0 95.00689655172414 
3142.0 94.00324675324676 
1776.0 95.00909090909092 
3129.0 94.00326797385621 
3035.0 95.00337837837837 
1763.0 95.00925925925925 
1429.0 465.037037037037 
1446.0 465.03225806451616 
1434.0 465.0344827586207 
1777.0 95.00862068965517 
2727.0 95.00396825396825 
2801.0 95.00367647058823 
2849.0 95.0034965034965 
1788.0 95.00840336134453 
2614.0 95.00420168067227 
1472.0 98.01666666666667 
3060.0 94.00393700787401 
3074.0 94.00383141762453 
3077.0 94.0037037037037 
3045.0 95.0032894736842 
2791.0 95.00369003690037 
3087.0 94.00369003690037 
3064.0 94.00392156862745 
2037.0 95.00632911392405 
1669.0 95.01010101010101 
2204.0 95.00523560209425 
3435.0 94.00306748466258 
3426.0 94.00308641975309 
1661.0 95.01020408163265 
2803.0 95.00366300366301 
1484.0 95.01470588235294 
1490.0 95.01315789473684 
1468.0 98.01724137931035 
1807.0 95.00751879699249 
1813.0 95.00714285714285 
1803.0 95.00769230769231 
3096.0 94.00352112676056 
1797.0 95.0077519379845 
2610.0 95.0042372881356 
2809.0 95.00354609929079 
3420.0 94.00311526479751 
1792.0 95.0078125 
1670.0 95.01 
1759.0 95.00934579439253 
1656.0 95.01041666666667 
1674.0 95.00990099009901 
3091.0 94.00366300366301 
1488.0 95.01388888888889 
1576.0 95.0111111111111 
1809.0 95.00719424460432 
1466.0 98.01754385964912 

1461.0 109.0204081632653 
3926.0 94.00327868852459 
1464.0 103.01923076923077 
1469.0 101.01754385964912 
1471.0 97.01754385964912 
2959.0 94.00383141762453 
3341.0 94.00381679389314 
1473.0 95.01694915254237 
1467.0 101.01851851851852 
3908.0 94.00335570469798 
3586.0 94.00343642611683 
1772.0 95.00826446280992 
1796.0 94.01052631578948 
3385.0 94.0037037037037 
3524.0 94.00367647058823 
2525.0 94.00469483568075 
2659.0 94.00467289719626 
2820.0 94.00408163265305 
2942.0 94.00398406374502 
2069.0 94.00694444444444 
1976.0 94.0072463768116 
2510.0 94.00485436893204 
2432.0 94.00490196078431 
2209.0 94.00625 
2136.0 94.00632911392405 
1829.0 94.00877192982456 
1891.0 94.00862068965517 
2770.0 94.00429184549357 
2711.0 94.00431034482759 
1722.0 95.00833333333334 
1653.0 95.00934579439253 
1702.0 95.0091743119266 
1532.0 95.01333333333334 
1578.0 95.01282051282051 
2378.0 94.005 
2423.0 94.00492610837438 
2232.0 94.00584795321637 
2273.0 94.00568181818181 
1526.0 95.01449275362319 
1489.0 95.01470588235294 
1622.0 95.01098901098901 
1588.0 95.01190476190476 
2286.0 94.00558659217877 
2319.0 94.00555555555556 
3555.0 94.0034965034965 
3342.0 94.00377358490566 
2100.0 94.00649350649351 
2128.0 94.00636942675159 
3370.0 94.00371747211896 
1930.0 94.00826446280992 
1955.0 94.0078125 
2358.0 94.00534759358288 
2335.0 94.00549450549451 
2774.0 94.0042372881356 
2796.0 94.0042194092827 
1910.0 94.00847457627118 
2681.0 94.00462962962963 
2665.0 94.0046511627907 
1895.0 94.00854700854701 
3536.0 94.00359712230215 
3551.0 94.00358422939068 
1815.0 94.00884955752213 
2696.0 94.00450450450451 
2710.0 94.00432900432901 
2808.0 94.00416666666666 
2081.0 94.00662251655629 
2226.0 94.00613496932516 
2216.0 94.00617283950618 
3534.0 94.00366300366301 
2325.0 94.00552486187846 
1631.0 95.01063829787235 
1967.0 94.00746268656717 
1958.0 94.00763358778626 
2953.0 94.00389105058366 
2090.0 94.00657894736842 
2944.0 94.00396825396825 
1484.0 95.01639344262296 
1476.0 95.01666666666667 
1639.0 95.01041666666667 
2689.0 94.00452488687783 
1709.0 95.009009009009 
1716.0 95.00862068965517 
2371.0 94.00507614213198 
2364.0 94.005291005291 
1802.0 94.00970873786407 
1647.0 95.00980392156863 
1808.0 94.00925925925925 
1809.0 94.009009009009 
1641.0 95.01020408163265 
2094.0 94.00653594771242 
1528.0 95.01369863013699 
1580.0 95.0125 
1584.0 95.01234567901234 
1486.0 95.01515151515152 
1585.0 95.01219512195122 
3553.0 94.00352112676056 
3552.0 94.00354609929079 

1426.0 465.030303030303 
4302.0 88.00347222222223 
1448.0 464.02 
1454.0 109.02083333333333 
3113.0 95.00340136054422 
3431.0 95.00335570469798 
3914.0 94.00294985250737 
4175.0 93.00319488817891 
3893.0 94.003003003003 
3760.0 94.0030303030303 
2404.0 95.00492610837438 
2546.0 95.00485436893204 
1981.0 95.00699300699301 
1840.0 95.00714285714285 
2004.0 95.00649350649351 
2133.0 95.00636942675159 
3717.0 95.00319488817891 
3591.0 95.00320512820512 
2981.0 95.00398406374502 
2866.0 95.004 
3469.0 95.00322580645161 
3579.0 95.0032154340836 
2685.0 95.00438596491227 
2762.0 95.00436681222708 
1620.0 95.0125 
1554.0 95.01315789473684 
2598.0 95.00471698113208 
2280.0 95.00534759358288 
2343.0 95.005291005291 
2649.0 95.00456621004567 
1462.0 97.01851851851852 
1748.0 95.00862068965517 
1790.0 95.00854700854701 
2790.0 95.00416666666666 
3029.0 95.00367647058823 
2831.0 95.00411522633745 
1745.0 95.009009009009 
1706.0 95.0091743119266 
1545.0 95.01470588235294 
1509.0 95.01515151515152 
1457.0 103.01960784313725 
1459.0 101.01886792452831 
2198.0 95.00574712643679 
1456.0 107.02 
3112.0 95.00348432055749 
1477.0 97.01818181818182 
3082.0 95.00350877192983 
2224.0 95.00571428571429 
3057.0 95.0036496350365 
1479.0 95.01754385964912 
2377.0 95.00510204081633 
4200.0 93.00314465408805 
3743.0 94.00307692307692 
4236.0 89.00404858299595 
4220.0 90.00416666666666 
2662.0 95.00446428571429 
2580.0 95.00478468899522 
2558.0 95.0048309178744 
4206.0 91.00432900432901 
2240.0 95.00564971751412 
2852.0 95.00401606425703 
2262.0 95.0054347826087 
4288.0 88.00358422939068 
4182.0 93.00316455696202 
1455.0 109.01960784313725 
2360.0 95.00515463917526 
1634.0 95.01219512195122 
1650.0 95.01204819277109 
4250.0 88.00384615384615 
2226.0 95.00568181818181 
2778.0 95.00431034482759 
2246.0 95.00561797752809 
3447.0 95.0032894736842 
3453.0 95.00327868852459 
2985.0 95.00390625 
3000.0 95.00389105058366 
1436.0 465.0238095238095 
1437.0 464.0263157894737 
1623.0 95.01234567901234 
1996.0 95.00653594771242 
3729.0 95.00307692307692 
4264.0 88.00378787878788 
3016.0 95.00371747211896 
4201.0 92.00319488817891 
4284.0 88.00359712230215 
3725.0 95.00313479623824 
4275.0 88.00377358490566 
2586.0 95.00473933649289 
4248.0 88.003861003861 
2144.0 95.00632911392405 
3069.0 95.00355871886121 
2181.0 95.00584795321637 
3080.0 95.00354609929079 
2192.0 95.00578034682081 
1684.0 95.00961538461539 
1489.0 95.01587301587301 
2350.0 95.00518134715026 
2780.0 95.00425531914894 
2651.0 95.00454545454545 
2154.0 95.00625 
1553.0 95.01388888888889 
1663.0 95.0111111111111 
1672.0 95.01052631578948 
1988.0 95.00675675675676 
1500.0 95.01538461538462 
4276.0 88.00371747211896 
1806.0 95.00826446280992 
3015.0 95.00375939849624 
2160.0 95.00621118012423 
1815.0 95.0077519379845 
2172.0 95.00591715976331 
2837.0 95.00409836065573 
2846.0 95.00403225806451 
1492.0 95.015625 
3065.0 95.00363636363636 
2659.0 95.00452488687783 
3007.0 95.00383141762453 
1444.0 464.0204081632653 
1827.0 95.00763358778626 
1834.0 95.00729927007299 
1656.0 95.01190476190476 
1799.0 95.00840336134453 
1820.0 95.00769230769231 
2163.0 95.00617283950618 
2170.0 95.00595238095238 
1430.0 465.02941176470586 
1678.0 95.01 
1694.0 95.00934579439253 
1688.0 95.00952380952381 
1990.0 95.00666666666666 
1700.0 95.00925925925925 
2349.0 95.00526315789473 
1793.0 95.00847457627118 

1442.0 475.03125 
4143.0 91.00292397660819 
1448.0 109.0204081632653 
1445.0 465.02941176470586 
3090.0 95.003861003861 
2883.0 95.00392156862745 
3976.0 95.00298507462686 
3804.0 95.0030487804878 
2610.0 95.00442477876106 
2742.0 95.00438596491227 
3610.0 95.0031847133758 
3738.0 95.0031746031746 
1772.0 95.00826446280992 
1872.0 95.0079365079365 
3258.0 95.00361010830325 
3358.0 95.00354609929079 
3162.0 95.00371747211896 
2392.0 95.00492610837438 
2488.0 95.00490196078431 
3557.0 95.003300330033 
3462.0 95.00335570469798 
4019.0 91.00333333333333 
1688.0 95.00884955752213 
2778.0 95.00425531914894 
2856.0 95.00414937759336 
4087.0 91.00325732899023 
2548.0 95.00471698113208 
1444.0 473.02941176470586 
2122.0 95.0059880239521 
2604.0 95.00467289719626 
2067.0 95.00602409638554 
1933.0 95.00746268656717 
1983.0 95.00740740740741 
1570.0 95.01219512195122 
1619.0 95.01204819277109 
2253.0 95.00518134715026 
2301.0 95.0051282051282 
1528.0 95.01492537313433 
1482.0 95.01538461538462 
2124.0 95.00595238095238 
2170.0 95.00591715976331 
2346.0 95.00510204081633 
1450.0 103.01960784313725 
3993.0 95.00294117647059 
2347.0 95.005 
2389.0 95.0049504950495 
1925.0 95.00757575757575 
2490.0 95.00487804878048 
1887.0 95.00769230769231 
3407.0 95.00340136054422 
3444.0 95.00338983050847 
2526.0 95.0048309178744 
2174.0 95.00574712643679 
1457.0 101.01666666666667 
2207.0 95.00571428571429 
3359.0 95.00348432055749 
1991.0 95.00735294117646 
2024.0 95.00729927007299 
3392.0 95.00344827586207 
3772.0 95.00305810397553 
1458.0 97.01754385964912 
4017.0 93.00307692307692 
2770.0 95.00432900432901 
4005.0 93.003300330033 
1540.0 95.0126582278481 
1566.0 95.0125 
4120.0 91.0030395136778 
4090.0 91.0032154340836 
3140.0 95.00374531835206 
1460.0 95.01694915254237 
2233.0 95.00534759358288 
4110.0 91.00313479623824 
3573.0 95.00326797385621 
3592.0 95.0032362459547 
3607.0 95.0032154340836 
3460.0 95.003367003367 
3755.0 95.0030959752322 
1452.0 101.01886792452831 
4136.0 91.00301204819277 
1451.0 103.01923076923077 
2219.0 95.00549450549451 
2540.0 95.00478468899522 
2870.0 95.00396825396825 
3104.0 95.00381679389314 
3117.0 95.00380228136882 
3127.0 95.00377358490566 
3771.0 95.00307692307692 
3092.0 95.00384615384615 
3759.0 95.00308641975309 
1652.0 95.01052631578948 
1641.0 95.01086956521739 
3402.0 95.00343642611683 
1633.0 95.0111111111111 
2040.0 95.00709219858156 
2047.0 95.00641025641026 
1620.0 95.01190476190476 
2032.0 95.0072463768116 
1927.0 95.00751879699249 
1880.0 95.0077519379845 
2055.0 95.00632911392405 
1627.0 95.01176470588236 
2863.0 95.00413223140495 
2212.0 95.00561797752809 
1632.0 95.01149425287356 
1466.0 95.01639344262296 
1472.0 95.01587301587301 
1478.0 95.015625 
1676.0 95.0091743119266 
1682.0 95.009009009009 
2056.0 95.00628930817611 
2061.0 95.00621118012423 
1453.0 101.01724137931035 
1653.0 95.01010101010101 
1658.0 95.01 
1663.0 95.00970873786407 
1668.0 95.00952380952381 
1671.0 95.00934579439253 
1536.0 95.01369863013699 
1532.0 95.01408450704226 
1468.0 95.01612903225806 
2172.0 95.00588235294117 

1353.0 471.0263157894737 
3498.0 94.00363636363636 
1452.0 110.01886792452831 
1445.0 470.0192307692308 
3190.0 94.00366300366301 
2920.0 94.00392156862745 
3130.0 94.00387596899225 
2391.0 94.00485436893204 
2594.0 94.00467289719626 
2683.0 94.00440528634361 
2799.0 94.00429184549357 
2252.0 94.00549450549451 
2367.0 94.00518134715026 
1838.0 94.00735294117646 
1934.0 94.00719424460432 
1947.0 94.00704225352112 
2041.0 94.00680272108843 
2917.0 94.00403225806451 
2835.0 94.0040650406504 
1742.0 94.0077519379845 
1823.0 94.00769230769231 
2163.0 94.0060975609756 
2236.0 94.0059880239521 
1600.0 95.00943396226415 
1663.0 95.00934579439253 
1496.0 95.0125 
1552.0 95.01219512195122 
1465.0 103.015625 
2632.0 94.00462962962963 
1455.0 104.01851851851852 
1467.0 97.01612903225806 
1400.0 471.0175438596491 
1433.0 470.0263157894737 
2112.0 94.00632911392405 
2144.0 94.00625 
2662.0 94.00454545454545 
3146.0 94.00378787878788 
2086.0 94.00653594771242 
2063.0 94.00671140939598 
3169.0 94.00367647058823 
1377.0 471.0232558139535 
1356.0 471.02564102564105 
1590.0 95.01 
1572.0 95.01010101010101 
1718.0 94.00840336134453 
1701.0 94.00847457627118 
2159.0 94.00621118012423 
2668.0 94.00452488687783 
2814.0 94.0042372881356 
1386.0 471.01851851851853 
2055.0 94.00675675675676 
1481.0 97.01388888888889 
2389.0 94.005 
2376.0 94.00507614213198 
1458.0 103.01666666666667 
1482.0 95.01428571428572 
2242.0 94.00581395348837 
1829.0 94.00746268656717 
2103.0 94.00636942675159 
2820.0 94.0042194092827 
2829.0 94.00408163265305 
1677.0 94.00925925925925 
2095.0 94.00641025641026 
1485.0 95.01333333333334 
1492.0 95.01282051282051 
1557.0 95.01176470588236 
1681.0 94.00909090909092 
1697.0 94.00862068965517 
1564.0 95.01052631578948 
1690.0 94.00884955752213 
2093.0 94.00645161290322 
1675.0 95.00892857142857 
1669.0 95.00925925925925 
1736.0 94.0078125 
1687.0 94.00892857142857 
1730.0 94.0079365079365 
1940.0 94.00714285714285 
1941.0 94.00709219858156 
1674.0 95.00909090909092 
1568.0 95.01030927835052 
2240.0 94.00591715976331 
1596.0 95.00961538461539 
1726.0 94.008 
1439.0 470.025 
1441.0 470.02127659574467 
1383.0 471.0192307692308 
1444.0 470.0208333333333 
1470.0 97.01515151515152 
1380.0 471.02222222222224 
1436.0 470.02564102564105 
1473.0 97.01470588235294 
1476.0 97.01428571428572 
1593.0 95.00970873786407 
1721.0 94.00819672131148 
1479.0 97.01408450704226 
1554.0 95.01204819277109 
1680.0 94.0091743119266 
1724.0 94.00806451612904 
1382.0 471.02127659574467 
1483.0 95.01388888888889 
1825.0 94.00763358778626 
1827.0 94.00751879699249 
1566.0 95.01041666666667 

1430.0 465.025 
3214.0 95.0032362459547 
1442.0 464.02127659574467 
1450.0 109.01886792452831 
2924.0 95.00342465753425 
3183.0 95.00337837837837 
2792.0 95.0037037037037 
2632.0 95.00380228136882 
2370.0 95.00429184549357 
2529.0 95.0042194092827 
1657.0 95.00970873786407 
1743.0 95.00952380952381 
2230.0 95.00523560209425 
2148.0 95.00526315789473 
1552.0 95.01219512195122 
1623.0 95.01204819277109 
1835.0 95.00892857142857 
1772.0 95.009009009009 
2262.0 95.0048309178744 
2324.0 95.0047619047619 
1545.0 95.01315789473684 
1486.0 95.01369863013699 
2004.0 95.00657894736842 
1947.0 95.00694444444444 
1853.0 95.0079365079365 
1904.0 95.0078125 
1453.0 109.01818181818182 
1456.0 103.01694915254237 
2054.0 95.00571428571429 
2085.0 95.00568181818181 
2567.0 95.00413223140495 
2537.0 95.00414937759336 
2259.0 95.00518134715026 
2880.0 95.00353356890459 
2904.0 95.00352112676056 
1459.0 101.01639344262296 
2588.0 95.00395256916995 
1462.0 97.01666666666667 
1752.0 95.00925925925925 
2106.0 95.0054347826087 
2126.0 95.00531914893617 
2803.0 95.00363636363636 
2822.0 95.00361010830325 
2849.0 95.00357142857143 
2868.0 95.00354609929079 
2833.0 95.00358422939068 
1914.0 95.00729927007299 
1929.0 95.00719424460432 
2595.0 95.00390625 
2610.0 95.00389105058366 
3196.0 95.00333333333333 
2135.0 95.005291005291 
2334.0 95.00471698113208 
2347.0 95.00452488687783 
2912.0 95.00350877192983 
2621.0 95.00381679389314 
3207.0 95.00324675324676 
1463.0 97.01612903225806 
1464.0 95.01612903225806 
1935.0 95.00704225352112 
2360.0 95.00440528634361 
2350.0 95.00442477876106 
2620.0 95.00387596899225 
1945.0 95.00699300699301 
2036.0 95.00588235294117 
2013.0 95.00649350649351 
2045.0 95.00584795321637 
2325.0 95.00473933649289 
1648.0 95.01052631578948 
1641.0 95.01063829787235 
1432.0 465.02222222222224 
1471.0 95.01538461538462 
1465.0 95.015625 
1910.0 95.00769230769231 
2019.0 95.00636942675159 
2025.0 95.00632911392405 
2091.0 95.00564971751412 
2030.0 95.0060975609756 
1437.0 464.0238095238095 
1631.0 95.01162790697674 
1626.0 95.01190476190476 
1748.0 95.00934579439253 
2049.0 95.00578034682081 
2101.0 95.00546448087432 
1438.0 464.0217391304348 
1548.0 95.0126582278481 
1652.0 95.01010101010101 
1479.0 95.01428571428572 
1482.0 95.01388888888889 
1638.0 95.01098901098901 
1656.0 95.01 
1634.0 95.01136363636364 
1475.0 95.01449275362319 
2095.0 95.00558659217877 
2097.0 95.00549450549451 
1473.0 95.01470588235294 
2349.0 95.00450450450451 
2027.0 95.00621118012423 
2028.0 95.00613496932516 

1434.0 472.04 
3800.0 95.0028818443804 
1451.0 469.0238095238095 
1454.0 116.02380952380952 
2731.0 95.00418410041841 
2858.0 95.00396825396825 
3386.0 95.00334448160535 
3511.0 95.003300330033 
2904.0 95.00387596899225 
3027.0 95.00381679389314 
2072.0 95.00558659217877 
2174.0 95.00555555555556 
3731.0 95.0030395136778 
1914.0 95.00699300699301 
2008.0 95.00694444444444 
3041.0 95.00380228136882 
3132.0 95.00378787878788 
2185.0 95.00549450549451 
2275.0 95.0054347826087 
3584.0 95.00313479623824 
3658.0 95.003125 
2388.0 95.00502512562814 
2460.0 95.0049751243781 
3363.0 95.00342465753425 
3292.0 95.00346020761246 
2491.0 95.0047619047619 
2552.0 95.00471698113208 
3184.0 95.00377358490566 
2335.0 95.00526315789473 
3784.0 95.00297619047619 
1585.0 95.01149425287356 
1636.0 95.0111111111111 
3683.0 95.00306748466258 
2690.0 95.0042194092827 
1462.0 103.01754385964912 
1644.0 95.01020408163265 
1687.0 95.01010101010101 
1468.0 97.01724137931035 
1865.0 95.00763358778626 
1905.0 95.00751879699249 
1460.0 109.01724137931035 
2640.0 95.00446428571429 
2602.0 95.00450450450451 
3256.0 95.00347222222223 
1804.0 95.0078125 
2310.0 95.00537634408602 
1839.0 95.00769230769231 
1458.0 109.01818181818182 
1457.0 114.02325581395348 
2584.0 95.00469483568075 
3558.0 95.0032154340836 
3528.0 95.00325732899023 
1739.0 95.00869565217391 
1768.0 95.00862068965517 
1502.0 95.015625 
1529.0 95.01538461538462 
3242.0 95.00353356890459 
3215.0 95.0036496350365 
3559.0 95.0031545741325 
1436.0 469.030303030303 
2896.0 95.00392156862745 
2872.0 95.00393700787401 
1563.0 95.01315789473684 
1789.0 95.00854700854701 
2027.0 95.00666666666666 
1735.0 95.00961538461539 
1717.0 95.00980392156863 
1701.0 95.01 
2057.0 95.00617283950618 
3201.0 95.00367647058823 
3186.0 95.00375939849624 
1483.0 95.02 
2589.0 95.00454545454545 
3672.0 95.00311526479751 
3372.0 95.00337837837837 
3525.0 95.00326797385621 
1480.0 97.015625 
1542.0 95.01388888888889 
1555.0 95.01369863013699 
2477.0 95.00490196078431 
2653.0 95.00440528634361 
3787.0 95.00294117647059 
2490.0 95.00478468899522 
2657.0 95.00436681222708 
2669.0 95.00434782608696 
2050.0 95.00645161290322 
2040.0 95.00653594771242 
2679.0 95.00432900432901 
2470.0 95.0049504950495 
1798.0 95.00847457627118 
1913.0 95.00746268656717 
1531.0 95.01515151515152 
2687.0 95.0042735042735 
2033.0 95.00662251655629 
1442.0 469.02777777777777 
1537.0 95.01492537313433 
1496.0 95.01587301587301 
2056.0 95.00625 
1476.0 97.01666666666667 
1471.0 97.01694915254237 
2588.0 95.00467289719626 
1488.0 95.01754385964912 
1446.0 469.0263157894737 
1492.0 95.01639344262296 
1479.0 97.01587301587301 
1559.0 95.01351351351352 
1448.0 469.025 
1485.0 95.01923076923077 

1437.0 465.02941176470586 
3449.0 95.00371747211896 
1446.0 464.0232558139535 
1451.0 109.01785714285714 
2337.0 95.00537634408602 
2713.0 95.00462962962963 
2857.0 95.00456621004567 
3190.0 95.00409836065573 
2027.0 95.00628930817611 
2139.0 95.00602409638554 
3301.0 95.0040650406504 
2504.0 95.00492610837438 
2614.0 95.00490196078431 
2232.0 95.00549450549451 
2442.0 95.00531914893617 
1910.0 95.00671140939598 
2009.0 95.00657894736842 
3078.0 95.00420168067227 
3160.0 95.00418410041841 
3402.0 95.00390625 
3323.0 95.004 
1657.0 97.009009009009 
1719.0 97.00892857142857 
3065.0 95.0042372881356 
3006.0 95.00434782608696 
1757.0 97.0077519379845 
1805.0 97.00751879699249 
2964.0 95.00444444444445 
2916.0 95.00446428571429 
2446.0 95.00510204081633 
3405.0 95.00378787878788 
2493.0 95.0050505050505 
1818.0 97.00719424460432 
1863.0 95.00769230769231 
2899.0 95.00454545454545 
2222.0 95.00561797752809 
2185.0 95.00568181818181 
1460.0 103.01587301587301 
2660.0 95.00478468899522 
2696.0 95.00471698113208 
1453.0 103.01694915254237 
1462.0 97.01694915254237 
1499.0 97.01333333333334 
1533.0 97.01315789473684 
2659.0 95.00485436893204 
2626.0 95.00487804878048 
2154.0 95.00581395348837 
2184.0 95.00574712643679 
2978.0 95.00436681222708 
3187.0 95.00416666666666 
1561.0 97.01234567901234 
1537.0 97.01282051282051 
1738.0 97.00847457627118 
1612.0 97.00970873786407 
1477.0 97.01538461538462 
1494.0 97.01515151515152 
1628.0 97.00925925925925 
1642.0 97.00909090909092 
2698.0 95.00467289719626 
2913.0 95.00448430493273 
1629.0 97.0091743119266 
1573.0 97.01190476190476 
1580.0 97.01162790697674 
1592.0 97.01149425287356 
2017.0 95.00649350649351 
2145.0 95.00595238095238 
1889.0 95.0072463768116 
1896.0 95.00689655172414 
1726.0 97.00884955752213 
1903.0 95.0068493150685 
1870.0 95.00763358778626 
1872.0 95.00751879699249 
1811.0 97.00740740740741 
1879.0 95.00746268656717 
1882.0 95.00740740740741 
1438.0 464.030303030303 
1440.0 464.0243902439024 
1475.0 97.01587301587301 
1469.0 97.01612903225806 
1732.0 97.00862068965517 
1605.0 97.01030927835052 
1575.0 97.01176470588236 
1610.0 97.00980392156863 
1456.0 103.01666666666667 
1498.0 97.01449275362319 
1495.0 97.01470588235294 
1595.0 97.01136363636364 
1465.0 97.01666666666667 
1468.0 97.01639344262296 
2445.0 95.005291005291 
1602.0 97.01052631578948 
1597.0 97.01098901098901 
1599.0 97.01075268817205 
1600.0 97.01063829787235 
1439.0 464.0285714285714 

1426.0 465.03125 
2466.0 92.0054347826087 
1435.0 464.02564102564105 
1453.0 109.02127659574468 
2221.0 94.00515463917526 
2409.0 94.00487804878048 
2077.0 95.00613496932516 
1963.0 95.00621118012423 
1776.0 95.00709219858156 
1876.0 95.00704225352112 
1493.0 95.01449275362319 
1559.0 95.01408450704226 
1718.0 95.00787401574803 
1766.0 95.0078125 
2420.0 94.0048309178744 
2136.0 94.00641025641026 
2092.0 95.0059880239521 
1581.0 95.01176470588236 
1619.0 95.01162790697674 
1892.0 95.00671140939598 
1923.0 95.00662251655629 
1947.0 95.00657894736842 
2205.0 94.00549450549451 
2182.0 94.00558659217877 
1455.0 103.02 
1460.0 103.01818181818182 
1462.0 97.01923076923077 
2156.0 94.00581395348837 
2175.0 94.00578034682081 
1673.0 95.00990099009901 
1659.0 95.01 
1571.0 95.01369863013699 
2211.0 94.00520833333333 
1708.0 95.00813008130082 
1630.0 95.01123595505618 
1640.0 95.01086956521739 
2086.0 95.00602409638554 
1477.0 96.01754385964912 
1674.0 95.00943396226415 
1682.0 95.00934579439253 
1884.0 95.0068493150685 
1652.0 95.01063829787235 
1645.0 95.01075268817205 
1891.0 95.00680272108843 
2147.0 94.00588235294117 
2154.0 94.00584795321637 
1467.0 96.01851851851852 
1471.0 96.01785714285714 
1702.0 95.00833333333334 
2141.0 94.00591715976331 
1624.0 95.01136363636364 
1653.0 95.01041666666667 
1688.0 95.009009009009 
1694.0 95.00892857142857 
1432.0 464.0263157894737 
1478.0 95.01724137931035 
1699.0 95.00884955752213 
1683.0 95.0091743119266 
1428.0 465.02702702702703 
1575.0 95.01351351351352 
1579.0 95.0125 
1773.0 95.00740740740741 
1951.0 95.00649350649351 
1955.0 95.00628930817611 
1769.0 95.00763358778626 
2179.0 94.00574712643679 
1959.0 95.00625 
1490.0 95.01492537313433 
1481.0 95.01666666666667 
1487.0 95.015625 
1483.0 95.01612903225806 
1485.0 95.01587301587301 

