656.0 4.111111111111111 
719.0 4.055555555555555 
679.0 4.1 
684.0 4.083333333333333 
701.0 4.066666666666666 
691.0 4.076923076923077 
713.0 4.0588235294117645 

664.0 4.083333333333333 
1079.0 4.033333333333333 
705.0 4.076923076923077 
717.0 4.055555555555555 
876.0 4.0476190476190474 
729.0 4.052631578947368 
977.0 4.037037037037037 
906.0 4.04 
964.0 4.038461538461538 
889.0 4.043478260869565 
905.0 4.041666666666667 

661.0 4.083333333333333 
807.0 3.04 
675.0 3.076923076923077 
734.0 3.0434782608695654 
790.0 3.0416666666666665 
693.0 3.0588235294117645 
713.0 3.05 
721.0 3.0476190476190474 
728.0 3.0454545454545454 
681.0 3.0714285714285716 
687.0 3.0625 

616.0 4.111111111111111 
719.0 3.0555555555555554 
689.0 3.0714285714285716 
695.0 3.0625 
715.0 3.0588235294117645 
691.0 3.066666666666667 
658.0 3.076923076923077 

663.0 4.1 
709.0 4.055555555555555 
679.0 4.076923076923077 
680.0 4.071428571428571 
697.0 4.0588235294117645 
691.0 4.066666666666666 
696.0 4.0625 

632.0 4.111111111111111 
983.0 4.033333333333333 
762.0 4.052631578947368 
879.0 4.045454545454546 
654.0 4.090909090909091 
697.0 4.055555555555555 
915.0 4.043478260869565 
671.0 4.071428571428571 
686.0 4.0625 
928.0 4.04 
657.0 4.083333333333333 
665.0 4.076923076923077 
957.0 4.035714285714286 
691.0 4.0588235294117645 
970.0 4.0344827586206895 

718.0 4.052631578947368 
640.0 4.111111111111111 
646.0 4.076923076923077 
680.0 4.0588235294117645 
674.0 4.066666666666666 
709.0 4.055555555555555 
645.0 4.090909090909091 
675.0 4.0625 

646.0 4.111111111111111 
753.0 4.05 
674.0 4.083333333333333 
717.0 4.052631578947368 
709.0 4.055555555555555 
704.0 4.071428571428571 
698.0 4.076923076923077 

646.0 4.083333333333333 
703.0 4.052631578947368 
670.0 4.076923076923077 
689.0 4.055555555555555 
671.0 4.071428571428571 
677.0 4.066666666666666 
683.0 4.0588235294117645 
682.0 4.0625 

930.0 4.04 
651.0 4.083333333333333 
746.0 4.041666666666667 
673.0 4.0625 
662.0 4.076923076923077 
744.0 4.0476190476190474 
705.0 4.05 
689.0 4.0588235294117645 
696.0 4.052631578947368 
691.0 4.055555555555555 

