1645.0 4.020408163265306 
982.0 4.1 
1102.0 4.0588235294117645 
1434.0 4.021739130434782 
1614.0 4.0212765957446805 
1311.0 4.022222222222222 
1125.0 4.045454545454546 
1263.0 4.0256410256410255 
1232.0 4.027027027027027 
1135.0 4.041666666666667 
1148.0 4.038461538461538 
1163.0 4.037037037037037 
1187.0 4.035714285714286 
1203.0 4.03125 
1220.0 4.029411764705882 
1280.0 4.024390243902439 
1630.0 4.020833333333333 
1295.0 4.023255813953488 
1296.0 4.0227272727272725 
1194.0 4.033333333333333 
1267.0 4.025 
1213.0 4.03030303030303 
1192.0 4.0344827586206895 
