845.0 5.066666666666666 
1802.0 4.019230769230769 
926.0 5.04 
978.0 4.05 
1280.0 4.0256410256410255 
1444.0 4.024390243902439 
1771.0 4.020833333333333 
1616.0 4.0212765957446805 
1590.0 4.0227272727272725 
1468.0 4.023255813953488 
1212.0 4.027777777777778 
1262.0 4.027027027027027 
1103.0 4.0344827586206895 
1054.0 4.035714285714286 
1169.0 4.029411764705882 
1030.0 4.045454545454546 
992.0 4.0476190476190474 
1139.0 4.03030303030303 
1801.0 4.019607843137255 
1117.0 4.03125 
864.0 5.0588235294117645 
866.0 5.055555555555555 
885.0 5.052631578947368 
907.0 5.041666666666667 
1464.0 4.023809523809524 
1035.0 4.037037037037037 
1603.0 4.021739130434782 
897.0 5.043478260869565 
1110.0 4.032258064516129 
1031.0 4.04 
892.0 5.0476190476190474 
889.0 5.05 
1034.0 4.038461538461538 
