956.0 4.1 
1706.0 4.018867924528302 
1074.0 4.083333333333333 
1585.0 4.019230769230769 
1095.0 4.076923076923077 
1110.0 4.066666666666666 
1301.0 4.032258064516129 
1145.0 4.0588235294117645 
1357.0 4.024390243902439 
1427.0 4.023255813953488 
1436.0 4.022222222222222 
1506.0 4.021739130434782 
1118.0 4.0625 
1159.0 4.052631578947368 
1565.0 4.020833333333333 
1256.0 4.033333333333333 
1316.0 4.027777777777778 
1518.0 4.0212765957446805 
1203.0 4.041666666666667 
1162.0 4.05 
1177.0 4.0476190476190474 
1216.0 4.038461538461538 
1235.0 4.0344827586206895 
1191.0 4.043478260869565 
1181.0 4.045454545454546 
1344.0 4.0256410256410255 
1220.0 4.037037037037037 
1234.0 4.035714285714286 
1326.0 4.027027027027027 
1580.0 4.019607843137255 
