1825.0 4.020408163265306 
881.0 5.083333333333333 
938.0 5.041666666666667 
1020.0 4.125 
1555.0 4.0212765957446805 
1817.0 4.020833333333333 
1421.0 4.0227272727272725 
1195.0 4.023809523809524 
1311.0 4.023255813953488 
1520.0 4.021739130434782 
1023.0 4.035714285714286 
1069.0 4.03030303030303 
1058.0 4.03125 
1144.0 4.0285714285714285 
1107.0 4.029411764705882 
1177.0 4.026315789473684 
1031.0 4.032258064516129 
920.0 5.0476190476190474 
902.0 5.055555555555555 
884.0 5.076923076923077 
895.0 5.066666666666666 
898.0 5.0625 
