845.0 5.066666666666666 
1802.0 4.019230769230769 
926.0 5.04 
978.0 4.05 
1280.0 4.0256410256410255 
1444.0 4.024390243902439 
1771.0 4.020833333333333 
1616.0 4.0212765957446805 
1590.0 4.0227272727272725 
1468.0 4.023255813953488 
1212.0 4.027777777777778 
1262.0 4.027027027027027 
1103.0 4.0344827586206895 
1054.0 4.035714285714286 
1169.0 4.029411764705882 
1030.0 4.045454545454546 
992.0 4.0476190476190474 
1139.0 4.03030303030303 
1801.0 4.019607843137255 
1117.0 4.03125 
864.0 5.0588235294117645 
866.0 5.055555555555555 
885.0 5.052631578947368 
907.0 5.041666666666667 
1464.0 4.023809523809524 
1035.0 4.037037037037037 
1603.0 4.021739130434782 
897.0 5.043478260869565 
1110.0 4.032258064516129 
1031.0 4.04 
892.0 5.0476190476190474 
889.0 5.05 
1034.0 4.038461538461538 

1781.0 4.020408163265306 
854.0 5.076923076923077 
1007.0 4.055555555555555 
968.0 5.0344827586206895 
1560.0 4.027777777777778 
1219.0 4.0285714285714285 
1658.0 4.021739130434782 
1779.0 4.020833333333333 
1135.0 4.029411764705882 
856.0 5.066666666666666 
904.0 5.043478260869565 
890.0 5.0625 
939.0 5.041666666666667 
1628.0 4.022222222222222 
1029.0 4.05 
1034.0 4.045454545454546 
1082.0 4.032258064516129 
1105.0 4.03125 
1583.0 4.027027027027027 
1608.0 4.0227272727272725 
1054.0 4.043478260869565 
1115.0 4.03030303030303 
1594.0 4.026315789473684 
898.0 5.0476190476190474 
957.0 5.035714285714286 
1060.0 4.041666666666667 
1070.0 4.037037037037037 
895.0 5.055555555555555 
945.0 5.04 
951.0 5.037037037037037 
1073.0 4.035714285714286 
1080.0 4.033333333333333 
893.0 5.0588235294117645 

895.0 4.1 

934.0 4.1 
1635.0 3.0277777777777777 
1027.0 3.04 
935.0 4.090909090909091 
1609.0 3.0285714285714285 
1305.0 3.0294117647058822 
1171.0 3.033333333333333 
1237.0 3.032258064516129 
1106.0 3.0344827586206895 
1301.0 3.03125 
1045.0 3.0384615384615383 
1075.0 3.037037037037037 
1095.0 3.0357142857142856 
1304.0 3.0303030303030303 

990.0 4.0625 
1701.0 4.018518518518518 
1184.0 4.025 
1344.0 4.024390243902439 
1441.0 4.021739130434782 
1570.0 4.0212765957446805 
997.0 4.0588235294117645 
1003.0 4.052631578947368 
1009.0 4.0476190476190474 
1626.0 4.018867924528302 
1118.0 4.026315789473684 
1016.0 4.043478260869565 
1042.0 4.037037037037037 
1025.0 4.04 
1104.0 4.029411764705882 
1392.0 4.023255813953488 
1586.0 4.019230769230769 
1145.0 4.0256410256410255 
1094.0 4.03030303030303 
1361.0 4.023809523809524 
1054.0 4.035714285714286 
1086.0 4.032258064516129 
1069.0 4.0344827586206895 
1033.0 4.038461538461538 
1573.0 4.02 
1083.0 4.033333333333333 

956.0 4.1 
1706.0 4.018867924528302 
1074.0 4.083333333333333 
1585.0 4.019230769230769 
1095.0 4.076923076923077 
1110.0 4.066666666666666 
1301.0 4.032258064516129 
1145.0 4.0588235294117645 
1357.0 4.024390243902439 
1427.0 4.023255813953488 
1436.0 4.022222222222222 
1506.0 4.021739130434782 
1118.0 4.0625 
1159.0 4.052631578947368 
1565.0 4.020833333333333 
1256.0 4.033333333333333 
1316.0 4.027777777777778 
1518.0 4.0212765957446805 
1203.0 4.041666666666667 
1162.0 4.05 
1177.0 4.0476190476190474 
1216.0 4.038461538461538 
1235.0 4.0344827586206895 
1191.0 4.043478260869565 
1181.0 4.045454545454546 
1344.0 4.0256410256410255 
1220.0 4.037037037037037 
1234.0 4.035714285714286 
1326.0 4.027027027027027 
1580.0 4.019607843137255 

1681.0 4.020408163265306 
1017.0 5.125 
1036.0 5.090909090909091 
1048.0 4.071428571428571 
1307.0 4.026315789473684 
1502.0 4.0227272727272725 
1528.0 4.020833333333333 
1287.0 4.027777777777778 
1199.0 4.0285714285714285 
1155.0 4.029411764705882 
1086.0 4.035714285714286 
1129.0 4.0344827586206895 
1033.0 5.1 
1065.0 4.041666666666667 
1051.0 4.055555555555555 
1513.0 4.022222222222222 
1079.0 4.038461538461538 
1060.0 4.052631578947368 
1145.0 4.03030303030303 
1138.0 4.033333333333333 
1064.0 4.05 
1141.0 4.03125 
1082.0 4.037037037037037 

1825.0 4.020408163265306 
881.0 5.083333333333333 
938.0 5.041666666666667 
1020.0 4.125 
1555.0 4.0212765957446805 
1817.0 4.020833333333333 
1421.0 4.0227272727272725 
1195.0 4.023809523809524 
1311.0 4.023255813953488 
1520.0 4.021739130434782 
1023.0 4.035714285714286 
1069.0 4.03030303030303 
1058.0 4.03125 
1144.0 4.0285714285714285 
1107.0 4.029411764705882 
1177.0 4.026315789473684 
1031.0 4.032258064516129 
920.0 5.0476190476190474 
902.0 5.055555555555555 
884.0 5.076923076923077 
895.0 5.066666666666666 
898.0 5.0625 

1427.0 4.020408163265306 
977.0 4.1 
988.0 4.055555555555555 
1387.0 4.023809523809524 
1296.0 4.0256410256410255 
1037.0 4.04 
1213.0 4.027777777777778 
1276.0 4.027027027027027 
1034.0 4.0476190476190474 
1095.0 4.03125 
1136.0 4.03030303030303 
1149.0 4.029411764705882 
1190.0 4.0285714285714285 
1000.0 4.052631578947368 
1068.0 4.035714285714286 
1022.0 4.05 
1079.0 4.032258064516129 
1400.0 4.0227272727272725 
1413.0 4.021739130434782 
1426.0 4.0212765957446805 
1289.0 4.026315789473684 
1072.0 4.0344827586206895 
1075.0 4.033333333333333 

1645.0 4.020408163265306 
982.0 4.1 
1102.0 4.0588235294117645 
1434.0 4.021739130434782 
1614.0 4.0212765957446805 
1311.0 4.022222222222222 
1125.0 4.045454545454546 
1263.0 4.0256410256410255 
1232.0 4.027027027027027 
1135.0 4.041666666666667 
1148.0 4.038461538461538 
1163.0 4.037037037037037 
1187.0 4.035714285714286 
1203.0 4.03125 
1220.0 4.029411764705882 
1280.0 4.024390243902439 
1630.0 4.020833333333333 
1295.0 4.023255813953488 
1296.0 4.0227272727272725 
1194.0 4.033333333333333 
1267.0 4.025 
1213.0 4.03030303030303 
1192.0 4.0344827586206895 

