0.09244372990353698 0.5017722299275696 
0.8617363344051447 0.2451189587111917 
0.15755627009646303 0.49523809523809526 
0.19935691318327975 0.2526583448913545 
0.44212218649517687 0.2466896641653923 
0.5739549839228296 0.24638318505237755 
0.8368167202572347 0.24551163507474177 
0.7122186495176849 0.2456202476859365 
0.6913183279742765 0.24597570714075562 
0.5932475884244373 0.2461052156242944 
0.387459807073955 0.24721323265012582 
0.42765273311897106 0.24702927615548978 
0.29983922829581994 0.24885615444704826 
0.2604501607717042 0.2491579155934218 
0.3528938906752412 0.24761360855021616 
0.24115755627009647 0.2515445719329215 
0.21061093247588425 0.2520749400083657 
0.3287781350482315 0.2478319954048109 
0.8609324758842444 0.24521135314967407 
0.31109324758842444 0.24806403143781783 
0.10771704180064309 0.49985042560713605 
0.10932475884244373 0.4990496738069553 
0.12459807073954984 0.49833321166995154 
0.1422829581993569 0.4956464786561875 
0.590032154340836 0.24624089117847783 
0.24517684887459806 0.24948202941730452 
0.7017684887459807 0.24573358258457445 
0.1342443729903537 0.49609037367585285 
0.3054662379421222 0.24831103753747033 
0.24196141479099678 0.25020804438280164 
0.1302250803858521 0.49710499086365934 
0.12781350482315113 0.49768839574664814 
0.24437299035369775 0.24983107507379346 

0.844855305466238 0.24540745563135094 
0.09967845659163987 0.5042853586542907 
0.22266881028938906 0.2540196229516617 
0.19131832797427653 0.4938862053023419 
0.6672025723472669 0.24721323265012582 
0.39308681672025725 0.2474077009444554 
0.7459807073954984 0.24573358258457445 
0.8432475884244373 0.24551163507474177 
0.32556270096463025 0.24761360855021616 
0.10128617363344052 0.5017722299275696 
0.13987138263665594 0.49609037367585285 
0.12861736334405144 0.5007512713823393 
0.1680064308681672 0.4956464786561875 
0.7218649517684887 0.24585195458981862 
0.24035369774919615 0.2526583448913545 
0.24437299035369775 0.2515445719329215 
0.2829581993569132 0.24831103753747033 
0.30144694533762056 0.24806403143781783 
0.6856913183279743 0.24702927615548978 
0.7057877813504824 0.24597570714075562 
0.2604501607717042 0.25106032282055923 
0.3094855305466238 0.2478319954048109 
0.6945337620578779 0.2468550015816239 
0.13504823151125403 0.49710499086365934 
0.182475884244373 0.4941879664487154 
0.2652733118971061 0.2506164278008939 
0.2733118971061093 0.24948202941730452 
0.13263665594855306 0.4990496738069553 
0.17282958199356913 0.49523809523809526 
0.17765273311897106 0.49451208027259813 
0.2757234726688103 0.2491579155934218 
0.28135048231511256 0.248574510710433 
0.1310289389067524 0.49985042560713605 

0.13263665594855306 0.26490984743411916 

0.1639871382636656 0.26490984743411916 
0.727491961414791 0.002183181794832203 
0.2387459807073955 0.0051779935275080465 
0.1647909967845659 0.2626823015172529 
0.7065916398713826 0.0023776500891618006 
0.4622186495176849 0.0025835576949225507 
0.3545016077170418 0.003544459855139385 
0.407556270096463 0.0032809866821767258 
0.3022508038585209 0.0038261035917546565 
0.4590032154340836 0.003033980582524219 
0.2532154340836013 0.004801024218499861 
0.27733118971061094 0.004451978562010912 
0.2934083601286174 0.004127864738128177 
0.46141479099678456 0.0028019445495173056 

0.2090032154340836 0.25572122052704577 
0.7805466237942122 0.2449444358829471 
0.364951768488746 0.24653259361997232 
0.49356913183279744 0.24638318505237755 
0.5715434083601286 0.24573358258457445 
0.6752411575562701 0.2456202476859365 
0.21463022508038584 0.25482037475184244 
0.21945337620578778 0.2533031608146579 
0.22427652733118972 0.2520749400083657 
0.7202572347266881 0.2450300508552936 
0.31189710610932475 0.2468550015816239 
0.22990353697749197 0.25106032282055923 
0.2508038585209003 0.24948202941730452 
0.23713826366559485 0.25020804438280164 
0.30064308681672025 0.24761360855021616 
0.5321543408360129 0.2461052156242944 
0.6881028938906752 0.2451189587111917 
0.33360128617363344 0.2466896641653923 
0.29260450160771706 0.2478319954048109 
0.5072347266881029 0.24624089117847783 
0.2604501607717042 0.2491579155934218 
0.2861736334405145 0.24831103753747033 
0.272508038585209 0.24885615444704826 
0.24356913183279744 0.24983107507379346 
0.677652733118971 0.24530744336569568 
0.2837620578778135 0.248574510710433 

0.18167202572347266 0.26490984743411916 
0.7845659163987139 0.2450300508552936 
0.2765273311897106 0.26082601325319765 
0.6872990353697749 0.2451189587111917 
0.2934083601286174 0.259255307798997 
0.3054662379421222 0.2567421790722761 
0.4590032154340836 0.24831103753747033 
0.33360128617363344 0.25482037475184244 
0.5040192926045016 0.24638318505237755 
0.5602893890675241 0.2461052156242944 
0.567524115755627 0.24585195458981862 
0.6237942122186495 0.24573358258457445 
0.31189710610932475 0.25572122052704577 
0.34485530546623794 0.2533031608146579 
0.6712218649517685 0.24551163507474177 
0.4228295819935691 0.248574510710433 
0.47106109324758844 0.24721323265012582 
0.6334405144694534 0.2456202476859365 
0.38022508038585207 0.2506164278008939 
0.34726688102893893 0.2526583448913545 
0.35932475884244375 0.2520749400083657 
0.39067524115755625 0.24983107507379346 
0.4059485530546624 0.24885615444704826 
0.37057877813504825 0.25106032282055923 
0.362540192926045 0.2515445719329215 
0.49356913183279744 0.2466896641653923 
0.39389067524115756 0.24948202941730452 
0.40514469453376206 0.2491579155934218 
0.4790996784565916 0.24702927615548978 
0.6832797427652733 0.24521135314967407 

0.7644694533762058 0.24540745563135094 
0.23070739549839228 0.5160656495607953 
0.2459807073954984 0.5077123523725465 
0.25562700964630225 0.2579089888382537 
0.4638263665594855 0.2468550015816239 
0.6205787781350482 0.24597570714075562 
0.6414790996784566 0.24551163507474177 
0.4477491961414791 0.24721323265012582 
0.3770096463022508 0.2474077009444554 
0.34163987138263663 0.24761360855021616 
0.2861736334405145 0.2491579155934218 
0.3207395498392283 0.24885615444704826 
0.24356913183279744 0.5099398982894128 
0.2692926045016077 0.2506164278008939 
0.2580385852090032 0.2540196229516617 
0.6294212218649518 0.24585195458981862 
0.2805466237942122 0.24983107507379346 
0.2652733118971061 0.2533031608146579 
0.33360128617363344 0.2478319954048109 
0.3279742765273312 0.248574510710433 
0.2684887459807074 0.2526583448913545 
0.33038585209003213 0.24806403143781783 
0.2829581993569132 0.24948202941730452 

0.8802250803858521 0.24540745563135094 
0.12138263665594855 0.5058560641084913 
0.16720257234726688 0.4956464786561875 
0.23311897106109325 0.2710355987055016 
0.6631832797427653 0.2456202476859365 
0.8737942122186495 0.24551163507474177 
0.5554662379421221 0.24597570714075562 
0.3737942122186495 0.24624089117847783 
0.4670418006430868 0.2461052156242944 
0.635048231511254 0.24573358258457445 
0.23553054662379422 0.2491579155934218 
0.272508038585209 0.2478319954048109 
0.26366559485530544 0.24806403143781783 
0.3327974276527331 0.2474077009444554 
0.30305466237942125 0.24761360855021616 
0.35932475884244375 0.2468550015816239 
0.24196141479099678 0.24831103753747033 
0.1527331189710611 0.49710499086365934 
0.1382636655948553 0.4990496738069553 
0.12379421221864952 0.5042853586542907 
0.13263665594855306 0.5017722299275696 
0.13504823151125403 0.5007512713823393 

0.5602893890675241 0.24540745563135094 
0.1985530546623794 0.26490984743411916 
0.20739549839228297 0.2540196229516617 
0.5281350482315113 0.24624089117847783 
0.454983922829582 0.2466896641653923 
0.24678456591639872 0.25020804438280164 
0.3882636655948553 0.24721323265012582 
0.43890675241157556 0.24702927615548978 
0.24437299035369775 0.2520749400083657 
0.2934083601286174 0.24806403143781783 
0.32636655948553056 0.2478319954048109 
0.33681672025723475 0.24761360855021616 
0.36977491961414793 0.2474077009444554 
0.2170418006430868 0.2533031608146579 
0.2717041800643087 0.2491579155934218 
0.2347266881028939 0.2526583448913545 
0.2805466237942122 0.24831103753747033 
0.5385852090032154 0.24597570714075562 
0.5490353697749196 0.24573358258457445 
0.5594855305466238 0.2456202476859365 
0.44935691318327975 0.2468550015816239 
0.27491961414790994 0.24885615444704826 
0.27733118971061094 0.248574510710433 

0.7355305466237942 0.24540745563135094 
0.20257234726688103 0.26490984743411916 
0.2990353697749196 0.25482037475184244 
0.5659163987138264 0.24573358258457445 
0.7106109324758842 0.2456202476859365 
0.4670418006430868 0.24585195458981862 
0.317524115755627 0.2515445719329215 
0.4284565916398714 0.2466896641653923 
0.40353697749196143 0.24702927615548978 
0.32556270096463025 0.2506164278008939 
0.3360128617363344 0.24983107507379346 
0.34807073954983925 0.24948202941730452 
0.36736334405144694 0.2491579155934218 
0.38022508038585207 0.24806403143781783 
0.39389067524115756 0.24761360855021616 
0.44212218649517687 0.24638318505237755 
0.7234726688102894 0.24551163507474177 
0.4541800643086817 0.2461052156242944 
0.454983922829582 0.24597570714075562 
0.3729903536977492 0.248574510710433 
0.4316720257234727 0.24653259361997232 
0.3882636655948553 0.2478319954048109 
0.37138263665594856 0.24885615444704826 

