0.08547008547008547 0.810741242212525 
0.5555555555555556 0.007885781574478124 
0.24786324786324787 0.706619279634021 
0.26495726495726496 0.2050514392802704 
0.3504273504273504 0.029972890370532853 
0.3333333333333333 0.15457537109108843 
0.49572649572649574 0.007886948541784728 
0.11965811965811966 0.8012584242015348 
0.1282051282051282 0.7429036405503967 
0.38461538461538464 0.020507560434169885 
0.28205128205128205 0.16719809784745795 
0.21367521367521367 0.7129434689361847 
0.1794871794871795 0.7302687188120173 
0.46153846153846156 0.007887567034457236 
0.4188034188034188 0.020506830944662536 
0.10256410256410256 0.8075728478299222 
0.1452991452991453 0.7397441738150013 
0.1623931623931624 0.7334309369872467 
0.29914529914529914 0.1640422916984291 
0.3162393162393162 0.15773093543224073 
0.4444444444444444 0.011042523401519871 
0.23076923076923078 0.7097782038319844 
0.42735042735042733 0.017352518314871283 

0.11965811965811966 0.77288949065503 
0.5042735042735043 0.007886353837291945 
0.19658119658119658 0.7050421233191254 
0.24786324786324787 0.16719968772277538 
0.3333333333333333 0.14196688255145065 
0.15384615384615385 0.7728696105334136 
0.1623931623931624 0.7050576873617066 
0.3418803418803419 0.0331272030003241 
0.41025641025641024 0.014196836031311121 
0.452991452991453 0.011041879664248485 
0.26495726495726496 0.1640422916984291 
0.29914529914529914 0.15773226077368183 
0.47863247863247865 0.007887567034457236 
0.3162393162393162 0.15457537109108843 
0.36752136752136755 0.026817744148608994 
0.4017094017094017 0.017352518314871283 
0.38461538461538464 0.020507560434169885 
0.3504273504273504 0.029972890370532853 
0.37606837606837606 0.023661873063961135 

0.4700854700854701 1.1669673066031722E-6 
0.08547008547008547 0.772881980386864 
0.23076923076923078 0.6766579212191763 
0.24786324786324787 0.16719968772277538 
0.3418803418803419 0.029972890370532853 
0.3333333333333333 0.14196688255145065 
0.10256410256410256 0.7697152979036224 
0.1282051282051282 0.7050518889929017 
0.1794871794871795 0.7018836602779791 
0.21367521367521367 0.6798231863233766 
0.1452991452991453 0.7018878106893341 
0.4444444444444444 0.0031567418270417457 
0.358974358974359 0.02681694760501563 
0.37606837606837606 0.020507560434169885 
0.39316239316239315 0.017351819220760064 
0.26495726495726496 0.1640422916984291 
0.42735042735042733 0.007886948541784728 
0.29914529914529914 0.15457537109108843 
0.28205128205128205 0.15773226077368183 
0.3162393162393162 0.1482655617802185 
0.41025641025641024 0.011043193961177564 
0.3247863247863248 0.14826444004741982 
0.2564102564102564 0.16719809784745795 
0.4188034188034188 0.011042523401519871 
0.2905982905982906 0.15773093543224073 

0.1452991452991453 0.772881980386864 
0.452991452991453 0.007886353837291945 
0.2222222222222222 0.7050421233191254 
0.2564102564102564 0.16719809784745795 
0.3247863247863248 0.14826444004741982 
0.3333333333333333 0.029972890370532853 
0.1794871794871795 0.7728754089022184 
0.18803418803418803 0.7050518889929017 
0.4188034188034188 0.007886948541784728 
0.27350427350427353 0.1640408860332643 
0.2905982905982906 0.15773093543224073 
0.3076923076923077 0.154574187039801 
0.3504273504273504 0.02681694760501563 
0.36752136752136755 0.020507560434169885 
0.38461538461538464 0.017351819220760064 
0.4017094017094017 0.011042523401519871 

0.4700854700854701 0.007886948541784728 
0.08547008547008547 0.772881980386864 
0.23076923076923078 0.6766533096510041 
0.24786324786324787 0.16719809784745795 
0.3333333333333333 0.14196518668444538 
0.3418803418803419 0.029972890370532853 
0.10256410256410256 0.7697152979036224 
0.1282051282051282 0.7050518889929017 
0.1794871794871795 0.7018836602779791 
0.28205128205128205 0.15773093543224073 
0.3162393162393162 0.14826444004741982 
0.21367521367521367 0.6798173879545717 
0.1452991452991453 0.7018878106893341 
0.4358974358974359 0.007887567034457236 
0.4017094017094017 0.017352518314871283 
0.41025641025641024 0.011042523401519871 
0.37606837606837606 0.020507560434169885 
0.26495726495726496 0.1640408860332643 
0.358974358974359 0.02681694760501563 

0.09401709401709402 0.772881980386864 
0.5470085470085471 0.007885781574478124 
0.18803418803418803 0.7018836602779791 
0.21367521367521367 0.16719809784745795 
0.28205128205128205 0.154574187039801 
0.29914529914529914 0.029972890370532853 
0.47863247863247865 0.007886353837291945 
0.37606837606837606 0.01735114866110237 
0.4358974358974359 0.011042523401519871 
0.1111111111111111 0.7697152979036224 
0.13675213675213677 0.7050518889929017 
0.24786324786324787 0.15773093543224073 
0.15384615384615385 0.7018878106893341 
0.3247863247863248 0.029972056778400244 
0.452991452991453 0.007886948541784728 
0.3418803418803419 0.026816185693752385 
0.358974358974359 0.020506830944662536 

0.4700854700854701 0.007886353837291945 
0.11965811965811966 0.7728754089022184 
0.19658119658119658 0.7050421233191254 
0.24786324786324787 0.16719809784745795 
0.3333333333333333 0.14196359680912796 
0.15384615384615385 0.7728696105334136 
0.1623931623931624 0.7050467348872975 
0.3418803418803419 0.02997376365752892 
0.42735042735042733 0.007887567034457236 
0.46153846153846156 0.007886948541784728 
0.26495726495726496 0.1640422916984291 
0.28205128205128205 0.15773093543224073 
0.29914529914529914 0.15457537109108843 
0.3162393162393162 0.14826444004741982 
0.37606837606837606 0.020508322345433126 
0.39316239316239315 0.017352518314871283 
0.41025641025641024 0.011043193961177564 
0.358974358974359 0.026817744148608994 
0.3504273504273504 0.029972890370532853 

0.47863247863247865 5.722628138195428E-7 
0.1111111111111111 0.7728754089022184 
0.24786324786324787 0.6798173879545717 
0.27350427350427353 0.16719809784745795 
0.3418803418803419 0.14826444004741982 
0.3504273504273504 0.029972890370532853 
0.1452991452991453 0.7634066726440398 
0.1623931623931624 0.7050467348872975 
0.23076923076923078 0.6955678661260561 
0.19658119658119658 0.6955750350183966 
0.4188034188034188 0.011042523401519871 
0.4444444444444444 0.007886948541784728 
0.2905982905982906 0.1640408860332643 
0.3076923076923077 0.15773093543224073 
0.3247863247863248 0.154574187039801 
0.36752136752136755 0.02681694760501563 
0.38461538461538464 0.020507560434169885 
0.4017094017094017 0.017351819220760064 
0.46153846153846156 0.003156098089770361 

0.4700854700854701 0.007886948541784728 
0.08547008547008547 0.810741242212525 
0.24786324786324787 0.706619279634021 
0.2564102564102564 0.20504984940495294 
0.3333333333333333 0.15457537109108843 
0.3504273504273504 0.029972890370532853 
0.11965811965811966 0.8107337319443589 
0.1282051282051282 0.7429036405503967 
0.19658119658119658 0.7334196176835511 
0.21367521367521367 0.7129434689361847 
0.1623931623931624 0.7334267865758916 
0.4358974358974359 0.007887567034457236 
0.28205128205128205 0.16719809784745795 
0.29914529914529914 0.1640422916984291 
0.3162393162393162 0.15773226077368183 
0.36752136752136755 0.026817744148608994 
0.38461538461538464 0.020508322345433126 
0.4017094017094017 0.017352518314871283 
0.4188034188034188 0.011043193961177564 

0.08547008547008547 0.772881980386864 
0.47863247863247865 0.007886353837291945 
0.24786324786324787 0.16719809784745795 
0.21367521367521367 0.6798231863233766 
0.3504273504273504 0.026817744148608994 
0.3333333333333333 0.14196518668444538 
0.11965811965811966 0.7634015185384356 
0.1282051282051282 0.7050518889929017 
0.19658119658119658 0.6955712798843136 
0.1623931623931624 0.6955750350183966 
0.38461538461538464 0.02681694760501563 
0.27350427350427353 0.1640422916984291 
0.28205128205128205 0.15773226077368183 
0.3076923076923077 0.15457537109108843 
0.41025641025641024 0.017352518314871283 
0.4358974358974359 0.011043193961177564 
0.452991452991453 0.007887567034457236 
0.3162393162393162 0.1482655617802185 
0.39316239316239315 0.020508322345433126 

