1086.0 4.066666666666666 
1141.0 4.052631578947368 
1128.0 4.055555555555555 
1102.0 4.0625 
1055.0 4.090909090909091 
1708.0 4.024390243902439 
1077.0 4.076923076923077 
1676.0 4.0256410256410255 
1560.0 4.027027027027027 
1060.0 4.083333333333333 
1464.0 4.03030303030303 
1518.0 4.029411764705882 
1535.0 4.0285714285714285 
1551.0 4.027777777777778 
1687.0 4.025 
1005.0 4.1 
987.0 4.111111111111111 
898.0 5.111111111111111 
909.0 5.1 
980.0 5.090909090909091 
1334.0 4.032258064516129 
1163.0 4.0476190476190474 
1297.0 4.033333333333333 
1186.0 4.04 
1224.0 4.038461538461538 
1261.0 4.0344827586206895 
1181.0 4.045454545454546 
1246.0 4.037037037037037 
1256.0 4.035714285714286 
