0.2861736334405145 0.2567421790722761 
0.33038585209003213 0.2533031608146579 
0.319935691318328 0.2540196229516617 
0.2990353697749196 0.25572122052704577 
0.2612540192926045 0.2626823015172529 
0.7861736334405145 0.24638318505237755 
0.27893890675241156 0.259255307798997 
0.7604501607717041 0.2466896641653923 
0.6672025723472669 0.24702927615548978 
0.2652733118971061 0.26082601325319765 
0.590032154340836 0.2478319954048109 
0.6334405144694534 0.24761360855021616 
0.6471061093247589 0.2474077009444554 
0.659967845659164 0.24721323265012582 
0.7692926045016077 0.24653259361997232 
0.22106109324758844 0.26490984743411916 
0.20659163987138263 0.26763240355473356 
0.13504823151125403 0.5126624544100271 
0.14389067524115756 0.5099398982894128 
0.20096463022508038 0.5077123523725465 
0.4855305466237942 0.24831103753747033 
0.34807073954983925 0.2520749400083657 
0.4557877813504823 0.248574510710433 
0.3665594855305466 0.25020804438280164 
0.3971061093247588 0.24983107507379346 
0.42684887459807075 0.24885615444704826 
0.362540192926045 0.2515445719329215 
0.41479099678456594 0.24948202941730452 
0.4228295819935691 0.2491579155934218 
