1056.0 4.1 
1953.0 4.024390243902439 
1336.0 4.0344827586206895 
1066.0 4.090909090909091 
1180.0 4.071428571428571 
1772.0 4.025 
1195.0 4.052631578947368 
1667.0 4.027027027027027 
1184.0 4.066666666666666 
1480.0 4.032258064516129 
1756.0 4.0256410256410255 
1262.0 4.038461538461538 
1206.0 4.0476190476190474 
1607.0 4.027777777777778 
1529.0 4.03125 
1232.0 4.043478260869565 
1256.0 4.04 
1565.0 4.03030303030303 
1228.0 4.045454545454546 
1580.0 4.0285714285714285 
1576.0 4.029411764705882 
