1044.0 4.111111111111111 
1086.0 4.066666666666666 
1141.0 4.052631578947368 
1122.0 4.0625 
1137.0 4.055555555555555 
1205.0 4.05 

1041.0 4.111111111111111 
1606.0 4.0344827586206895 
1330.0 4.037037037037037 
1588.0 4.035714285714286 
1082.0 4.090909090909091 
1128.0 4.055555555555555 
1098.0 4.076923076923077 
1099.0 4.066666666666666 
1219.0 4.045454545454546 
1087.0 4.083333333333333 
1218.0 4.0476190476190474 
1270.0 4.043478260869565 
1296.0 4.041666666666667 
1167.0 4.052631578947368 
1102.0 4.0625 
1187.0 4.05 
1307.0 4.04 
1319.0 4.038461538461538 

1055.0 4.090909090909091 
1708.0 4.024390243902439 
1077.0 4.076923076923077 
1282.0 4.0344827586206895 
1405.0 4.033333333333333 
1676.0 4.0256410256410255 
1560.0 4.027027027027027 
1110.0 4.066666666666666 
1132.0 4.0588235294117645 
1060.0 4.083333333333333 
1164.0 4.055555555555555 
1242.0 4.045454545454546 
1464.0 4.03030303030303 
1246.0 4.04 
1211.0 4.0476190476190474 
1207.0 4.05 
1518.0 4.029411764705882 
1124.0 4.0625 
1535.0 4.0285714285714285 
1253.0 4.038461538461538 
1551.0 4.027777777777778 
1687.0 4.025 

1073.0 5.166666666666667 
1800.0 4.027777777777778 
1078.0 4.142857142857143 
1077.0 5.142857142857143 
1097.0 4.111111111111111 
1270.0 4.052631578947368 
1221.0 4.090909090909091 
1632.0 4.037037037037037 
1515.0 4.04 
1375.0 4.05 
1388.0 4.0476190476190474 
1434.0 4.045454545454546 
1248.0 4.0625 
1660.0 4.0344827586206895 
1697.0 4.033333333333333 
1766.0 4.0285714285714285 
1752.0 4.03030303030303 
1719.0 4.032258064516129 
1485.0 4.041666666666667 
1463.0 4.043478260869565 
1234.0 4.076923076923077 
1237.0 4.066666666666666 

1056.0 4.1 
1953.0 4.024390243902439 
1336.0 4.0344827586206895 
1066.0 4.090909090909091 
1180.0 4.071428571428571 
1772.0 4.025 
1195.0 4.052631578947368 
1667.0 4.027027027027027 
1184.0 4.066666666666666 
1480.0 4.032258064516129 
1756.0 4.0256410256410255 
1262.0 4.038461538461538 
1206.0 4.0476190476190474 
1607.0 4.027777777777778 
1529.0 4.03125 
1232.0 4.043478260869565 
1256.0 4.04 
1565.0 4.03030303030303 
1228.0 4.045454545454546 
1580.0 4.0285714285714285 
1576.0 4.029411764705882 

1740.0 4.025 
1019.0 4.111111111111111 
1086.0 4.090909090909091 
1264.0 4.083333333333333 
1069.0 4.1 
1504.0 4.032258064516129 
1602.0 4.03030303030303 
1319.0 4.0625 
1296.0 4.071428571428571 
1434.0 4.035714285714286 
1422.0 4.041666666666667 
1275.0 4.076923076923077 
1680.0 4.027027027027027 
1346.0 4.055555555555555 
1471.0 4.033333333333333 
1394.0 4.043478260869565 
1638.0 4.029411764705882 
1348.0 4.052631578947368 
1366.0 4.0476190476190474 
1643.0 4.0285714285714285 
1670.0 4.027777777777778 
1361.0 4.05 
1382.0 4.045454545454546 

1005.0 4.1 
987.0 4.111111111111111 

1042.0 4.111111111111111 
898.0 5.111111111111111 
1002.0 5.083333333333333 
909.0 5.1 
980.0 5.090909090909091 

1046.0 4.111111111111111 
1058.0 4.1 

1334.0 4.032258064516129 
1040.0 4.111111111111111 
1163.0 4.0476190476190474 
1098.0 4.083333333333333 
1152.0 4.066666666666666 
1092.0 4.090909090909091 
1297.0 4.033333333333333 
1123.0 4.071428571428571 
1186.0 4.04 
1224.0 4.038461538461538 
1261.0 4.0344827586206895 
1181.0 4.045454545454546 
1246.0 4.037037037037037 
1256.0 4.035714285714286 

