1436.0 467.037037037037 
1467.0 99.02173913043478 
1441.0 466.0357142857143 
1444.0 461.0344827586207 
1463.0 105.02222222222223 
1502.0 95.01666666666667 
1479.0 95.01923076923077 
1500.0 95.01694915254237 
1492.0 95.01886792452831 
1460.0 109.02272727272727 
1717.0 95.01063829787235 
1616.0 95.01176470588236 
1701.0 95.01162790697674 
1543.0 95.015625 
1567.0 95.01492537313433 
1587.0 95.01369863013699 
1604.0 95.01219512195122 
1706.0 95.01149425287356 
1576.0 95.01428571428572 
1455.0 458.03333333333336 
1970.0 93.01176470588236 
1872.0 93.01234567901234 
1968.0 93.01219512195122 
1818.0 93.01315789473684 
1811.0 93.01333333333334 
1864.0 93.01282051282051 
1767.0 93.01351351351352 
1745.0 93.01515151515152 
1453.0 459.0344827586207 
1758.0 93.01369863013699 
2557.0 89.01 
2385.0 89.01052631578948 
2189.0 89.0125 
2307.0 89.01234567901234 
2178.0 89.01298701298701 
2108.0 89.01538461538462 
2322.0 89.01149425287356 
1475.0 99.02127659574468 
2363.0 89.01136363636364 
2096.0 89.015625 
1432.0 470.03225806451616 
1459.0 114.02380952380952 
