1432.0 470.03225806451616 
2713.0 93.00862068965517 
1458.0 469.0263157894737 
1459.0 114.02380952380952 
2032.0 95.01041666666667 
2203.0 95.01010101010101 
2698.0 93.00877192982456 
2586.0 95.00833333333334 
2418.0 95.00909090909092 
2528.0 95.00869565217391 
1641.0 95.01298701298701 
1745.0 95.0126582278481 
2317.0 95.00943396226415 
2018.0 95.01086956521739 
1937.0 95.01098901098901 
2266.0 95.01 
1817.0 95.01190476190476 
1636.0 95.01351351351352 
1581.0 95.01428571428572 
1868.0 95.01123595505618 
1793.0 95.01234567901234 
1530.0 97.0204081632653 
1490.0 100.0204081632653 
1893.0 95.0111111111111 
2568.0 95.00862068965517 
1474.0 114.02272727272727 
2279.0 95.00980392156863 
1535.0 95.01886792452831 
1564.0 95.01785714285714 
1482.0 102.02173913043478 
1477.0 108.02 
1480.0 108.01960784313725 
2583.0 95.00840336134453 
