1441.0 472.03846153846155 
2557.0 89.01 
1449.0 471.037037037037 
1462.0 116.02439024390245 
2385.0 89.01052631578948 
2189.0 89.0125 
2307.0 89.01234567901234 
1778.0 95.01639344262296 
1668.0 95.01666666666667 
1916.0 95.01162790697674 
2001.0 95.01149425287356 
1901.0 95.01282051282051 
1822.0 95.01388888888889 
1596.0 95.01785714285714 
2178.0 89.01298701298701 
2108.0 89.01538461538462 
1491.0 97.01960784313725 
1548.0 95.0204081632653 
2322.0 89.01149425287356 
1475.0 99.02127659574468 
2363.0 89.01136363636364 
2091.0 93.01369863013699 
2033.0 95.01075268817205 
2045.0 93.01724137931035 
1473.0 105.02222222222223 
1571.0 95.01886792452831 
2067.0 93.01515151515152 
2096.0 89.015625 
1467.0 105.02272727272727 
1800.0 95.01408450704226 
1464.0 111.02439024390245 
2018.0 95.01123595505618 
