1452.0 465.0344827586207 
2404.0 95.00826446280992 
1457.0 464.03333333333336 
1473.0 111.02439024390245 
2226.0 95.00869565217391 
1981.0 95.01063829787235 
2125.0 95.01030927835052 
1760.0 95.01587301587301 
1628.0 100.01470588235294 
1556.0 100.01492537313433 
1690.0 95.01639344262296 
1495.0 100.015625 
1549.0 100.01538461538462 
1824.0 95.01428571428572 
1872.0 95.01388888888889 
1670.0 97.01851851851852 
1635.0 100.01388888888889 
1929.0 95.01219512195122 
1902.0 95.0126582278481 
1791.0 95.01449275362319 
2151.0 95.00961538461539 
2179.0 95.00952380952381 
2220.0 95.00884955752213 
1481.0 100.01851851851852 
1958.0 95.01162790697674 
1975.0 95.01123595505618 
1768.0 95.01492537313433 
1475.0 105.02222222222223 
2199.0 95.009009009009 
1677.0 95.01754385964912 
1896.0 95.01333333333334 
1879.0 95.01369863013699 
2134.0 95.01020408163265 
1949.0 95.01190476190476 
1936.0 95.01204819277109 
