1448.0 465.037037037037 
2388.0 93.00943396226415 
1455.0 458.03333333333336 
1474.0 114.02439024390245 
1970.0 93.01176470588236 
2262.0 93.01149425287356 
1872.0 93.01234567901234 
1968.0 93.01219512195122 
1483.0 100.02 
1542.0 100.01785714285714 
1546.0 100.01724137931035 
1602.0 100.01694915254237 
1818.0 93.01315789473684 
2338.0 93.01063829787235 
2285.0 93.01086956521739 
1811.0 93.01333333333334 
1741.0 95.01388888888889 
1694.0 95.01587301587301 
1646.0 100.01428571428572 
1700.0 95.01492537313433 
1864.0 93.01282051282051 
1767.0 93.01351351351352 
1631.0 100.01666666666667 
2344.0 93.01020408163265 
1479.0 103.0204081632653 
2365.0 93.01010101010101 
1745.0 93.01515151515152 
1453.0 459.0344827586207 
1476.0 108.02272727272727 
1478.0 107.02083333333333 
1633.0 100.01515151515152 
1758.0 93.01369863013699 
2376.0 93.00952380952381 
2273.0 93.01123595505618 
