1457.0 472.03125 
3328.0 95.00520833333333 
1462.0 470.03333333333336 
1465.0 111.02222222222223 
3147.0 95.00628930817611 
2896.0 95.00657894736842 
2698.0 95.00671140939598 
2163.0 95.00840336134453 
2356.0 95.00787401574803 
1809.0 95.01149425287356 
1946.0 95.01136363636364 
2472.0 95.00746268656717 
3188.0 95.00568181818181 
3299.0 95.00526315789473 
2119.0 95.00925925925925 
2015.0 95.01030927835052 
2647.0 95.00709219858156 
2555.0 95.00714285714285 
1492.0 95.01886792452831 
2482.0 95.00735294117646 
2551.0 95.0072463768116 
1794.0 95.01298701298701 
1727.0 95.01315789473684 
1487.0 104.01960784313725 
2010.0 95.01075268817205 
1952.0 95.01098901098901 
1467.0 105.02083333333333 
1656.0 95.01428571428572 
1601.0 95.01492537313433 
1709.0 95.01388888888889 
1554.0 95.01612903225806 
1596.0 95.01515151515152 
1525.0 95.01754385964912 
2685.0 95.00675675675676 
3157.0 95.00617283950618 
2153.0 95.00847457627118 
3181.0 95.00574712643679 
1531.0 95.01694915254237 
