1460.0 109.02272727272727 
2347.0 95.0068493150685 
1470.0 106.0204081632653 
1477.0 102.02127659574468 
2081.0 95.00862068965517 
1855.0 95.00909090909092 
1487.0 100.02 
1519.0 97.0204081632653 
1521.0 95.02 
1479.0 100.0204081632653 
1463.0 108.02127659574468 
1717.0 95.01063829787235 
1840.0 95.00925925925925 
2273.0 95.00787401574803 
2174.0 95.00819672131148 
1616.0 95.01176470588236 
1701.0 95.01162790697674 
2089.0 95.00847457627118 
2164.0 95.00826446280992 
2301.0 95.0077519379845 
1543.0 95.015625 
1567.0 95.01492537313433 
2332.0 95.00704225352112 
1587.0 95.01369863013699 
1604.0 95.01219512195122 
1706.0 95.01149425287356 
2313.0 95.00746268656717 
2325.0 95.00709219858156 
1532.0 95.01886792452831 
1576.0 95.01428571428572 
