1436.0 467.037037037037 
2668.0 97.00531914893617 
1454.0 460.03125 
1461.0 111.02380952380952 
1979.0 97.00892857142857 
1859.0 97.0091743119266 
2100.0 97.00854700854701 
2525.0 97.00617283950618 
2630.0 97.00568181818181 
1996.0 97.00862068965517 
2493.0 97.00641025641026 
2401.0 97.00645161290322 
2247.0 97.00657894736842 
2332.0 97.00653594771242 
1581.0 97.01515151515152 
1652.0 97.01449275362319 
1710.0 97.0125 
1770.0 97.01219512195122 
1677.0 97.01388888888889 
2237.0 97.00671140939598 
2152.0 97.00689655172414 
1484.0 97.01960784313725 
2190.0 97.00675675675676 
1821.0 97.01020408163265 
1525.0 97.01923076923077 
1467.0 99.02173913043478 
2141.0 97.00709219858156 
2632.0 97.00564971751412 
1800.0 97.01123595505618 
1553.0 97.01754385964912 
1441.0 466.0357142857143 
2114.0 97.00719424460432 
1444.0 461.0344827586207 
1463.0 105.02222222222223 
1482.0 99.0204081632653 
1844.0 97.00925925925925 

1452.0 465.0344827586207 
2404.0 95.00826446280992 
1457.0 464.03333333333336 
1473.0 111.02439024390245 
2226.0 95.00869565217391 
1981.0 95.01063829787235 
2125.0 95.01030927835052 
1760.0 95.01587301587301 
1628.0 100.01470588235294 
1556.0 100.01492537313433 
1690.0 95.01639344262296 
1495.0 100.015625 
1549.0 100.01538461538462 
1824.0 95.01428571428572 
1872.0 95.01388888888889 
1670.0 97.01851851851852 
1635.0 100.01388888888889 
1929.0 95.01219512195122 
1902.0 95.0126582278481 
1791.0 95.01449275362319 
2151.0 95.00961538461539 
2179.0 95.00952380952381 
2220.0 95.00884955752213 
1481.0 100.01851851851852 
1958.0 95.01162790697674 
1975.0 95.01123595505618 
1768.0 95.01492537313433 
1475.0 105.02222222222223 
2199.0 95.009009009009 
1677.0 95.01754385964912 
1896.0 95.01333333333334 
1879.0 95.01369863013699 
2134.0 95.01020408163265 
1949.0 95.01190476190476 
1936.0 95.01204819277109 

1441.0 470.03333333333336 
2565.0 95.00943396226415 
1444.0 465.03333333333336 
1461.0 114.02222222222223 
1938.0 95.01333333333334 
1733.0 95.01388888888889 
2407.0 95.00970873786407 
1586.0 95.01428571428572 
1968.0 95.01234567901234 
2114.0 95.01190476190476 
2277.0 95.01041666666667 
2289.0 95.01010101010101 
2387.0 95.01 
2180.0 95.01052631578948 
1502.0 95.01666666666667 
1562.0 95.01639344262296 
2163.0 95.01149425287356 
2120.0 95.01176470588236 
1479.0 95.01923076923077 
1500.0 95.01694915254237 
1477.0 100.01923076923077 
1583.0 95.015625 
1567.0 95.01612903225806 
1949.0 95.01282051282051 
2176.0 95.01075268817205 
1964.0 95.0125 
1464.0 106.01886792452831 
1467.0 106.01851851851852 
1463.0 110.02083333333333 
1473.0 102.02 
2394.0 95.00980392156863 
2279.0 95.01030927835052 
2165.0 95.01098901098901 
1475.0 100.01960784313725 

1457.0 472.03125 
3328.0 95.00520833333333 
1462.0 470.03333333333336 
1465.0 111.02222222222223 
3147.0 95.00628930817611 
2896.0 95.00657894736842 
2698.0 95.00671140939598 
2163.0 95.00840336134453 
2356.0 95.00787401574803 
1809.0 95.01149425287356 
1946.0 95.01136363636364 
2472.0 95.00746268656717 
3188.0 95.00568181818181 
3299.0 95.00526315789473 
2119.0 95.00925925925925 
2015.0 95.01030927835052 
2647.0 95.00709219858156 
2555.0 95.00714285714285 
1492.0 95.01886792452831 
2482.0 95.00735294117646 
2551.0 95.0072463768116 
1794.0 95.01298701298701 
1727.0 95.01315789473684 
1487.0 104.01960784313725 
2010.0 95.01075268817205 
1952.0 95.01098901098901 
1467.0 105.02083333333333 
1656.0 95.01428571428572 
1601.0 95.01492537313433 
1709.0 95.01388888888889 
1554.0 95.01612903225806 
1596.0 95.01515151515152 
1525.0 95.01754385964912 
2685.0 95.00675675675676 
3157.0 95.00617283950618 
2153.0 95.00847457627118 
3181.0 95.00574712643679 
1531.0 95.01694915254237 

1460.0 109.02272727272727 
2347.0 95.0068493150685 
1470.0 106.0204081632653 
1477.0 102.02127659574468 
2081.0 95.00862068965517 
1855.0 95.00909090909092 
1487.0 100.02 
1519.0 97.0204081632653 
1521.0 95.02 
1479.0 100.0204081632653 
1463.0 108.02127659574468 
1717.0 95.01063829787235 
1840.0 95.00925925925925 
2273.0 95.00787401574803 
2174.0 95.00819672131148 
1616.0 95.01176470588236 
1701.0 95.01162790697674 
2089.0 95.00847457627118 
2164.0 95.00826446280992 
2301.0 95.0077519379845 
1543.0 95.015625 
1567.0 95.01492537313433 
2332.0 95.00704225352112 
1587.0 95.01369863013699 
1604.0 95.01219512195122 
1706.0 95.01149425287356 
2313.0 95.00746268656717 
2325.0 95.00709219858156 
1532.0 95.01886792452831 
1576.0 95.01428571428572 

1448.0 465.037037037037 
2388.0 93.00943396226415 
1455.0 458.03333333333336 
1474.0 114.02439024390245 
1970.0 93.01176470588236 
2262.0 93.01149425287356 
1872.0 93.01234567901234 
1968.0 93.01219512195122 
1483.0 100.02 
1542.0 100.01785714285714 
1546.0 100.01724137931035 
1602.0 100.01694915254237 
1818.0 93.01315789473684 
2338.0 93.01063829787235 
2285.0 93.01086956521739 
1811.0 93.01333333333334 
1741.0 95.01388888888889 
1694.0 95.01587301587301 
1646.0 100.01428571428572 
1700.0 95.01492537313433 
1864.0 93.01282051282051 
1767.0 93.01351351351352 
1631.0 100.01666666666667 
2344.0 93.01020408163265 
1479.0 103.0204081632653 
2365.0 93.01010101010101 
1745.0 93.01515151515152 
1453.0 459.0344827586207 
1476.0 108.02272727272727 
1478.0 107.02083333333333 
1633.0 100.01515151515152 
1758.0 93.01369863013699 
2376.0 93.00952380952381 
2273.0 93.01123595505618 

1441.0 472.03846153846155 
2557.0 89.01 
1449.0 471.037037037037 
1462.0 116.02439024390245 
2385.0 89.01052631578948 
2189.0 89.0125 
2307.0 89.01234567901234 
1778.0 95.01639344262296 
1668.0 95.01666666666667 
1916.0 95.01162790697674 
2001.0 95.01149425287356 
1901.0 95.01282051282051 
1822.0 95.01388888888889 
1596.0 95.01785714285714 
2178.0 89.01298701298701 
2108.0 89.01538461538462 
1491.0 97.01960784313725 
1548.0 95.0204081632653 
2322.0 89.01149425287356 
1475.0 99.02127659574468 
2363.0 89.01136363636364 
2091.0 93.01369863013699 
2033.0 95.01075268817205 
2045.0 93.01724137931035 
1473.0 105.02222222222223 
1571.0 95.01886792452831 
2067.0 93.01515151515152 
2096.0 89.015625 
1467.0 105.02272727272727 
1800.0 95.01408450704226 
1464.0 111.02439024390245 
2018.0 95.01123595505618 

1432.0 470.03225806451616 
2713.0 93.00862068965517 
1458.0 469.0263157894737 
1459.0 114.02380952380952 
2032.0 95.01041666666667 
2203.0 95.01010101010101 
2698.0 93.00877192982456 
2586.0 95.00833333333334 
2418.0 95.00909090909092 
2528.0 95.00869565217391 
1641.0 95.01298701298701 
1745.0 95.0126582278481 
2317.0 95.00943396226415 
2018.0 95.01086956521739 
1937.0 95.01098901098901 
2266.0 95.01 
1817.0 95.01190476190476 
1636.0 95.01351351351352 
1581.0 95.01428571428572 
1868.0 95.01123595505618 
1793.0 95.01234567901234 
1530.0 97.0204081632653 
1490.0 100.0204081632653 
1893.0 95.0111111111111 
2568.0 95.00862068965517 
1474.0 114.02272727272727 
2279.0 95.00980392156863 
1535.0 95.01886792452831 
1564.0 95.01785714285714 
1482.0 102.02173913043478 
1477.0 108.02 
1480.0 108.01960784313725 
2583.0 95.00840336134453 

1450.0 472.037037037037 
1546.0 95.01960784313725 
1466.0 466.03225806451616 
1473.0 111.02439024390245 
1540.0 100.01960784313725 
1491.0 100.02 
1474.0 103.02272727272727 
1489.0 102.02 
1480.0 103.02222222222223 
1483.0 102.0204081632653 
1461.0 466.0344827586207 
1454.0 466.037037037037 
1544.0 97.0204081632653 
1457.0 466.0357142857143 

1462.0 482.037037037037 
2492.0 97.00862068965517 
1468.0 466.0344827586207 
1470.0 111.02272727272727 
1900.0 97.01176470588236 
2100.0 97.01162790697674 
2482.0 97.00909090909092 
2284.0 97.00980392156863 
2227.0 97.01136363636364 
2111.0 97.01149425287356 
1620.0 97.01470588235294 
1724.0 97.01388888888889 
1739.0 97.01333333333334 
1830.0 97.01298701298701 
1529.0 97.01666666666667 
1601.0 97.01639344262296 
1852.0 97.01204819277109 
1463.0 467.0357142857143 
1489.0 97.0204081632653 
1517.0 97.01960784313725 
1481.0 99.02173913043478 
1473.0 109.02272727272727 
1845.0 97.0126582278481 
1614.0 97.01612903225806 
1738.0 97.01369863013699 
2252.0 97.01052631578948 
2237.0 97.01098901098901 
1831.0 97.01282051282051 
1483.0 97.02083333333333 
1475.0 105.02222222222223 
1477.0 103.02083333333333 
2272.0 97.00990099009901 
1528.0 97.01724137931035 
2262.0 97.01010101010101 

