0.02111075024358558 0.9590287043394028 
0.42124066255277687 0.06746686220581276 
0.026956804157193894 0.9421488205500214 
0.029230269568041572 0.10124329405842936 
0.19746670997076973 0.06747555882075358 
0.15849301721338097 0.0674761509128379 
0.23676518350113673 0.06747463947549444 
0.3747970120168886 0.06746891910499306 
0.40889899317960376 0.06746773602836661 
0.20298798311139982 0.06747481700423413 
0.36440402728158494 0.0674694911420432 
0.3345241961675869 0.06746959078720675 
0.28450795712893795 0.06746989758942093 
0.31211432283208834 0.06746979398518739 
0.06820396232543033 0.06749055250616193 
0.09126339720688535 0.06748896527292399 
0.11010068203962325 0.06748416389237925 
0.12958752841831764 0.06748342931309413 
0.09938291653134135 0.06748751030912255 
0.28126014939915556 0.06747021674608666 
0.2536537836960052 0.0674706628317252 
0.03670022734654108 0.06750128967218323 
0.2659954530691783 0.06747032600692718 
0.14615134784020786 0.06747863206061988 
0.050016239038648914 0.06750038114275068 
0.03117895420591101 0.07232526494890824 
0.25008119519324457 0.0674711342271872 
0.40954855472556023 0.06746765868437408 
0.13933095160766482 0.06748111827714094 
0.059110100682039625 0.06749631666897338 
0.02273465410847678 0.9566160972206543 
0.2413121143228321 0.067471380098921 
0.023708996427411498 0.9445660296786591 
0.02987983111399805 0.08678294925105036 
0.03605066580058461 0.0723220580899173 
0.15362130561870738 0.06747635558664483 

0.026307242611237416 0.9542037098993931 
0.3354985384865216 0.06265511859376201 
0.027931146476128613 0.9517915203958703 
0.03312763884378045 0.1012446932570677 
0.27768756089639496 0.06265615751006319 
0.1981162715167262 0.06266083815956912 
0.24488470282559271 0.06266004541333467 
0.12633972068853525 0.06267345079410315 
0.0834686586554076 0.07471773895511027 
0.06008444300097434 0.07471826780060088 
0.10360506658005846 0.06267470472075172 
0.04027281584930172 0.07471995349560216 
0.05781097759012666 0.0747193743080889 
0.1471256901591426 0.0626696263178251 
0.1627151672620981 0.06266867019875556 
0.09710945112049367 0.06749866503160025 
0.08574212406625528 0.07471577047467302 
0.18122767132185774 0.06266458920272715 
0.17245859045144527 0.06266570501936278 
0.13640792465086066 0.062670125162557 
0.25332900292302696 0.06265837353185308 
0.26242286456641767 0.06265815288899089 
0.2757388762585255 0.06265652833269578 
0.03572588502760637 0.07472692519715073 
0.19064631373822669 0.06266322254359204 
0.19616758687885677 0.06266227816677397 
0.12893796687236114 0.06267116752468342 
0.03377720038973693 0.08678294925105036 
0.26891848002598245 0.06265691251830609 
0.09938291653134135 0.0626774765586064 
0.17050990581357583 0.06266733163205825 
0.16498863267294575 0.06266821178550307 
0.24780772978239687 0.06265979195025291 
0.18772328678142253 0.06266388960340798 
0.18350113673270543 0.06266423518861385 

0.02273465410847678 0.9662480407269712 
0.3877882429360182 0.06265793640920156 
0.023708996427411498 0.9542009404510539 
0.029230269568041572 0.10846772974770177 
0.1841506982786619 0.06266733163205825 
0.11757063981812277 0.06266867019875556 
0.33647288080545634 0.06265859845904269 
0.06982786619032154 0.0626696263178251 
0.1938941214680091 0.06266495195792966 
0.2413121143228321 0.06266388960340798 
0.2942513803182852 0.0626603041568973 
0.29814874959402404 0.06265954360763745 
0.3299772653458915 0.06265930023187431 
0.26274764533939593 0.06266056834769283 
0.0425462812601494 0.06267536303224219 
0.062033127638843784 0.06267470472075172 
0.2572263721987658 0.06266290051471538 
0.24326079896070152 0.06266355214961875 
0.035076323481649886 0.0626815410323837 
0.04189671971419292 0.06267604365937642 
0.034426761935693405 0.07472864130830116 
0.06885352387138681 0.0626728532196847 
0.06365703150373497 0.06267406764511575 
0.18772328678142253 0.06266609603202994 
0.26144852224748294 0.06266111377385133 
0.19259499837609614 0.06266532378201227 
0.03020461188697629 0.08918428739409906 
0.03117895420591101 0.08918344552825168 
0.02987983111399805 0.09882670311022448 
0.03312763884378045 0.07954933481871057 
0.3322507307567392 0.06265882779656938 
0.29490094186424165 0.06266004541333467 
0.2578759337447223 0.06266168317478601 
0.03377720038973693 0.07472954983773371 

0.027931146476128613 0.9710618612122233 
0.6355959727184151 0.06264775509410987 
0.029555050341019812 0.9662480407269712 
0.03052939265995453 0.1012394695821513 
0.5768106528093537 0.06265035961657521 
0.49529067879181554 0.06265105747905395 
0.43098408574212405 0.06265137663571968 
0.2572263721987658 0.06265545325867694 
0.3199090613835661 0.0626541778427806 
0.14225397856446897 0.06266290051471538 
0.18674894446248783 0.06266258580467683 
0.3575836310490419 0.06265318677800294 
0.5901266645014616 0.06264889591799963 
0.6261773303020461 0.06264788718950763 
0.24293601818772328 0.06265751547627785 
0.20915881779798637 0.06266004541333467 
0.4144202663202338 0.06265229411682022 
0.38454043520623576 0.06265241617457376 
0.039298473530367 0.06268066678708066 
0.3608314387788243 0.06265292235525763 
0.38324131211432283 0.06265266559693973 
0.13738226696979539 0.0626664972008703 
0.11562195518025332 0.06266690892678539 
0.037674569665475804 0.08436723005846768 
0.20753491393309517 0.06266111377385133 
0.18869762910035726 0.06266168317478601 
0.03117895420591101 0.08677960283430702 
0.09256252029879831 0.0626696263178251 
0.07469957778499513 0.06267116752468342 
0.10977590126664502 0.06266867019875556 
0.059434881455017866 0.06267406764511575 
0.07307567392010393 0.06267171239579494 
0.050016239038648914 0.0626774765586064 
0.4267619356934069 0.0626514858965602 
0.5800584605391361 0.06265007899462607 
0.2539785644689834 0.06265562484534944 
0.5878531990906138 0.06264905327301894 
0.05196492367651835 0.06267604365937642 

0.02890548879506333 0.09642184635060004 
0.31698603442676193 0.06265170890841276 
0.03215329652484573 0.08918799847620175 
0.034426761935693405 0.07955241067410017 
0.23059434881455018 0.06265597689386716 
0.157193894121468 0.06265710985000597 
0.037674569665475804 0.07473049470834359 
0.04806755440077947 0.06750321797955032 
0.04871711594673595 0.06268339443242613 
0.035076323481649886 0.0747314781451008 
0.02987983111399805 0.09400893100520112 
0.11237414745047093 0.06266083815956912 
0.15232218252679441 0.06265751547627785 
0.2929522572263722 0.0626541778427806 
0.26079896070152647 0.06265495537603709 
0.07957128937966873 0.06266355214961875 
0.1071776550828191 0.06266322254359204 
0.2331925949983761 0.06265562484534944 
0.2575511529717441 0.06265511859376201 
0.3020461188697629 0.06265388370616884 
0.055862292952257225 0.0626728532196847 
0.06365703150373497 0.06267116752468342 
0.31211432283208834 0.06265217377818993 
0.07015264696329977 0.06266821178550307 
0.07567392010392984 0.06266458920272715 
0.10880155894771029 0.06266290051471538 
0.30594348814550176 0.06265318677800294 
0.3098408574212407 0.06265229411682022 
0.05228970444949659 0.06268066678708066 
0.06658005846053913 0.0626696263178251 

0.025008119519324457 0.9542098642290359 
0.33030204611886976 0.05783909629883458 
0.027281584930172135 0.9373350000647693 
0.03345241961675869 0.10847295342261817 
0.19454368301396557 0.05784471203925177 
0.28937966872361154 0.05784406040434839 
0.1627151672620981 0.05784611184756268 
0.1938941214680091 0.05784574909236017 
0.03637544657356284 0.07473049470834359 
0.055537512179278985 0.0747253316653682 
0.05683663527119195 0.0747238480323293 
0.07502435855797336 0.07472314393529386 
0.14517700552127313 0.05784806881641841 
0.3140630074699578 0.057841998049202134 
0.29684962650211105 0.05784255526938139 
0.14290354011042547 0.05784849152169127 
0.12016888600194868 0.06266867019875556 
0.10490418967197142 0.06267345079410315 
0.08931471256901591 0.07471672659374255 
0.10685287430984086 0.06267116752468342 
0.16011692107827216 0.05784725592166296 
0.1286131860993829 0.05784892565143094 
0.08444300097434232 0.07472246330815964 
0.3160116921078272 0.05784095183988592 
0.035076323481649886 0.08195973831065127 
0.32283208834037025 0.05784070349727047 
0.12146800909386164 0.05785287228542796 
0.026632023384215654 0.9397471895682921 
0.034101981162715164 0.09401242629541655 
0.034751542708671646 0.09159844294467401 
0.0850925625202988 0.0747188126717124 
0.12569015914257875 0.057849371675136076 
0.3264046768431309 0.057839312778623905 
0.2929522572263722 0.05784343805640698 

0.02273465410847678 0.9710792368376212 
0.3851899967521923 0.04820277990077337 
0.025332900292302694 0.9686663845601368 
0.029555050341019812 0.11329179353298516 
0.32932770379993503 0.04820404801659188 
0.26567067229620006 0.04820880345091132 
0.30399480350763236 0.04820843162682871 
0.13218577460214356 0.06267470472075172 
0.09645988957453719 0.06267536303224219 
0.17700552127314062 0.06266322254359204 
0.204611886976291 0.06266290051471538 
0.17213380967846703 0.06266609603202994 
0.1464761286131861 0.06266867019875556 
0.07307567392010393 0.06267823138945074 
0.2620980837934394 0.04820997686976935 
0.23936342968496266 0.0482157537010705 
0.03897369275738876 0.06750128967218323 
0.05748619681714842 0.06268437786918334 
0.30886651510230595 0.04820638018361443 
0.03377720038973693 0.07232415050854969 
0.3221825267944138 0.048206065473575886 
0.23384215654433257 0.057849371675136076 
0.2150048717115947 0.06266111377385133 
0.21890224098733355 0.057857907646044864 
0.03312763884378045 0.08678294925105036 
0.06495615459564794 0.06268066678708066 
0.22604741799285483 0.05785287228542796 
0.23546606040922377 0.04821633288858376 
0.03117895420591101 0.08678416612986609 
0.13933095160766482 0.06266914152505745 
0.03020461188697629 0.1012446932570677 
0.21013316011692107 0.06266227816677397 

0.01981162715167262 0.9662454499527184 
0.43585579733679763 0.05783713678350017 
0.028255927249106853 0.9638217124608742 
0.028580708022085094 0.10847155422397983 
0.21468009093861642 0.0626603041568973 
0.27021760311789544 0.06265954360763745 
0.43098408574212405 0.05783750118459744 
0.3946086391685612 0.06265528453178235 
0.34004546930821694 0.06265710985000597 
0.3757713543358233 0.06265615751006319 
0.08769080870412471 0.0626664972008703 
0.12146800909386164 0.06266570501936278 
0.30724261123741475 0.06265793640920156 
0.21013316011692107 0.06266139537974837 
0.18382591750568367 0.06266168317478601 
0.29067879181552453 0.06265930023187431 
0.1448522247482949 0.06266388960340798 
0.08606690483923352 0.06266776576179793 
0.06820396232543033 0.0626696263178251 
0.16141604417018512 0.06266227816677397 
0.13705748619681715 0.06266495195792966 
0.05164014290354011 0.06750321797955032 
0.03864891198441052 0.0747314781451008 
0.1695355634946411 0.06266197736526893 
0.3887625852549529 0.06265597689386716 
0.03345241961675869 0.1084689466265175 
0.29490094186424165 0.06265882779656938 
0.05326404676843131 0.06268066678708066 
0.06268268918480026 0.06267823138945074 
0.03605066580058461 0.07955352511445872 
0.034426761935693405 0.09400585514981151 
0.03540110425462813 0.09400491027920164 
0.3936342968496265 0.06265545325867694 

0.025657681065280935 0.9710758046153203 
0.05683663527119195 0.06268244956181625 
0.03085417343293277 0.9566077697319845 
0.03312763884378045 0.1012446932570677 
0.05488795063332251 0.07472954983773371 
0.03897369275738876 0.07473049470834359 
0.03345241961675869 0.0819653260194991 
0.038324131211432286 0.07954933481871057 
0.03540110425462813 0.08196410914068337 
0.03637544657356284 0.07955031825546778 
0.029230269568041572 0.9566131299545766 
0.026956804157193894 0.9566192842842194 
0.056187073725235466 0.06750321797955032 
0.027931146476128613 0.9566160972206543 

0.029555050341019812 0.9951700051671553 
0.3640792465086067 0.06747481700423413 
0.03150373497888925 0.9566131299545766 
0.03215329652484573 0.10124068646096702 
0.1718090289054888 0.06748239225998573 
0.23676518350113673 0.06748206265395902 
0.3608314387788243 0.06747594996037296 
0.29652484572913285 0.06747766790693636 
0.27801234166937316 0.06748142591504382 
0.24033777200389736 0.06748174062508236 
0.08087041247158168 0.0674894787895598 
0.11464761286131861 0.06748751030912255 
0.1195193244559922 0.06748617174242523 
0.14907437479701202 0.06748533731123728 
0.05131536213056187 0.06749420314260918 
0.07469957778499513 0.0674935448311187 
0.1562195518025333 0.06748307529898083 
0.02987983111399805 0.9590255172758378 
0.038324131211432286 0.06750321797955032 
0.047417992854822996 0.06750128967218323 
0.03572588502760637 0.07232526494890824 
0.03312763884378045 0.09642184635060004 
0.1539460863916856 0.06748454512972976 
0.07892172783371225 0.06749290775548274 
0.11919454368301396 0.06748705189587004 
0.28613186099382915 0.0674794084580598 
0.28126014939915556 0.067480523285153 
0.14939915556999026 0.06748493614239692 
0.03637544657356284 0.0675042423928391 
0.03377720038973693 0.08678294925105036 
0.034426761935693405 0.08196076272394004 
0.292627476453394 0.06747790178580018 
0.05099058135758363 0.06749558786677883 
0.28937966872361154 0.06747838371800444 

