1007.0 4.111111111111111 
1600.0 4.026315789473684 
1560.0 4.03030303030303 
1320.0 4.032258064516129 
1097.0 4.090909090909091 
1127.0 4.0588235294117645 
1116.0 4.076923076923077 
1252.0 4.041666666666667 
1120.0 4.071428571428571 
1179.0 4.043478260869565 
1105.0 4.083333333333333 
1573.0 4.027777777777778 
1164.0 4.045454545454546 
1157.0 4.05 
1257.0 4.038461538461538 
1141.0 4.055555555555555 
1280.0 4.035714285714286 
1287.0 4.0344827586206895 
1148.0 4.052631578947368 
1308.0 4.033333333333333 
1595.0 4.027027027027027 
1274.0 4.037037037037037 
