0.1085209003215434 0.5058560641084913 
0.28858520900321544 0.2626823015172529 
0.1639871382636656 0.5029390396935473 
0.2090032154340836 0.26763240355473356 
0.11414790996784566 0.5042853586542907 
0.25241157556270094 0.26490984743411916 

0.10209003215434084 0.5042853586542907 
0.47266881028938906 0.24831103753747033 
0.2516077170418006 0.2710355987055016 
0.10369774919614148 0.5029390396935473 
0.3022508038585209 0.25572122052704577 
0.4284565916398714 0.248574510710433 
0.34726688102893893 0.2520749400083657 
0.38183279742765275 0.2515445719329215 
0.2757234726688103 0.2579089888382537 
0.32395498392282956 0.2533031608146579 
0.40353697749196143 0.24983107507379346 
0.4228295819935691 0.24885615444704826 
0.2644694533762058 0.26763240355473356 
0.27009646302250806 0.26490984743411916 
0.3360128617363344 0.2526583448913545 
0.39147909967845657 0.2506164278008939 
0.2733118971061093 0.259255307798997 
0.385048231511254 0.25106032282055923 

0.18408360128617363 0.26763240355473356 
0.2170418006430868 0.26490984743411916 

0.7081993569131833 0.24702927615548978 
0.24035369774919615 0.26763240355473356 
0.3979099678456592 0.259255307798997 
0.43890675241157556 0.2567421790722761 
0.44855305466237944 0.2540196229516617 
0.6077170418006431 0.2478319954048109 
0.3995176848874598 0.2579089888382537 
0.657556270096463 0.24761360855021616 
0.5313504823151125 0.24983107507379346 
0.662379421221865 0.24721323265012582 
0.4565916398713826 0.2533031608146579 
0.5771704180064309 0.24806403143781783 
0.5209003215434084 0.2506164278008939 
0.5016077170418006 0.25106032282055923 
0.48392282958199356 0.2515445719329215 
0.5530546623794212 0.24948202941730452 
0.4694533762057878 0.2526583448913545 
0.5635048231511254 0.24885615444704826 
0.4790996784565916 0.2520749400083657 
0.572347266881029 0.248574510710433 
0.5618971061093248 0.2491579155934218 

0.22266881028938906 0.26763240355473356 
0.6993569131832797 0.2468550015816239 
0.6672025723472669 0.2478319954048109 
0.4742765273311897 0.24831103753747033 
0.295016077170418 0.2626823015172529 
0.31913183279742763 0.25482037475184244 
0.3102893890675241 0.259255307798997 
0.41961414790996787 0.2506164278008939 
0.3135048231511254 0.2579089888382537 
0.3609324758842444 0.25106032282055923 
0.30144694533762056 0.26082601325319765 
0.677652733118971 0.24721323265012582 
0.34887459807073956 0.2515445719329215 
0.3432475884244373 0.2526583448913545 
0.42363344051446944 0.24983107507379346 
0.33038585209003213 0.2540196229516617 
0.44212218649517687 0.2491579155934218 
0.4477491961414791 0.24885615444704826 
0.3360128617363344 0.2533031608146579 
0.4646302250803859 0.248574510710433 
0.6953376205787781 0.24702927615548978 
0.43729903536977494 0.24948202941730452 

0.21141479099678456 0.27541113532791767 
0.5964630225080386 0.248574510710433 
0.22427652733118972 0.26490984743411916 
0.3745980707395498 0.25106032282055923 
0.29019292604501606 0.259255307798997 
0.3247588424437299 0.2515445719329215 
0.45016077170418006 0.2506164278008939 
0.5040192926045016 0.24983107507379346 
0.5602893890675241 0.24948202941730452 
0.45980707395498394 0.25020804438280164 
0.2942122186495177 0.2567421790722761 
0.3207395498392283 0.2540196229516617 
0.3022508038585209 0.25572122052704577 
0.31913183279742763 0.25482037475184244 
0.5635048231511254 0.2491579155934218 
0.5795819935691319 0.24885615444704826 

0.2162379421221865 0.2626823015172529 
0.11093247588424437 0.5058560641084913 

0.21061093247588425 0.26763240355473356 

0.704983922829582 0.24761360855021616 
0.10610932475884244 0.5160656495607953 
0.16881028938906753 0.5077123523725465 
0.24839228295819935 0.2710355987055016 
0.4670418006430868 0.2491579155934218 
0.6045016077170418 0.24806403143781783 
0.27813504823151125 0.2540196229516617 
0.34163987138263663 0.2533031608146579 
0.3995176848874598 0.2506164278008939 
0.6583601286173634 0.2478319954048109 
0.3504823151125402 0.25106032282055923 
0.4115755627009646 0.24983107507379346 
0.44855305466237944 0.24948202941730452 
0.25 0.26763240355473356 
0.2692926045016077 0.26490984743411916 
0.2717041800643087 0.2626823015172529 
0.272508038585209 0.25572122052704577 
0.34565916398713825 0.2526583448913545 
0.27491961414790994 0.25482037475184244 
0.3496784565916399 0.2515445719329215 

0.22186495176848875 0.26763240355473356 
0.6045016077170418 0.24885615444704826 
0.2733118971061093 0.25572122052704577 
0.4983922829581994 0.2491579155934218 
0.24356913183279744 0.26082601325319765 
0.22588424437299034 0.26490984743411916 
0.2580385852090032 0.259255307798997 
0.39308681672025725 0.2506164278008939 
0.3279742765273312 0.25482037475184244 
0.4477491961414791 0.24948202941730452 
0.44212218649517687 0.25020804438280164 
0.33440514469453375 0.2540196229516617 
0.364951768488746 0.2533031608146579 
0.3762057877813505 0.2526583448913545 
0.3770096463022508 0.2515445719329215 
0.38183279742765275 0.25106032282055923 
0.44614147909967844 0.24983107507379346 

