997.0 4.111111111111111 
994.0 4.125 
942.0 5.090909090909091 
992.0 5.083333333333333 
1391.0 4.0344827586206895 
1768.0 4.029411764705882 
1629.0 4.03125 
1749.0 4.03030303030303 
1615.0 4.033333333333333 
1255.0 4.037037037037037 
1186.0 4.041666666666667 
1115.0 4.052631578947368 
1108.0 4.0588235294117645 
1034.0 4.083333333333333 
1171.0 4.043478260869565 
1107.0 4.0625 
1058.0 4.066666666666666 
1044.0 4.071428571428571 
1127.0 4.045454545454546 
1118.0 4.0476190476190474 
1114.0 4.055555555555555 
1251.0 4.038461538461538 
