0.2491961414790997 0.26763240355473356 

0.21463022508038584 0.26763240355473356 

0.24356913183279744 0.26763240355473356 

0.2709003215434084 0.2626823015172529 
0.2596463022508039 0.26490984743411916 
0.21221864951768488 0.2710355987055016 

0.17041800643086816 0.5077123523725465 
0.7081993569131833 0.24885615444704826 
0.21061093247588425 0.5058560641084913 
0.2692926045016077 0.26490984743411916 
0.3633440514469453 0.25106032282055923 
0.6302250803858521 0.2506164278008939 
0.684887459807074 0.24983107507379346 
0.657556270096463 0.25020804438280164 
0.2934083601286174 0.2626823015172529 
0.33681672025723475 0.2533031608146579 
0.3135048231511254 0.2540196229516617 
0.35771704180064307 0.2515445719329215 
0.3022508038585209 0.2579089888382537 
0.3070739549839228 0.25482037475184244 
0.2942122186495177 0.26082601325319765 

0.2821543408360129 0.2710355987055016 
0.5313504823151125 0.24885615444704826 
0.297427652733119 0.2567421790722761 
0.37942122186495175 0.2526583448913545 
0.47106109324758844 0.2520749400083657 
0.3183279742765273 0.2540196229516617 
0.34807073954983925 0.2533031608146579 
0.5192926045016077 0.25020804438280164 
0.49437299035369775 0.2506164278008939 
0.5281350482315113 0.24948202941730452 
0.47990353697749194 0.2515445719329215 
0.4871382636655949 0.25106032282055923 

0.8344051446945338 0.24761360855021616 
0.2532154340836013 0.26763240355473356 
0.49758842443729906 0.25020804438280164 
0.682475884244373 0.24983107507379346 
0.30144694533762056 0.2626823015172529 
0.3022508038585209 0.2579089888382537 
0.7226688102893891 0.24806403143781783 
0.8191318327974276 0.2478319954048109 
0.4003215434083601 0.2526583448913545 
0.4815112540192926 0.2520749400083657 
0.3545016077170418 0.2533031608146579 
0.31913183279742763 0.2540196229516617 
0.49437299035369775 0.2515445719329215 
0.3054662379421222 0.2567421790722761 
0.3086816720257235 0.25572122052704577 
0.31270096463022506 0.25482037475184244 
0.7114147909967846 0.248574510710433 
0.6856913183279743 0.24948202941730452 
0.6937299035369775 0.24885615444704826 
0.6897106109324759 0.2491579155934218 

0.5506430868167203 0.2491579155934218 
0.2805466237942122 0.2710355987055016 
0.29260450160771706 0.259255307798997 
0.4220257234726688 0.24948202941730452 
0.3665594855305466 0.2506164278008939 
0.4212218649517685 0.24983107507379346 
0.3094855305466238 0.2533031608146579 
0.3432475884244373 0.2526583448913545 
0.2942122186495177 0.2567421790722761 
0.30385852090032156 0.25482037475184244 
0.35610932475884244 0.2515445719329215 
0.3520900321543408 0.2520749400083657 

0.22427652733118972 0.5160656495607953 
0.8384244372990354 0.24806403143781783 
0.26768488745980706 0.26763240355473356 
0.594855305466238 0.24885615444704826 
0.8231511254019293 0.248574510710433 
0.5836012861736335 0.24948202941730452 
0.4967845659163987 0.24983107507379346 
0.42765273311897106 0.25020804438280164 
0.33681672025723475 0.259255307798997 
0.29180064308681675 0.2626823015172529 
0.3215434083601286 0.26082601325319765 
0.3971061093247588 0.2506164278008939 
0.3641479099678457 0.2579089888382537 
0.37138263665594856 0.25482037475184244 
0.3866559485530547 0.2533031608146579 
0.8287781350482315 0.24831103753747033 
0.36816720257234725 0.2567421790722761 
0.39067524115755625 0.2520749400083657 
0.3954983922829582 0.25106032282055923 

0.24437299035369775 0.26082601325319765 
0.42443729903536975 0.24948202941730452 
0.41479099678456594 0.2506164278008939 
0.3545016077170418 0.25106032282055923 
0.30305466237942125 0.25572122052704577 
0.26366559485530544 0.2567421790722761 
0.25241157556270094 0.2579089888382537 
0.31913183279742763 0.2515445719329215 
0.31189710610932475 0.2520749400083657 
0.3086816720257235 0.2540196229516617 
0.4188102893890675 0.24983107507379346 

