1040.0 4.111111111111111 

997.0 4.111111111111111 

1033.0 4.111111111111111 

1067.0 4.090909090909091 
1053.0 4.1 
994.0 4.125 

942.0 5.090909090909091 
1611.0 4.0344827586206895 
992.0 5.083333333333333 
1065.0 4.1 
1182.0 4.043478260869565 
1514.0 4.041666666666667 
1582.0 4.038461538461538 
1548.0 4.04 
1095.0 4.090909090909091 
1149.0 4.052631578947368 
1120.0 4.055555555555555 
1175.0 4.045454545454546 
1106.0 4.071428571428571 
1112.0 4.0588235294117645 
1096.0 4.083333333333333 

1081.0 4.125 
1391.0 4.0344827586206895 
1100.0 4.066666666666666 
1202.0 4.05 
1316.0 4.0476190476190474 
1126.0 4.055555555555555 
1163.0 4.052631578947368 
1376.0 4.04 
1345.0 4.041666666666667 
1387.0 4.037037037037037 
1327.0 4.045454545454546 
1336.0 4.043478260869565 

1768.0 4.029411764705882 
1045.0 4.111111111111111 
1349.0 4.04 
1579.0 4.038461538461538 
1105.0 4.090909090909091 
1106.0 4.071428571428571 
1629.0 4.03125 
1749.0 4.03030303030303 
1228.0 4.05 
1329.0 4.0476190476190474 
1171.0 4.052631578947368 
1127.0 4.055555555555555 
1345.0 4.045454545454546 
1110.0 4.066666666666666 
1114.0 4.0625 
1119.0 4.0588235294117645 
1615.0 4.033333333333333 
1583.0 4.037037037037037 
1593.0 4.0344827586206895 
1588.0 4.035714285714286 

1415.0 4.035714285714286 
1079.0 4.125 
1094.0 4.076923076923077 
1255.0 4.037037037037037 
1186.0 4.041666666666667 
1254.0 4.038461538461538 
1115.0 4.052631578947368 
1157.0 4.05 
1096.0 4.066666666666666 
1108.0 4.0588235294117645 
1173.0 4.045454545454546 
1168.0 4.0476190476190474 

1009.0 5.125 
1773.0 4.03125 
1063.0 4.111111111111111 
1470.0 4.0344827586206895 
1754.0 4.033333333333333 
1456.0 4.037037037037037 
1348.0 4.038461538461538 
1262.0 4.04 
1149.0 4.076923076923077 
1093.0 4.090909090909091 
1130.0 4.083333333333333 
1224.0 4.041666666666667 
1183.0 4.071428571428571 
1192.0 4.0588235294117645 
1211.0 4.052631578947368 
1761.0 4.032258064516129 
1188.0 4.066666666666666 
1216.0 4.0476190476190474 
1222.0 4.043478260869565 

1034.0 4.083333333333333 
1258.0 4.037037037037037 
1246.0 4.041666666666667 
1171.0 4.043478260869565 
1107.0 4.0625 
1058.0 4.066666666666666 
1044.0 4.071428571428571 
1127.0 4.045454545454546 
1118.0 4.0476190476190474 
1114.0 4.055555555555555 
1251.0 4.038461538461538 

