1320.0 4.027027027027027 
1116.0 4.038461538461538 
1184.0 4.033333333333333 
1111.0 4.041666666666667 
1864.0 4.020408163265306 
1452.0 4.024390243902439 
1852.0 4.0212765957446805 
924.0 4.090909090909091 
1014.0 4.076923076923077 
1660.0 4.021739130434782 
1026.0 4.0625 
1549.0 4.0227272727272725 
1039.0 4.05 
1424.0 4.025 
1037.0 4.055555555555555 
1083.0 4.043478260869565 
1297.0 4.027777777777778 
1018.0 4.071428571428571 
1214.0 4.03125 
1075.0 4.0476190476190474 
1264.0 4.029411764705882 
1022.0 4.066666666666666 
1534.0 4.023255813953488 
1164.0 4.037037037037037 
1268.0 4.0285714285714285 
1170.0 4.035714285714286 
1196.0 4.032258064516129 
1079.0 4.045454545454546 
1397.0 4.026315789473684 
