0.4742765273311897 0.24702927615548978 
0.3102893890675241 0.24983107507379346 
0.364951768488746 0.248574510710433 
0.3062700964630225 0.2506164278008939 
0.9115755627009646 0.24540745563135094 
0.5803858520900321 0.24638318505237755 
0.9019292604501608 0.2456202476859365 
0.15594855305466238 0.2626823015172529 
0.2282958199356913 0.259255307798997 
0.747588424437299 0.24573358258457445 
0.2379421221864952 0.25572122052704577 
0.6583601286173634 0.24597570714075562 
0.24839228295819935 0.2526583448913545 
0.5578778135048231 0.24653259361997232 
0.24678456591639872 0.2540196229516617 
0.2837620578778135 0.25106032282055923 
0.4557877813504823 0.24721323265012582 
0.2315112540192926 0.2579089888382537 
0.3890675241157556 0.24806403143781783 
0.27733118971061094 0.2520749400083657 
0.4292604501607717 0.24761360855021616 
0.2347266881028939 0.2567421790722761 
0.6463022508038585 0.2461052156242944 
0.34887459807073956 0.24948202941730452 
0.432475884244373 0.2474077009444554 
0.3536977491961415 0.2491579155934218 
0.3745980707395498 0.24831103753747033 
0.2805466237942122 0.2515445719329215 
0.5361736334405145 0.2468550015816239 
