860.0 101.01960784313725 
776.0 1158.0833333333333 
802.0 1059.0526315789473 
844.0 152.02631578947367 
789.0 1125.0833333333333 
790.0 1088.090909090909 
784.0 1129.0588235294117 
846.0 130.02325581395348 
793.0 1081.076923076923 
780.0 1152.0666666666666 
782.0 1135.0625 
848.0 115.02380952380952 
795.0 1075.0714285714287 
796.0 1067.0666666666666 
778.0 1152.076923076923 
798.0 1061.0625 
856.0 107.02083333333333 
858.0 101.02 
850.0 113.02272727272727 
800.0 1059.0555555555557 
852.0 109.02222222222223 
854.0 107.02127659574468 
853.0 108.02173913043478 
