907.0 103.02 
804.0 1606.0833333333333 
875.0 571.04 
806.0 1600.076923076923 
807.0 1125.0833333333333 
892.0 118.02564102564102 
831.0 1021.0588235294117 
841.0 697.0714285714286 
843.0 695.0625 
866.0 618.047619047619 
829.0 1021.0625 
819.0 1022.0555555555555 
809.0 1117.076923076923 
811.0 1038.076923076923 
868.0 616.0434782608696 
869.0 573.0454545454545 
871.0 571.0416666666666 
813.0 1030.0714285714287 
815.0 1024.0666666666666 
899.0 110.02222222222223 
901.0 106.02173913043478 
895.0 116.02380952380952 
817.0 1022.0588235294117 
903.0 104.02083333333333 
905.0 104.0204081632653 
893.0 118.025 
897.0 112.02325581395348 
896.0 112.02380952380952 
