907.0 103.02 
812.0 1491.076923076923 
828.0 1480.0555555555557 
829.0 772.0833333333334 
892.0 136.02631578947367 
875.0 565.0370370370371 
841.0 688.0526315789474 
866.0 618.047619047619 
818.0 1481.0588235294117 
869.0 573.0454545454545 
898.0 106.02173913043478 
833.0 739.0769230769231 
835.0 694.0714285714286 
903.0 104.02083333333333 
868.0 616.0434782608696 
814.0 1485.0714285714287 
894.0 112.02325581395348 
873.0 567.04 
831.0 770.0714285714286 
893.0 118.025 
837.0 692.0625 
839.0 690.0588235294117 
905.0 104.0204081632653 
