860.0 101.01960784313725 
817.0 662.0833333333334 
819.0 660.0714285714286 
825.0 596.0909090909091 
837.0 536.0434782608696 
831.0 566.0833333333334 
833.0 544.047619047619 
827.0 590.0833333333334 
829.0 568.1 
835.0 538.047619047619 
789.0 1125.0833333333333 
844.0 132.02439024390245 
793.0 1081.076923076923 
841.0 138.02777777777777 
843.0 136.02631578947367 
776.0 1158.0833333333333 
802.0 1059.0526315789473 
790.0 1088.090909090909 
784.0 1129.0588235294117 
780.0 1152.0666666666666 
782.0 1135.0625 
796.0 1067.0666666666666 
778.0 1152.076923076923 
798.0 1061.0625 
800.0 1059.0555555555557 
811.0 1038.076923076923 
813.0 1030.0714285714287 
815.0 1024.0666666666666 
864.0 101.01923076923077 
794.0 1073.0714285714287 
845.0 115.02380952380952 
855.0 101.02 
849.0 109.02222222222223 
795.0 1073.0666666666666 
853.0 107.02083333333333 
851.0 107.02127659574468 
