0.6086956521739131 2.467657645022506E-7 
0.2971014492753623 0.36717314517279276 
0.3115942028985507 0.36585650881013704 
0.35507246376811596 0.3239861976280606 
0.4420289855072464 0.28468978936267464 
0.39855072463768115 0.3043485556553038 
0.41304347826086957 0.2899278816477551 
0.3695652173913043 0.32005470303467604 
0.38405797101449274 0.30566830831704267 
0.427536231884058 0.28600134480291206 
0.09420289855072464 0.6701709050331826 
0.4927536231884058 0.020290483509588893 
0.12318840579710146 0.6413721064863369 
0.47101449275362317 0.02421923723386106 
0.4855072463768116 0.02290943486042291 
0.0 0.6917668576798195 
0.18840579710144928 0.6269589078116092 
0.10144927536231885 0.6459622189051918 
0.057971014492753624 0.672772556488385 
0.028985507246376812 0.6878294137881852 
0.043478260869565216 0.676701499299432 
0.14492753623188406 0.6322034751529084 
0.014492753623188406 0.6878361258169798 
0.15942028985507245 0.6282742115463675 
0.17391304347826086 0.6269608213285903 
0.2536231884057971 0.6132319257649615 
0.26811594202898553 0.6079929475754595 
0.2826086956521739 0.6040632944315331 
0.6376811594202898 0.0 
0.13043478260869565 0.6361331282968348 
0.5 0.009164915746059973 
0.572463768115942 5.034021595897992E-7 
0.5289855072463768 0.005237340134855844 
0.13768115942028986 0.6361300119977514 
0.5579710144927537 0.0039275855993422155 
0.5434782608695652 0.0039278756803738995 
