907.0 103.02 
810.0 1491.076923076923 
816.0 1481.0588235294117 
817.0 662.0833333333334 
843.0 472.05 
893.0 118.025 
819.0 660.0714285714286 
825.0 596.0909090909091 
837.0 536.0434782608696 
841.0 474.05555555555554 
831.0 566.0833333333334 
833.0 544.047619047619 
827.0 590.0833333333334 
829.0 568.1 
812.0 1485.0714285714287 
835.0 538.047619047619 
895.0 116.02380952380952 
897.0 112.02325581395348 
899.0 110.02222222222223 
901.0 106.02173913043478 
814.0 1483.0625 
903.0 104.02083333333333 
905.0 104.0204081632653 
