907.0 103.02 
807.0 1125.0833333333333 
849.0 563.0357142857143 
893.0 118.025 
821.0 1061.05 
827.0 752.0833333333334 
829.0 707.0769230769231 
841.0 614.0454545454545 
843.0 569.0434782608696 
831.0 699.0714285714286 
809.0 1117.076923076923 
833.0 663.0714285714286 
811.0 1081.076923076923 
835.0 655.0666666666667 
839.0 622.047619047619 
813.0 1073.0714285714287 
815.0 1067.0666666666666 
895.0 118.02439024390245 
897.0 112.02325581395348 
899.0 110.02222222222223 
901.0 106.02173913043478 
817.0 1065.0588235294117 
819.0 1063.0555555555557 
845.0 567.04 
847.0 565.0384615384615 
903.0 104.02083333333333 
905.0 104.0204081632653 
