860.0 101.01960784313725 
789.0 1126.090909090909 
822.0 1059.047619047619 
850.0 113.02272727272727 
801.0 1064.0588235294117 
816.0 1063.0588235294117 
791.0 1120.0833333333333 
793.0 1082.076923076923 
797.0 1068.0714285714287 
795.0 1074.076923076923 
852.0 109.02222222222223 
854.0 107.02127659574468 
856.0 103.02083333333333 
818.0 1061.0555555555557 
820.0 1059.05 
858.0 101.02 

907.0 103.02 
812.0 1491.076923076923 
828.0 1480.0555555555557 
829.0 772.0833333333334 
892.0 136.02631578947367 
875.0 565.0370370370371 
841.0 688.0526315789474 
866.0 618.047619047619 
818.0 1481.0588235294117 
869.0 573.0454545454545 
898.0 106.02173913043478 
833.0 739.0769230769231 
835.0 694.0714285714286 
903.0 104.02083333333333 
868.0 616.0434782608696 
814.0 1485.0714285714287 
894.0 112.02325581395348 
873.0 567.04 
831.0 770.0714285714286 
893.0 118.025 
837.0 692.0625 
839.0 690.0588235294117 
905.0 104.0204081632653 

907.0 103.02 
810.0 1491.076923076923 
816.0 1481.0588235294117 
817.0 662.0833333333334 
843.0 472.05 
893.0 118.025 
819.0 660.0714285714286 
825.0 596.0909090909091 
837.0 536.0434782608696 
841.0 474.05555555555554 
831.0 566.0833333333334 
833.0 544.047619047619 
827.0 590.0833333333334 
829.0 568.1 
812.0 1485.0714285714287 
835.0 538.047619047619 
895.0 116.02380952380952 
897.0 112.02325581395348 
899.0 110.02222222222223 
901.0 106.02173913043478 
814.0 1483.0625 
903.0 104.02083333333333 
905.0 104.0204081632653 

860.0 101.01960784313725 
787.0 1142.090909090909 
797.0 1067.0666666666666 
842.0 154.02777777777777 
789.0 1125.0833333333333 
791.0 1098.0833333333333 
844.0 132.02439024390245 
793.0 1081.076923076923 
846.0 130.02325581395348 
848.0 115.02380952380952 
795.0 1073.0714285714287 
850.0 113.02272727272727 
852.0 109.02222222222223 
854.0 107.02127659574468 
856.0 103.02083333333333 
858.0 101.02 

907.0 103.02 
813.0 1606.0833333333333 
825.0 1481.0588235294117 
841.0 138.02777777777777 
893.0 118.025 
845.0 136.02564102564102 
817.0 1598.0666666666666 
819.0 1491.076923076923 
823.0 1483.0588235294117 
815.0 1600.076923076923 
821.0 1485.0714285714287 
895.0 116.02380952380952 
897.0 112.02325581395348 
899.0 110.02222222222223 
901.0 106.02173913043478 
843.0 136.02631578947367 
903.0 104.02083333333333 
905.0 104.0204081632653 

860.0 101.01960784313725 
776.0 1158.0833333333333 
802.0 1059.0526315789473 
844.0 152.02631578947367 
789.0 1125.0833333333333 
790.0 1088.090909090909 
784.0 1129.0588235294117 
846.0 130.02325581395348 
793.0 1081.076923076923 
780.0 1152.0666666666666 
782.0 1135.0625 
848.0 115.02380952380952 
795.0 1075.0714285714287 
796.0 1067.0666666666666 
778.0 1152.076923076923 
798.0 1061.0625 
856.0 107.02083333333333 
858.0 101.02 
850.0 113.02272727272727 
800.0 1059.0555555555557 
852.0 109.02222222222223 
854.0 107.02127659574468 
853.0 108.02173913043478 

907.0 103.02 
807.0 1125.0833333333333 
849.0 563.0357142857143 
893.0 118.025 
821.0 1061.05 
827.0 752.0833333333334 
829.0 707.0769230769231 
841.0 614.0454545454545 
843.0 569.0434782608696 
831.0 699.0714285714286 
809.0 1117.076923076923 
833.0 663.0714285714286 
811.0 1081.076923076923 
835.0 655.0666666666667 
839.0 622.047619047619 
813.0 1073.0714285714287 
815.0 1067.0666666666666 
895.0 118.02439024390245 
897.0 112.02325581395348 
899.0 110.02222222222223 
901.0 106.02173913043478 
817.0 1065.0588235294117 
819.0 1063.0555555555557 
845.0 567.04 
847.0 565.0384615384615 
903.0 104.02083333333333 
905.0 104.0204081632653 

907.0 103.02 
804.0 1606.0833333333333 
875.0 571.04 
806.0 1600.076923076923 
807.0 1125.0833333333333 
892.0 118.02564102564102 
831.0 1021.0588235294117 
841.0 697.0714285714286 
843.0 695.0625 
866.0 618.047619047619 
829.0 1021.0625 
819.0 1022.0555555555555 
809.0 1117.076923076923 
811.0 1038.076923076923 
868.0 616.0434782608696 
869.0 573.0454545454545 
871.0 571.0416666666666 
813.0 1030.0714285714287 
815.0 1024.0666666666666 
899.0 110.02222222222223 
901.0 106.02173913043478 
895.0 116.02380952380952 
817.0 1022.0588235294117 
903.0 104.02083333333333 
905.0 104.0204081632653 
893.0 118.025 
897.0 112.02325581395348 
896.0 112.02380952380952 

789.0 1125.0833333333333 
864.0 101.01923076923077 
796.0 1067.0666666666666 
846.0 130.02272727272728 
858.0 101.02 
792.0 1111.0714285714287 
793.0 1081.076923076923 
848.0 115.02380952380952 
790.0 1117.076923076923 
794.0 1073.0714285714287 
854.0 107.02127659574468 
856.0 103.02083333333333 
850.0 113.02222222222223 
852.0 109.02222222222223 

860.0 101.01960784313725 
787.0 1142.090909090909 
803.0 1061.05 
844.0 152.02631578947367 
845.0 115.02380952380952 
855.0 101.02 
849.0 109.02222222222223 
789.0 1125.0833333333333 
791.0 1098.0833333333333 
793.0 1081.076923076923 
795.0 1073.0666666666666 
853.0 107.02083333333333 
797.0 1067.0666666666666 
799.0 1065.0588235294117 
801.0 1063.0555555555557 
851.0 107.02127659574468 

