860.0 101.01960784313725 
778.0 1141.076923076923 
796.0 1065.0714285714287 
820.0 675.0909090909091 
837.0 599.0833333333334 
839.0 274.03846153846155 
841.0 274.037037037037 
846.0 137.02702702702703 
792.0 1071.0833333333333 
782.0 1135.0666666666666 
825.0 669.0769230769231 
828.0 605.1111111111111 
833.0 599.0909090909091 
848.0 115.02380952380952 
794.0 1065.076923076923 
780.0 1135.0714285714287 
830.0 605.1 
822.0 675.0833333333334 
823.0 669.0833333333334 
831.0 599.1 
850.0 113.02272727272727 
852.0 109.02222222222223 
854.0 107.02127659574468 
856.0 103.02083333333333 
858.0 101.02 
