0.0 0.6917626626618228 
0.17391304347826086 0.6282718055801636 
0.09420289855072464 0.6701709050331826 
0.10144927536231885 0.6459572611566503 
0.028985507246376812 0.6767042260611298 
0.14492753623188406 0.6308946295379607 
0.15942028985507245 0.6282742115463675 
0.5507246376811594 0.005237340134855844 
0.11594202898550725 0.6348278784115985 
0.014492753623188406 0.6806338792050561 
0.07246376811594203 0.6727704178517594 
0.13043478260869565 0.630897745837044 
0.043478260869565216 0.676701499299432 
0.057971014492753624 0.672772556488385 
0.6086956521739131 2.467657645022506E-7 
0.5652173913043478 0.0039278756803738995 
0.5797101449275363 0.001309894369446839 
0.5942028985507246 5.034021595897992E-7 
0.2971014492753623 0.37568064166995274 
0.3695652173913043 0.32594450830194066 
0.42028985507246375 0.1132277307469649 
0.43478260869565216 0.11191708726716151 
0.4492753623188406 0.02421923723386106 
0.32608695652173914 0.3717463140774016 
0.35507246376811596 0.32987600289532515 
0.4855072463768116 0.02290943486042291 
0.463768115942029 0.02421874592544705 
0.3115942028985507 0.37174990980711314 
0.4057971014492754 0.11388425106343707 
0.5289855072463768 0.00785503136475122 
0.5072463768115942 0.01898089549780912 
0.5144927536231884 0.009164553385701461 
0.4927536231884058 0.020290483509588893 
