907.0 103.02 
817.0 675.0909090909091 
829.0 599.0833333333334 
832.0 275.0416666666667 
893.0 118.025 
845.0 136.02564102564102 
838.0 272.0344827586207 
841.0 138.02777777777777 
821.0 669.0714285714286 
825.0 605.1111111111111 
827.0 599.0909090909091 
819.0 669.0833333333334 
895.0 116.02380952380952 
897.0 112.02325581395348 
899.0 110.02222222222223 
901.0 106.02173913043478 
834.0 274.03846153846155 
836.0 272.0357142857143 
843.0 136.02631578947367 
903.0 104.02083333333333 
905.0 104.0204081632653 
