907.0 103.02 
819.0 675.0909090909091 
831.0 599.0833333333334 
834.0 274.04 
897.0 112.02325581395348 
849.0 113.02222222222223 
840.0 272.0344827586207 
841.0 138.02777777777777 
823.0 669.0714285714286 
827.0 605.1 
846.0 130.02325581395348 
847.0 115.02325581395348 
829.0 599.0909090909091 
821.0 669.0833333333334 
843.0 136.02631578947367 
844.0 132.02439024390245 
899.0 110.02222222222223 
901.0 106.02173913043478 
903.0 104.02083333333333 
836.0 273.037037037037 
838.0 272.0357142857143 
905.0 104.0204081632653 
