904.0 103.02 
817.0 675.0833333333334 
827.0 599.0833333333334 
834.0 274.03846153846155 
892.0 118.02439024390245 
853.0 132.02325581395348 
836.0 272.0357142857143 
838.0 138.02777777777777 
821.0 669.0714285714286 
825.0 605.0909090909091 
847.0 132.02439024390245 
851.0 132.02380952380952 
843.0 136.02631578947367 
840.0 138.02702702702703 
819.0 669.0769230769231 
894.0 116.02325581395348 
896.0 112.02272727272727 
898.0 110.02173913043478 
900.0 106.02127659574468 
845.0 134.02564102564102 
902.0 104.0204081632653 
