860.0 101.01960784313725 
817.0 692.1 
831.0 599.0909090909091 
833.0 292.04347826086956 
841.0 274.037037037037 
842.0 154.02777777777777 
823.0 669.0769230769231 
825.0 622.125 
828.0 605.1 
820.0 675.0833333333334 
846.0 137.02702702702703 
848.0 115.02380952380952 
827.0 622.1111111111111 
819.0 692.0909090909091 
844.0 154.02702702702703 
835.0 291.04 
837.0 275.0416666666667 
850.0 113.02272727272727 
852.0 109.02222222222223 
854.0 107.02127659574468 
856.0 103.02083333333333 
858.0 101.02 
839.0 274.03846153846155 
