776.0 1158.076923076923 
800.0 1061.0588235294117 
789.0 1125.0833333333333 
790.0 1088.0833333333333 
780.0 1135.0666666666666 
796.0 1065.0666666666666 
798.0 1061.0625 
852.0 109.02222222222223 
792.0 1071.076923076923 
778.0 1141.0714285714287 
786.0 1129.0555555555557 
794.0 1065.0714285714287 
782.0 1135.0625 
784.0 1129.0588235294117 
860.0 101.01960784313725 
854.0 107.02127659574468 
856.0 103.02083333333333 
858.0 101.02 
817.0 675.0833333333334 
827.0 599.0833333333334 
834.0 274.03846153846155 
836.0 272.0357142857143 
838.0 138.02777777777777 
821.0 669.0714285714286 
825.0 605.0909090909091 
843.0 136.02631578947367 
840.0 138.02702702702703 
819.0 669.0769230769231 
832.0 275.0416666666667 
849.0 113.02222222222223 
846.0 130.02325581395348 
847.0 115.02325581395348 
844.0 132.02439024390245 
