0.9492753623188406 0.0013093490171072779 
0.0 0.6917626626618228 
0.17391304347826086 0.6282718055801636 
0.2971014492753623 0.3868167364437993 
0.5797101449275363 0.0039275855993422155 
0.9057971014492754 0.0032737555661505055 
0.41304347826086957 0.1250106243390567 
0.4057971014492754 0.32594450830194066 
0.47101449275362317 0.03469052153662311 
0.45652173913043476 0.11257330793949107 
0.34782608695652173 0.37174990980711314 
0.35507246376811596 0.34102350049081714 
0.09420289855072464 0.6701709050331826 
0.10144927536231885 0.6459572611566503 
0.5217391304347826 0.009164915746059973 
0.5 0.023564814426387217 
0.4927536231884058 0.033380199780004415 
0.391304347826087 0.3259494660504821 
0.3333333333333333 0.3717541048251097 
0.028985507246376812 0.6767042260611298 
0.5362318840579711 0.007855361881320645 
0.14492753623188406 0.6308946295379607 
0.15942028985507245 0.6282742115463675 
0.5507246376811594 0.005237340134855844 
0.5144927536231884 0.022255012052949063 
0.9347826086956522 0.001964038935931111 
0.11594202898550725 0.6348278784115985 
0.014492753623188406 0.6806338792050561 
0.427536231884058 0.12369950247086561 
0.4420289855072464 0.11388425106343707 
0.3695652173913043 0.3370878744403147 
0.3115942028985507 0.3828842503007065 
0.37681159420289856 0.3298892235581024 
0.3188405797101449 0.3756855994184942 
0.07246376811594203 0.6727704178517594 
0.13043478260869565 0.630897745837044 
0.043478260869565216 0.676701499299432 
0.057971014492753624 0.672772556488385 

0.6086956521739131 2.467657645022506E-7 
0.2971014492753623 0.38681078714554956 
0.39855072463768115 0.32594450830194066 
0.41304347826086957 0.1250106243390567 
0.47101449275362317 0.11191708726716151 
0.4782608695652174 0.03469000215344256 
0.35507246376811596 0.34100713992063025 
0.34057971014492755 0.37174990980711314 
0.37681159420289856 0.32987600289532515 
0.5072463768115942 0.023563857667896752 
0.5217391304347826 0.009164915746059973 
0.3115942028985507 0.3868058293970081 
0.3188405797101449 0.37568064166995274 
0.427536231884058 0.12435392527833945 
0.4420289855072464 0.11388425106343707 
0.4927536231884058 0.033380199780004415 
0.3333333333333333 0.3756764466519562 
0.5362318840579711 0.007855361881320645 
0.5507246376811594 0.005237340134855844 
0.5652173913043478 0.0039278756803738995 
0.5797101449275363 0.001309894369446839 
0.45652173913043476 0.1132277307469649 
0.5942028985507246 5.034021595897992E-7 

0.9492753623188406 0.0013093490171072779 
0.26811594202898553 0.9999958049820035 
0.34057971014492755 0.9535250736225659 
0.38405797101449274 0.39268784391656464 
0.5362318840579711 0.009164553385701461 
0.8913043478260869 0.007200939073846802 
0.4420289855072464 0.36781393417177766 
0.45652173913043476 0.11322679852074341 
0.47101449275362317 0.11191628132774345 
0.4855072463768116 0.02421874592544705 
0.3115942028985507 0.9960625561083657 
0.32608695652173914 0.9574547267664922 
0.39855072463768115 0.38744934515769075 
0.427536231884058 0.37305204339326614 
0.2826086956521739 0.996065672407449 
0.5289855072463768 0.018981257858167636 
0.5072463768115942 0.02029010347311532 
0.5 0.022908993279581163 
0.9057971014492754 0.005891446796045882 
0.9202898550724637 0.0032734528729000557 
0.9347826086956522 0.001964038935931111 

0.6086956521739131 2.467657645022506E-7 
0.014492753623188406 0.6806374749347676 
0.14492753623188406 0.630897745837044 
0.3188405797101449 0.3756855994184942 
0.4420289855072464 0.32594450830194066 
0.45652173913043476 0.1132277307469649 
0.47101449275362317 0.11322679852074341 
0.5072463768115942 0.023564323117973202 
0.11594202898550725 0.634832073429595 
0.043478260869565216 0.6767042260611298 
0.35507246376811596 0.37174990980711314 
0.37681159420289856 0.3298892235581024 
0.41304347826086957 0.3259494660504821 
0.5217391304347826 0.009164915746059973 
0.13043478260869565 0.6309013415667554 
0.028985507246376812 0.6767073423602131 
0.391304347826087 0.3298819521935749 
0.3333333333333333 0.37568064166995274 
0.34057971014492755 0.3717541048251097 
0.39855072463768115 0.32595541534873185 
0.5362318840579711 0.007855361881320645 
0.5507246376811594 0.005237340134855844 
0.5652173913043478 0.0039278756803738995 
0.5797101449275363 0.001309894369446839 
0.5942028985507246 5.034021595897992E-7 

0.927536231884058 0.0013093490171072779 
0.2971014492753623 0.37568064166995274 
0.3695652173913043 0.32594450830194066 
0.42028985507246375 0.1132277307469649 
0.8405797101449275 0.011128564204955074 
0.5579710144927537 0.02028974111275681 
0.43478260869565216 0.11191708726716151 
0.4492753623188406 0.02421923723386106 
0.32608695652173914 0.3717463140774016 
0.35507246376811596 0.32987600289532515 
0.5144927536231884 0.020290483509588893 
0.5434782608695652 0.02029010347311532 
0.4855072463768116 0.02290943486042291 
0.463768115942029 0.02421874592544705 
0.3115942028985507 0.37174990980711314 
0.855072463768116 0.009818976193175304 
0.8695652173913043 0.007200939073846802 
0.8840579710144928 0.005891446796045882 
0.8985507246376812 0.0032734528729000557 
0.5 0.021600147664633477 
0.9130434782608695 0.001964038935931111 

0.2608695652173913 0.9096787455218183 
0.927536231884058 0.0013093490171072779 
0.47101449275362317 0.02421923723386106 
0.2753623188405797 0.9057494819152775 
0.2971014492753623 0.3756855994184942 
0.8405797101449275 0.011128564204955074 
0.38405797101449274 0.3259494660504821 
0.42028985507246375 0.1132277307469649 
0.43478260869565216 0.11322679852074341 
0.32608695652173914 0.37174990980711314 
0.35507246376811596 0.3298892235581024 
0.3695652173913043 0.32595541534873185 
0.3115942028985507 0.3717541048251097 
0.855072463768116 0.009818976193175304 
0.8695652173913043 0.007200939073846802 
0.8840579710144928 0.005891446796045882 
0.8985507246376812 0.0032734528729000557 
0.9130434782608695 0.001964038935931111 

0.3115942028985507 0.37568064166995274 
0.927536231884058 0.0013093490171072779 
0.38405797101449274 0.3259494660504821 
0.42028985507246375 0.1132277307469649 
0.8405797101449275 0.011128564204955074 
0.5 0.022908993279581163 
0.4492753623188406 0.11191628132774345 
0.47101449275362317 0.02421923723386106 
0.32608695652173914 0.37174990980711314 
0.3695652173913043 0.3298819521935749 
0.855072463768116 0.009818976193175304 
0.8695652173913043 0.007200939073846802 
0.8840579710144928 0.005891446796045882 
0.8985507246376812 0.0032734528729000557 
0.43478260869565216 0.11191708726716151 
0.4855072463768116 0.02290943486042291 
0.9130434782608695 0.001964038935931111 

0.6086956521739131 2.467657645022506E-7 
0.2971014492753623 0.3868167364437993 
0.39855072463768115 0.3259494660504821 
0.41304347826086957 0.1250106243390567 
0.47101449275362317 0.11322679852074341 
0.4782608695652174 0.03469000215344256 
0.34057971014492755 0.37174990980711314 
0.35507246376811596 0.34102350049081714 
0.37681159420289856 0.3298819521935749 
0.3188405797101449 0.37568064166995274 
0.5072463768115942 0.023564323117973202 
0.5217391304347826 0.009164915746059973 
0.3695652173913043 0.34101441128515775 
0.3115942028985507 0.38681078714554956 
0.4927536231884058 0.034689510845028554 
0.427536231884058 0.12435392527833945 
0.4420289855072464 0.11388425106343707 
0.5362318840579711 0.007855361881320645 
0.5507246376811594 0.005237340134855844 
0.5652173913043478 0.0039278756803738995 
0.5797101449275363 0.001309894369446839 
0.5942028985507246 5.034021595897992E-7 
0.45652173913043476 0.1132277307469649 

0.9492753623188406 0.0013093490171072779 
0.2971014492753623 0.3756855994184942 
0.38405797101449274 0.32594450830194066 
0.4057971014492754 0.11388425106343707 
0.8478260869565217 0.011128963243252315 
0.5 0.022908993279581163 
0.4492753623188406 0.11191628132774345 
0.47101449275362317 0.02421923723386106 
0.32608695652173914 0.3717463140774016 
0.35507246376811596 0.3298892235581024 
0.3695652173913043 0.3259494660504821 
0.3115942028985507 0.3717541048251097 
0.8623188405797102 0.009819338553533816 
0.8768115942028986 0.0072012849632799285 
0.8913043478260869 0.005891762942329689 
0.9057971014492754 0.0032737555661505055 
0.42028985507246375 0.1132277307469649 
0.43478260869565216 0.11191708726716151 
0.4855072463768116 0.02290943486042291 
0.9202898550724637 0.001964317176920683 
0.9347826086956522 0.001964038935931111 

0.9492753623188406 0.0013093490171072779 
0.3115942028985507 0.3756855994184942 
0.39855072463768115 0.32594450830194066 
0.42028985507246375 0.11322873755128411 
0.8768115942028986 0.0072012849632799285 
0.5289855072463768 0.00785503136475122 
0.463768115942029 0.11191628132774345 
0.47101449275362317 0.02421923723386106 
0.34057971014492755 0.3717463140774016 
0.3695652173913043 0.3298819521935749 
0.5072463768115942 0.01898089549780912 
0.5144927536231884 0.009164553385701461 
0.38405797101449274 0.3259494660504821 
0.32608695652173914 0.3717541048251097 
0.4855072463768116 0.02290943486042291 
0.4927536231884058 0.020290483509588893 
0.8913043478260869 0.005891762942329689 
0.9057971014492754 0.0032737555661505055 
0.9202898550724637 0.001964317176920683 
0.43478260869565216 0.11257237571326957 
0.4492753623188406 0.11191708726716151 
0.9347826086956522 0.001964038935931111 

