0.2222222222222222 0.7334309369872467 
0.4444444444444444 0.011041879664248485 
0.37606837606837606 0.029972056778400244 
0.41025641025641024 0.020506830944662536 
0.3504273504273504 0.02997376365752892 
0.38461538461538464 0.020508322345433126 
0.42735042735042733 0.011043193961177564 
0.5299145299145299 0.0031567418270417457 
0.4188034188034188 0.015776853400746253 
0.452991452991453 0.00631172501649069 
0.5042735042735043 0.006311054456832996 
0.11965811965811966 0.7697210962724272 
0.2564102564102564 0.7034695785724019 
0.27350427350427353 0.16719968772277538 
0.20512820512820512 0.7444931667187427 
0.2905982905982906 0.1640422916984291 
0.3333333333333333 0.15773226077368183 
0.23931623931623933 0.7066348436766022 
