0.1794871794871795 0.7980943458979672 
0.5299145299145299 0.011040666467083194 
0.3076923076923077 0.7034608165928747 
0.3247863247863248 0.1955840123311768 
0.4017094017094017 0.18296081476708384 
0.41025641025641024 0.02366263497522438 
0.24786324786324787 0.774452565217114 
0.29914529914529914 0.7350080933021423 
0.3418803418803419 0.19242712264858344 
0.38461538461538464 0.1861173133377135 
0.26495726495726496 0.7712873001129138 
0.46153846153846156 0.011041879664248485 
0.49572649572649574 0.01104126117157598 
0.42735042735042733 0.020506830944662536 
0.4444444444444444 0.014197506590968814 

0.46153846153846156 0.011041879664248485 
0.1794871794871795 0.8012584242015348 
0.23931623931623933 0.7302687188120173 
0.3162393162393162 0.1955840123311768 
0.36752136752136755 0.18296081476708384 
0.37606837606837606 0.03312807628732017 
0.19658119658119658 0.7980943458979672 
0.2222222222222222 0.7334309369872467 
0.3333333333333333 0.19242712264858344 
0.3504273504273504 0.1861173133377135 
0.39316239316239315 0.029972056778400244 
0.41025641025641024 0.02366263497522438 
0.42735042735042733 0.020506830944662536 
0.4444444444444444 0.014197506590968814 

0.9658119658119658 0.011041879664248485 
0.3418803418803419 0.7618353146979491 
0.39316239316239315 0.7224006084567536 
0.4017094017094017 0.22240015874412225 
0.48717948717948717 0.17665681121098825 
0.8461538461538461 0.028394900463504617 
0.452991452991453 0.1829696609964142 
0.42735042735042733 0.21608704442481994 
0.8888888888888888 0.02523902937885676 
0.358974358974359 0.7555111253957855 
0.8974358974358975 0.01892967462976691 
0.9230769230769231 0.015773992346206744 
0.9401709401709402 0.014196192294039737 

0.5213675213675214 0.01104126117157598 
0.3162393162393162 0.1955840123311768 
0.4017094017094017 0.16877376064311597 
0.41025641025641024 0.02366263497522438 
0.3333333333333333 0.19242712264858344 
0.42735042735042733 0.020506830944662536 
0.4700854700854701 0.014197506590968814 
0.48717948717948717 0.011041879664248485 

0.5811965811965812 0.007886948541784728 
0.27350427350427353 0.2050514392802704 
0.3418803418803419 0.1861173133377135 
0.358974358974359 0.03312807628732017 
0.4444444444444444 0.011041879664248485 
0.5128205128205128 0.01104126117157598 
0.37606837606837606 0.029972056778400244 
0.39316239316239315 0.02366263497522438 
0.41025641025641024 0.020506830944662536 
0.42735042735042733 0.014197506590968814 

0.9487179487179487 0.012619679716415496 
0.2905982905982906 0.9305976118764264 
0.36752136752136755 0.8769521616427486 
0.7692307692307693 0.19558143527837468 
0.38461538461538464 0.39115758030495945 
0.5042735042735043 0.33752675533034193 
0.8461538461538461 0.028394900463504617 
0.41025641025641024 0.34384119499108545 
0.3162393162393162 0.8832763509449122 
0.4700854700854701 0.337528080671783 
0.8974358974358975 0.015773992346206744 
0.8632478632478633 0.02523902937885676 

0.4700854700854701 0.007887567034457236 
0.3504273504273504 0.02997376365752892 
0.38461538461538464 0.020508322345433126 
0.42735042735042733 0.011043193961177564 

0.5299145299145299 0.0031567418270417457 
0.28205128205128205 0.7066290453077974 
0.3162393162393162 0.16719809784745795 
0.4188034188034188 0.015776853400746253 
0.358974358974359 0.14196688255145065 
0.452991452991453 0.00631172501649069 
0.5042735042735043 0.006311054456832996 
0.3504273504273504 0.15773226077368183 

0.47863247863247865 0.007887567034457236 
0.11965811965811966 0.7697210962724272 
0.2564102564102564 0.7034695785724019 
0.27350427350427353 0.16719968772277538 
0.20512820512820512 0.7444931667187427 
0.41025641025641024 0.1388077906600991 
0.42735042735042733 0.020508322345433126 
0.2905982905982906 0.1640422916984291 
0.3333333333333333 0.15773226077368183 
0.37606837606837606 0.1388092841793367 
0.23931623931623933 0.7066348436766022 
0.358974358974359 0.15457537109108843 
0.4358974358974359 0.017352518314871283 
0.46153846153846156 0.011043193961177564 
0.36752136752136755 0.1482655617802185 

0.5042735042735043 0.007887567034457236 
0.1794871794871795 0.8280986273704148 
0.29914529914529914 0.2018940432559241 
0.2905982905982906 0.7318458751269129 
0.3333333333333333 0.19242712264858344 
0.36752136752136755 0.03312807628732017 
0.2564102564102564 0.741321330129897 
0.42735042735042733 0.020506830944662536 
0.46153846153846156 0.014197506590968814 
0.39316239316239315 0.029972056778400244 
0.47863247863247865 0.011041879664248485 
0.27350427350427353 0.7350080933021423 
0.41025641025641024 0.02366263497522438 

