861.0 99.01923076923077 
816.0 584.0666666666667 
833.0 200.03225806451613 
832.0 523.0555555555555 
843.0 113.02380952380952 
842.0 188.02631578947367 
818.0 582.0588235294117 
820.0 541.0588235294117 
826.0 539.05 
830.0 525.0625 
822.0 539.0526315789474 
857.0 99.01960784313725 
836.0 198.03030303030303 
837.0 194.02941176470588 
840.0 192.02777777777777 
846.0 111.02272727272727 
854.0 99.02 
848.0 107.02222222222223 
850.0 105.02127659574468 
852.0 101.02083333333333 
841.0 188.02702702702703 
