0.23076923076923078 0.6766579212191763 
0.3162393162393162 0.02997376365752892 
0.1282051282051282 0.7050518889929017 
0.1111111111111111 0.7697210962724272 
0.21367521367521367 0.6798231863233766 
0.1452991452991453 0.7018878106893341 
0.6068376068376068 0.007885781574478124 
0.3504273504273504 0.026817744148608994 
0.27350427350427353 0.1640422916984291 
0.3076923076923077 0.15457537109108843 
0.47863247863247865 0.007886353837291945 
0.1794871794871795 0.6955750350183966 
0.2905982905982906 0.15773093543224073 
0.39316239316239315 0.020507560434169885 
0.4700854700854701 0.007886948541784728 
0.08547008547008547 0.772881980386864 
0.26495726495726496 0.16719809784745795 
0.4358974358974359 0.007887567034457236 
0.41025641025641024 0.011043193961177564 
0.24786324786324787 0.16719968772277538 
0.28205128205128205 0.15773226077368183 
0.358974358974359 0.020508322345433126 
0.4017094017094017 0.014197506590968814 
