826.0 523.0555555555555 
836.0 113.02380952380952 
814.0 541.0588235294117 
812.0 582.0625 
824.0 525.0625 
816.0 539.0526315789474 
870.0 99.01886792452831 
840.0 111.02272727272727 
831.0 198.03030303030303 
835.0 192.02777777777777 
855.0 99.01923076923077 
820.0 535.05 
833.0 194.02857142857144 
845.0 107.02173913043478 
854.0 99.01960784313725 
809.0 584.0666666666667 
830.0 200.03125 
850.0 99.02 
847.0 101.02083333333333 
828.0 200.03225806451613 
832.0 194.02941176470588 
841.0 107.02222222222223 
846.0 103.02083333333333 
