858.0 99.01960784313725 
809.0 584.0714285714286 
829.0 200.03225806451613 
826.0 523.0555555555555 
836.0 113.02380952380952 
834.0 194.02941176470588 
814.0 541.0588235294117 
812.0 582.0625 
842.0 107.02272727272727 
820.0 539.05 
824.0 525.0625 
816.0 539.0526315789474 
854.0 99.02 
850.0 101.01960784313725 
832.0 198.03030303030303 
846.0 105.02127659574468 
843.0 107.02222222222223 
848.0 103.02083333333333 
849.0 101.02083333333333 

819.0 584.0714285714286 
857.0 99.01960784313725 
828.0 541.0588235294117 
832.0 200.03030303030303 
842.0 184.03125 
843.0 113.02325581395348 
823.0 584.0666666666667 
824.0 541.0625 
838.0 192.02777777777777 
849.0 105.02127659574468 
852.0 101.02083333333333 
854.0 99.02 
845.0 111.02222222222223 
847.0 107.02222222222223 
834.0 198.02857142857144 
836.0 194.02941176470588 

858.0 99.01960784313725 
815.0 584.0714285714286 
831.0 542.0625 
832.0 224.03225806451613 
836.0 194.02941176470588 
841.0 115.02380952380952 
821.0 565.0555555555555 
827.0 563.05 
823.0 563.0526315789474 
851.0 101.02 
855.0 101.01960784313725 
834.0 200.03225806451613 
844.0 107.02222222222223 
847.0 107.02127659574468 
849.0 103.02083333333333 
843.0 113.02272727272727 
842.0 113.02380952380952 

810.0 584.0714285714286 
870.0 99.01886792452831 
825.0 525.0666666666667 
829.0 200.03225806451613 
855.0 99.01960784313725 
837.0 188.02702702702703 
839.0 115.02325581395348 
817.0 539.0526315789474 
812.0 582.0625 
815.0 541.0625 
840.0 111.02272727272727 
845.0 107.02222222222223 
851.0 99.02 
831.0 198.03030303030303 
833.0 194.02941176470588 
835.0 192.02777777777777 
847.0 105.02127659574468 
849.0 101.02083333333333 

855.0 99.01923076923077 
810.0 584.0666666666667 
829.0 200.03225806451613 
825.0 525.0625 
838.0 113.02380952380952 
835.0 192.02777777777777 
815.0 541.0588235294117 
824.0 535.047619047619 
819.0 541.0555555555555 
820.0 535.05 
833.0 194.02857142857144 
849.0 101.02083333333333 
841.0 113.02325581395348 
852.0 101.02 
831.0 198.03030303030303 
843.0 111.02222222222223 
845.0 107.02173913043478 
847.0 105.02083333333333 
854.0 99.01960784313725 

854.0 99.01960784313725 
809.0 584.0666666666667 
826.0 523.0588235294117 
830.0 200.03125 
839.0 113.02380952380952 
838.0 188.02702702702703 
812.0 582.0625 
814.0 541.0588235294117 
820.0 539.0526315789474 
824.0 525.0625 
850.0 99.02 
842.0 111.02272727272727 
847.0 101.02083333333333 
817.0 539.0555555555555 
832.0 198.03030303030303 
834.0 194.02941176470588 
836.0 192.02777777777777 
844.0 107.02222222222223 
846.0 105.02127659574468 

862.0 99.01923076923077 
821.0 584.0714285714286 
828.0 200.03225806451613 
826.0 541.0588235294117 
832.0 194.02941176470588 
838.0 114.02439024390245 
825.0 584.0666666666667 
857.0 99.01960784313725 
853.0 99.02 
846.0 107.02083333333333 
843.0 107.02222222222223 
850.0 101.02 
830.0 200.03125 
842.0 111.02222222222223 
848.0 103.02083333333333 
840.0 113.02325581395348 
849.0 101.02083333333333 
839.0 113.02380952380952 

856.0 99.01923076923077 
810.0 584.0666666666667 
829.0 525.0588235294117 
831.0 200.03225806451613 
837.0 194.02857142857144 
839.0 113.02380952380952 
814.0 584.0625 
815.0 541.0588235294117 
825.0 525.0625 
819.0 541.0555555555555 
847.0 101.02083333333333 
852.0 99.02 
844.0 111.02222222222223 
841.0 111.02272727272727 
846.0 107.02173913043478 
835.0 198.02941176470588 
833.0 198.03030303030303 

861.0 99.01923076923077 
816.0 584.0666666666667 
833.0 200.03225806451613 
832.0 523.0555555555555 
843.0 113.02380952380952 
842.0 188.02631578947367 
818.0 582.0588235294117 
820.0 541.0588235294117 
826.0 539.05 
830.0 525.0625 
822.0 539.0526315789474 
857.0 99.01960784313725 
836.0 198.03030303030303 
837.0 194.02941176470588 
840.0 192.02777777777777 
846.0 111.02272727272727 
854.0 99.02 
848.0 107.02222222222223 
850.0 105.02127659574468 
852.0 101.02083333333333 
841.0 188.02702702702703 

867.0 99.01923076923077 
815.0 584.0666666666667 
832.0 523.0555555555555 
833.0 200.03225806451613 
838.0 115.02380952380952 
835.0 198.03030303030303 
858.0 99.01960784313725 
817.0 582.0588235294117 
820.0 541.0588235294117 
841.0 107.02222222222223 
826.0 539.05 
846.0 103.02083333333333 
822.0 539.0526315789474 
830.0 525.0588235294117 
854.0 99.02 
850.0 101.0204081632653 
853.0 101.01960784313725 

