0.5042735042735043 0.007886948541784728 
0.08547008547008547 0.77288949065503 
0.2564102564102564 0.16719968772277538 
0.23076923076923078 0.6766579212191763 
0.3162393162393162 0.02997376365752892 
0.29914529914529914 0.15773226077368183 
0.1282051282051282 0.7050518889929017 
0.1111111111111111 0.7697210962724272 
0.36752136752136755 0.020509118889026495 
0.1794871794871795 0.7018836602779791 
0.21367521367521367 0.6798231863233766 
0.1452991452991453 0.7018878106893341 
0.4700854700854701 0.007887567034457236 
0.4358974358974359 0.01104126117157598 
0.28205128205128205 0.1640422916984291 
0.4017094017094017 0.017352518314871283 
0.37606837606837606 0.020508322345433126 
0.4188034188034188 0.014197506590968814 
0.42735042735042733 0.011043193961177564 

0.17094017094017094 0.77288949065503 
0.49572649572649574 0.007886948541784728 
0.24786324786324787 0.7050518889929017 
0.28205128205128205 0.16719660432822037 
0.36752136752136755 0.14196359680912796 
0.37606837606837606 0.029972890370532853 
0.20512820512820512 0.772881980386864 
0.21367521367521367 0.7050576873617066 
0.3333333333333333 0.15457537109108843 
0.42735042735042733 0.017352518314871283 
0.452991452991453 0.011043193961177564 
0.4700854700854701 0.007887567034457236 
0.39316239316239315 0.02681694760501563 
0.41025641025641024 0.020508322345433126 
0.29914529914529914 0.16403956069182324 
0.3162393162393162 0.15773226077368183 

0.5042735042735043 0.007886948541784728 
0.13675213675213677 0.77288949065503 
0.27350427350427353 0.7066348436766022 
0.28205128205128205 0.2050514392802704 
0.3162393162393162 0.15773226077368183 
0.358974358974359 0.03312807628732017 
0.18803418803418803 0.7428984864447925 
0.23931623931623933 0.7397354118354741 
0.20512820512820512 0.7397395622468291 
0.4444444444444444 0.011041879664248485 
0.47863247863247865 0.01104126117157598 
0.29914529914529914 0.16719968772277538 
0.38461538461538464 0.020508322345433126 
0.41025641025641024 0.020506830944662536 
0.42735042735042733 0.014197506590968814 
0.37606837606837606 0.029972056778400244 
0.36752136752136755 0.02997376365752892 

0.09401709401709402 0.77288949065503 
0.6068376068376068 0.007885781574478124 
0.2222222222222222 0.679829757808022 
0.2564102564102564 0.16719968772277538 
0.47863247863247865 0.007886948541784728 
0.3247863247863248 0.1482655617802185 
0.3418803418803419 0.0331272030003241 
0.15384615384615385 0.7018878106893341 
0.1111111111111111 0.7697210962724272 
0.13675213675213677 0.7050576873617066 
0.3504273504273504 0.026817744148608994 
0.39316239316239315 0.020508322345433126 
0.4444444444444444 0.007887567034457236 
0.27350427350427353 0.1640422916984291 
0.2905982905982906 0.15773226077368183 
0.3076923076923077 0.15457537109108843 
0.41025641025641024 0.017352518314871283 
0.42735042735042733 0.011043193961177564 

0.47863247863247865 0.007886353837291945 
0.09401709401709402 0.772881980386864 
0.2564102564102564 0.16719968772277538 
0.2222222222222222 0.6798231863233766 
0.3333333333333333 0.02997376365752892 
0.3076923076923077 0.15457537109108843 
0.13675213675213677 0.7050518889929017 
0.21367521367521367 0.6955712798843136 
0.17094017094017094 0.7050467348872975 
0.1794871794871795 0.6955750350183966 
0.2905982905982906 0.15773093543224073 
0.42735042735042733 0.011043193961177564 
0.358974358974359 0.029972890370532853 
0.452991452991453 0.011041879664248485 
0.27350427350427353 0.1640422916984291 
0.37606837606837606 0.02681694760501563 
0.39316239316239315 0.020507560434169885 
0.41025641025641024 0.017351819220760064 
0.4700854700854701 0.007886948541784728 

0.4700854700854701 0.007886948541784728 
0.08547008547008547 0.772881980386864 
0.23076923076923078 0.6766630753247804 
0.26495726495726496 0.16719809784745795 
0.3418803418803419 0.02997376365752892 
0.3333333333333333 0.1482655617802185 
0.1111111111111111 0.7697210962724272 
0.1282051282051282 0.7050518889929017 
0.1794871794871795 0.7018878106893341 
0.21367521367521367 0.6798231863233766 
0.4358974358974359 0.007887567034457236 
0.36752136752136755 0.026817744148608994 
0.41025641025641024 0.011043193961177564 
0.15384615384615385 0.7018924222575063 
0.28205128205128205 0.1640422916984291 
0.29914529914529914 0.15773226077368183 
0.3162393162393162 0.15457537109108843 
0.38461538461538464 0.020508322345433126 
0.4017094017094017 0.017352518314871283 

0.5384615384615384 0.007886353837291945 
0.18803418803418803 0.77288949065503 
0.24786324786324787 0.16719968772277538 
0.23076923076923078 0.7050518889929017 
0.28205128205128205 0.15773226077368183 
0.3333333333333333 0.03155183585878629 
0.2222222222222222 0.772881980386864 
0.49572649572649574 0.007886948541784728 
0.46153846153846156 0.007887567034457236 
0.4017094017094017 0.020506131850551314 
0.37606837606837606 0.020508322345433126 
0.4358974358974359 0.011041879664248485 
0.26495726495726496 0.16719809784745795 
0.36752136752136755 0.02681694760501563 
0.4188034188034188 0.014197506590968814 
0.3504273504273504 0.029972890370532853 
0.42735042735042733 0.011043193961177564 
0.3418803418803419 0.02997376365752892 

0.48717948717948717 0.007886353837291945 
0.09401709401709402 0.772881980386864 
0.2564102564102564 0.6798173879545717 
0.27350427350427353 0.16719968772277538 
0.3247863247863248 0.15773093543224073 
0.3418803418803419 0.02997376365752892 
0.1282051282051282 0.7728754089022184 
0.13675213675213677 0.7050518889929017 
0.2222222222222222 0.6798231863233766 
0.17094017094017094 0.7050467348872975 
0.41025641025641024 0.011043193961177564 
0.452991452991453 0.007887567034457236 
0.38461538461538464 0.02681694760501563 
0.358974358974359 0.026817744148608994 
0.4017094017094017 0.020507560434169885 
0.3076923076923077 0.1640408860332643 
0.2905982905982906 0.1640422916984291 

0.5299145299145299 0.007886353837291945 
0.1452991452991453 0.772881980386864 
0.2905982905982906 0.16719968772277538 
0.28205128205128205 0.6766579212191763 
0.37606837606837606 0.02997376365752892 
0.36752136752136755 0.14826444004741982 
0.1623931623931624 0.7697152979036224 
0.1794871794871795 0.7050518889929017 
0.23076923076923078 0.7018836602779791 
0.26495726495726496 0.6798231863233766 
0.19658119658119658 0.7018878106893341 
0.49572649572649574 0.007886948541784728 
0.3162393162393162 0.1640422916984291 
0.3247863247863248 0.15773226077368183 
0.3504273504273504 0.15457537109108843 
0.4017094017094017 0.026817744148608994 
0.4700854700854701 0.007887567034457236 
0.4188034188034188 0.020508322345433126 
0.4358974358974359 0.017352518314871283 
0.452991452991453 0.011043193961177564 
0.358974358974359 0.1482655617802185 

0.5811965811965812 0.007886353837291945 
0.13675213675213677 0.772881980386864 
0.28205128205128205 0.6766579212191763 
0.2905982905982906 0.16719968772277538 
0.3333333333333333 0.03312807628732017 
0.3076923076923077 0.1640422916984291 
0.5042735042735043 0.007886948541784728 
0.15384615384615385 0.7697152979036224 
0.1794871794871795 0.7050518889929017 
0.358974358974359 0.020508322345433126 
0.23076923076923078 0.7018836602779791 
0.4017094017094017 0.014197506590968814 
0.19658119658119658 0.7018878106893341 
0.26495726495726496 0.6798173879545717 
0.4700854700854701 0.007887567034457236 
0.4358974358974359 0.011042523401519871 
0.46153846153846156 0.01104126117157598 

