0.12056737588652482 0.34777070063694254 
0.7216312056737588 0.3224573659338401 
0.5833333333333334 0.32494267515923564 
0.42021276595744683 0.3289976533690914 
0.28191489361702127 0.3335031847133757 
0.374113475177305 0.3321656050955414 
0.20567375886524822 0.33679568838804497 
0.13829787234042554 0.34420382165605085 
0.17198581560283688 0.3412854661262304 
0.648936170212766 0.32317153525148246 
0.19680851063829788 0.33885350318471325 
0.625886524822695 0.32356687898089165 
0.6028368794326241 0.3244487996080352 

0.0797872340425532 0.34420382165605085 
0.5656028368794326 0.32494267515923564 
0.37943262411347517 0.3260592633619496 
0.14361702127659576 0.33885350318471325 
0.16666666666666666 0.3350318471337579 
0.1702127659574468 0.3321656050955414 
0.25 0.3289976533690914 
0.3102836879432624 0.32815286624203815 
0.19858156028368795 0.329936305732484 
0.3262411347517731 0.32738853503184706 
0.1879432624113475 0.3309853877856874 

0.0851063829787234 0.34777070063694254 
0.22340425531914893 0.32815286624203815 
0.1524822695035461 0.33679568838804497 
0.2127659574468085 0.3289976533690914 
0.19680851063829788 0.3335031847133757 
0.18262411347517732 0.3350318471337579 

0.0673758865248227 0.34420382165605085 
0.8014184397163121 0.3224573659338401 
0.23404255319148937 0.3289976533690914 
0.475177304964539 0.3266936884771281 
0.1400709219858156 0.33885350318471325 
0.5283687943262412 0.32356687898089165 
0.650709219858156 0.32317153525148246 
0.15780141843971632 0.33679568838804497 
0.19858156028368795 0.3335031847133757 
0.7304964539007093 0.32280254777070055 
0.2198581560283688 0.3309853877856874 
0.48226950354609927 0.32494267515923564 
0.20921985815602837 0.3321656050955414 
0.5053191489361702 0.3244487996080352 
0.225177304964539 0.329936305732484 

0.10638297872340426 0.34777070063694254 
0.475177304964539 0.3254777070063695 
0.25886524822695034 0.329936305732484 
0.45567375886524825 0.32815286624203815 
0.1347517730496454 0.3412854661262304 
0.20212765957446807 0.3350318471337579 
0.15425531914893617 0.33679568838804497 
0.21631205673758866 0.3321656050955414 
0.14361702127659576 0.33885350318471325 
0.24645390070921985 0.3309853877856874 
0.4627659574468085 0.32738853503184706 

0.3173758865248227 0.329936305732484 
0.09929078014184398 0.34777070063694254 
0.1595744680851064 0.33679568838804497 
0.21099290780141844 0.3309853877856874 
0.18971631205673758 0.3321656050955414 

0.0797872340425532 0.34777070063694254 
0.2872340425531915 0.3289976533690914 
0.19680851063829788 0.329936305732484 
0.14893617021276595 0.33679568838804497 
0.1595744680851064 0.3321656050955414 
0.10638297872340426 0.3412854661262304 
0.1099290780141844 0.33885350318471325 
0.18617021276595744 0.3309853877856874 

0.08156028368794327 0.34777070063694254 
0.4946808510638298 0.3221337579617834 
0.15070921985815602 0.33885350318471325 
0.29609929078014185 0.3254777070063695 
0.4450354609929078 0.3244487996080352 
0.21631205673758866 0.33679568838804497 
0.225177304964539 0.3350318471337579 
0.28368794326241137 0.32815286624203815 
0.22695035460992907 0.3321656050955414 
0.24468085106382978 0.329936305732484 
0.2730496453900709 0.3289976533690914 
0.22872340425531915 0.3309853877856874 
0.4734042553191489 0.32317153525148246 
0.45390070921985815 0.3239915074309979 
0.48936170212765956 0.32280254777070055 

0.41312056737588654 0.3254777070063695 
0.10283687943262411 0.34777070063694254 
0.1773049645390071 0.33885350318471325 
0.16134751773049646 0.34420382165605085 
0.3421985815602837 0.32815286624203815 
0.24822695035460993 0.33679568838804497 
0.3120567375886525 0.329936305732484 
0.3829787234042553 0.3266936884771281 
0.2783687943262411 0.3309853877856874 
0.25 0.3350318471337579 
0.2624113475177305 0.3321656050955414 
0.26063829787234044 0.3335031847133757 

0.24645390070921985 0.007978545088836825 
0.04964539007092199 0.020266357845975684 
0.1702127659574468 0.011146496815286655 
0.0797872340425532 0.015776580107790383 
0.05851063829787234 0.017834394904458675 

