1460.0 109.02439024390245 
1971.0 95.01123595505618 
1473.0 95.01818181818182 
1471.0 100.01818181818182 
1468.0 106.0204081632653 
1469.0 102.02083333333333 
1963.0 95.01190476190476 
1833.0 95.01219512195122 
1630.0 95.01449275362319 
1728.0 95.01369863013699 
1826.0 95.01282051282051 
1561.0 95.01785714285714 
1466.0 108.01960784313725 
1614.0 95.01694915254237 
1570.0 95.01724137931035 
1463.0 109.02380952380952 
1465.0 108.02222222222223 
1626.0 95.01587301587301 
1565.0 95.01754385964912 
1829.0 95.0126582278481 
1830.0 95.01234567901234 
