1739.0 97.01136363636364 
1465.0 114.02439024390245 
1468.0 114.02325581395348 
1469.0 108.02272727272727 
1474.0 104.02173913043478 
1476.0 99.02173913043478 
1472.0 105.02325581395348 
1478.0 97.02173913043478 
1604.0 97.01694915254237 
1566.0 97.01754385964912 
1661.0 97.01470588235294 
1695.0 97.01428571428572 
1620.0 97.01639344262296 
1653.0 97.01612903225806 
1503.0 97.01923076923077 
1532.0 97.01886792452831 
1732.0 97.01315789473684 
1706.0 97.01408450704226 
1541.0 97.01818181818182 
1559.0 97.01785714285714 
1491.0 97.02127659574468 
1496.0 97.01960784313725 
1537.0 97.01851851851852 
1657.0 97.01587301587301 
1493.0 97.02 
