1465.0 111.02439024390245 
1978.0 95.01282051282051 
1472.0 99.02173913043478 
1467.0 109.02439024390245 
1469.0 105.02272727272727 
1471.0 103.02272727272727 
1821.0 95.01388888888889 
1734.0 95.01408450704226 
1899.0 95.01351351351352 
1660.0 95.01428571428572 
1478.0 97.0204081632653 
1489.0 95.01754385964912 
1475.0 97.02127659574468 
1554.0 95.01639344262296 
1492.0 95.01724137931035 
1616.0 95.01587301587301 
1928.0 95.01298701298701 
1653.0 95.01515151515152 
1625.0 95.01538461538462 
1912.0 95.01315789473684 
1905.0 95.01333333333334 
1655.0 95.01470588235294 
1621.0 95.015625 
