0.0974005637331663 0.2106350454113467 
0.011587848418415283 0.6582173339804996 
0.01252740369558409 0.6581874891583823 
0.012840588787973693 0.500324320007959 
0.014406514249921704 0.39506548096800903 
0.015032884434700909 0.263524427487607 
0.013780144065142498 0.4214135928936587 
0.015659254619480114 0.21090800609544622 
0.055120576260569994 0.210781990347823 
0.04321954274976511 0.21079763602769 
0.07297212652677733 0.21072297392303138 
0.0836204196680238 0.2107119200529911 
0.060131537738803635 0.21076737061417722 
0.0704666457876605 0.21076041445058744 
0.02348888192922017 0.2108420156003893 
0.032571249608518635 0.21083246980550688 
0.09520826808643909 0.21068224913867192 
0.08706545568430943 0.2107066266504365 
0.03538991544002505 0.21081441957518343 
0.041027247103037894 0.21080587794833403 
0.01973066082054494 0.2108958376353648 
0.021296586282492952 0.2108519357401689 
0.034137175070466645 0.21082327755858288 
0.07171938615721891 0.21075367911758783 
0.020357031005324145 0.2108622526855399 

0.010335108048856874 0.5266325307040395 
0.07485123708111494 0.1581009454953428 
0.013780144065142498 0.1582355143480081 
0.06639523958659568 0.1581732569190453 
0.04290635765737551 0.1581812146355292 
0.012840588787973693 0.21079763602769 
0.01252740369558409 0.3160653125898285 
0.011274663326025681 0.4739779445961688 
0.011901033510804886 0.36871151686202236 
0.030065768869401818 0.1582255942082285 
0.010648293141246476 0.5266192437289408 
0.032571249608518635 0.15819799818302263 
0.041966802380206704 0.1581894565561732 
0.06764797995615408 0.15815094922201642 
0.06984027560288131 0.1581439930584266 
0.07297212652677733 0.1581182763324285 
0.07140620106482931 0.1581244087824743 
0.03131850923896023 0.15820685616642205 

0.013780144065142498 0.5266762805000976 
0.07391168180394614 0.1580902052582757 
0.01691199498903852 0.31610583351504357 
0.017851550266207328 0.15826775480229247 
0.05355465079862198 0.1581182763324285 
0.07203257124960852 0.1580954986608303 
0.014406514249921704 0.47403001428581953 
0.01534606952709051 0.36878326652755705 
0.03695584090197307 0.15815094922201642 
0.05167554024428437 0.1581439930584266 
0.03538991544002505 0.15819799818302263 
0.025367992483557783 0.15820685616642205 
0.015972439711869714 0.3161170189787749 
0.015659254619480114 0.3687572702719286 
0.018791105543376135 0.1582355143480081 
0.02223614155966176 0.1582255942082285 
0.05198872533667397 0.15813073287158386 
0.036642655809583466 0.1581732569190453 

0.010335108048856874 0.5792927018922583 
0.024115252113999373 0.1581812146355292 
0.01659880989664892 0.31614084887976784 
0.01691199498903852 0.2108958376353648 
0.011587848418415283 0.4213996879197178 
0.010648293141246476 0.5266762805000976 
0.013466958972752897 0.36876997955245827 
0.01816473535859693 0.2108841761944533 
0.018791105543376135 0.1582458312933791 
0.012214218603194488 0.36878326652755705 
0.022862511744440966 0.15819799818302263 
0.020043845912934545 0.1582355143480081 

0.010021922956467273 0.5266762805000976 
0.17005950516755403 0.15801526495244725 
0.014093329157532102 0.15819799818302263 
0.013466958972752897 0.2897390516634247 
0.01252740369558409 0.44764688699544564 
0.012840588787973693 0.34242522967485534 
0.1675540244284372 0.15803286006393466 
0.12683996241778892 0.15804049891721475 
0.06326338866269965 0.1581009454953428 
0.09395552771688068 0.15808005352734908 
0.12464766677106169 0.15805695183197138 
0.0416536172878171 0.1581894565561732 
0.011901033510804886 0.5002422533970534 
0.05825242718446602 0.15816556895566217 
0.04447228311932352 0.1581732569190453 
0.01096147823363608 0.5266610027935374 
0.011587848418415283 0.5003110330328603 
0.06201064829314125 0.15813725772542703 
0.04290635765737551 0.1581812146355292 
0.1255872220482305 0.15805268240472456 
0.12590040714062012 0.15804445980410045 

0.010021922956467273 0.5529546463740608 
0.030065768869401818 0.28967831120582904 
0.016285624804259317 0.2896991907381276 
0.011901033510804886 0.39506548096800903 
0.011274663326025681 0.5002983237523306 
0.01252740369558409 0.34242522967485534 
0.014719699342311305 0.3160748583847109 
0.013780144065142498 0.31610583351504357 

0.010648293141246476 0.3687334403709357 
0.0695270905104917 0.1580658277465111 
0.01252740369558409 0.2108841761944533 
0.011901033510804886 0.3161170189787749 
0.04290635765737551 0.1580902052582757 
0.06576886940181648 0.15807044322207206 
0.013466958972752897 0.1582458312933791 
0.022549326652051362 0.15810655253087055 
0.038208581271531476 0.1580954986608303 
0.011587848418415283 0.36871151686202236 
0.021296586282492952 0.1581182763324285 
0.017538365173817728 0.15815094922201642 
0.014719699342311305 0.1582355143480081 
0.01659880989664892 0.15815813725772557 

0.011274663326025681 0.5002983237523306 
0.17162543062950203 0.28957768695378844 
0.011587848418415283 0.44761591186511296 
0.012214218603194488 0.3423830690807913 
0.15095521453178828 0.2895855132845025 
0.012840588787973693 0.28974790964682406 
0.12809270278734733 0.2895937358851266 
0.10115878484184153 0.28960238563383467 
0.07986219855934858 0.28960688122691314 
0.03758221108675227 0.2896654622628763 
0.05825242718446602 0.28965932981283055 
0.17099906044472282 0.2895815523976168 
0.015972439711869714 0.2896991907381276 
0.035076730347635456 0.28967178635198587 
0.06295020357031006 0.28965338042099525 
0.07203257124960852 0.28964199897574483 
0.07485123708111494 0.28963655214123235 
0.07798308800501096 0.2896114967024741 
0.07610397745067335 0.2896261123750829 
0.015032884434700909 0.28971431039944734 
0.013780144065142498 0.2897390516634247 

0.011587848418415283 0.5792927018922583 
0.17225180081428124 0.15805695183197138 
0.013780144065142498 0.263524427487607 
0.012214218603194488 0.5266762805000976 
0.012840588787973693 0.4213996879197178 
0.013466958972752897 0.36878326652755705 
0.12308174130911369 0.15808505889468086 
0.09583463827121828 0.1580902052582757 
0.14751017851550266 0.15807518344021548 
0.07265894143438772 0.1580954986608303 
0.015659254619480114 0.21087299073072197 
0.019104290635765738 0.1581812146355292 
0.014719699342311305 0.2108958376353648 
0.03946132164108988 0.15815094922201642 
0.020043845912934545 0.1581732569190453 
0.05887879736924522 0.15813725772542703 
0.15659254619480112 0.15806133215343263 
0.0704666457876605 0.1581182763324285 
0.061697463200751645 0.1581244087824743 
0.1515815847165675 0.1580658277465111 
0.14938928906984028 0.15807044322207206 
0.07109301597243971 0.15810655253087055 
0.06044472283119324 0.15813073287158386 

0.010335108048856874 0.6844557986248935 
0.029752583777012214 0.15813725772542703 
0.01973066082054494 0.1581812146355292 
0.028499843407453804 0.1581439930584266 
0.012214218603194488 0.39506548096800903 
0.011587848418415283 0.5528487546494346 
0.01096147823363608 0.55290257668441 
0.01659880989664892 0.3687222549072044 
0.017225180081428124 0.2634894121228828 
0.017851550266207328 0.2108519357401689 
0.018791105543376135 0.15825656933856114 
0.013153773880363295 0.3950197275581027 
0.015659254619480114 0.3687334403709357 

