907.0 103.02 
818.0 1524.0833333333333 
826.0 1464.0666666666666 
827.0 752.0833333333334 
871.0 571.0416666666666 
893.0 138.02702702702703 
841.0 681.05 
866.0 618.047619047619 
829.0 707.0769230769231 
868.0 616.0434782608696 
869.0 573.0454545454545 
820.0 1516.076923076923 
822.0 1478.076923076923 
839.0 683.0555555555555 
895.0 116.02380952380952 
833.0 697.0625 
835.0 687.0666666666667 
831.0 699.0714285714286 
824.0 1470.0714285714287 
897.0 112.02325581395348 
899.0 110.02222222222223 
901.0 106.02173913043478 
837.0 685.0588235294117 
903.0 104.02083333333333 
905.0 104.0204081632653 
