860.0 101.01960784313725 
810.0 1513.0666666666666 
816.0 1507.05 
817.0 692.1 
835.0 290.04 
830.0 599.1 
841.0 272.0357142857143 
844.0 152.02631578947367 
822.0 669.0833333333334 
827.0 616.1111111111111 
846.0 152.02564102564102 
848.0 126.02272727272727 
829.0 616.1 
821.0 686.0833333333334 
837.0 289.037037037037 
839.0 273.03846153846155 
850.0 113.02272727272727 
819.0 686.0909090909091 
852.0 109.02222222222223 
854.0 107.02127659574468 
856.0 103.02083333333333 
812.0 1511.0588235294117 
814.0 1509.0555555555557 
858.0 101.02 
