907.0 103.02 
787.0 1142.090909090909 
795.0 1073.0714285714287 
842.0 154.02702702702703 
851.0 109.02173913043478 
903.0 106.02127659574468 
789.0 1125.0833333333333 
791.0 1098.0833333333333 
844.0 132.02439024390245 
793.0 1081.076923076923 
846.0 132.02380952380952 
848.0 115.02380952380952 
850.0 115.02325581395348 
905.0 104.0204081632653 

860.0 101.01960784313725 
778.0 1156.0714285714287 
815.0 1071.0625 
827.0 620.1 
839.0 274.03846153846155 
819.0 690.0833333333334 
793.0 1081.076923076923 
791.0 1098.0833333333333 
846.0 137.02702702702703 
822.0 673.0769230769231 
855.0 103.0204081632653 
858.0 101.02 
848.0 115.02380952380952 
849.0 109.02222222222223 
851.0 109.02173913043478 
853.0 103.02083333333333 

860.0 101.01960784313725 
782.0 1135.0625 
815.0 1058.0588235294117 
848.0 115.02380952380952 
796.0 1067.0666666666666 
791.0 1119.076923076923 
784.0 1129.0588235294117 
850.0 113.02272727272727 
852.0 109.02222222222223 
854.0 107.02127659574468 
856.0 103.02083333333333 
858.0 101.02 

907.0 103.02 
828.0 848.0833333333334 
849.0 565.0370370370371 
895.0 118.02439024390245 
831.0 707.0714285714286 
830.0 803.0769230769231 
837.0 695.0555555555555 
841.0 622.0454545454545 
843.0 577.0434782608696 
835.0 703.0588235294117 
845.0 569.0416666666666 
897.0 116.02325581395348 
899.0 112.02272727272727 
901.0 110.02173913043478 
903.0 106.02127659574468 
905.0 104.0204081632653 

904.0 103.02 
804.0 1629.0833333333333 
841.0 138.02777777777777 
814.0 1530.0588235294117 
819.0 669.0833333333334 
893.0 118.025 
827.0 599.1 
834.0 274.03846153846155 
840.0 268.03333333333336 
808.0 1540.076923076923 
821.0 667.0714285714286 
810.0 1534.0714285714287 
836.0 274.037037037037 
838.0 268.0344827586207 
895.0 116.02380952380952 
897.0 112.02325581395348 
901.0 106.02173913043478 
899.0 110.02222222222223 
903.0 104.02083333333333 
900.0 109.02127659574468 

858.0 101.01960784313725 
787.0 1142.090909090909 
814.0 1064.0625 
842.0 154.02777777777777 
795.0 1073.0714285714287 
812.0 1072.0666666666666 
789.0 1125.0833333333333 
791.0 1098.0833333333333 
844.0 132.02439024390245 
793.0 1081.076923076923 
855.0 101.02 
846.0 130.02325581395348 
848.0 115.02380952380952 
850.0 113.02272727272727 
851.0 107.02127659574468 
853.0 103.02083333333333 

860.0 101.01960784313725 
810.0 1513.0666666666666 
816.0 1507.05 
817.0 692.1 
835.0 290.04 
830.0 599.1 
841.0 272.0357142857143 
844.0 152.02631578947367 
822.0 669.0833333333334 
827.0 616.1111111111111 
846.0 152.02564102564102 
848.0 126.02272727272727 
829.0 616.1 
821.0 686.0833333333334 
837.0 289.037037037037 
839.0 273.03846153846155 
850.0 113.02272727272727 
819.0 686.0909090909091 
852.0 109.02222222222223 
854.0 107.02127659574468 
856.0 103.02083333333333 
812.0 1511.0588235294117 
814.0 1509.0555555555557 
858.0 101.02 

907.0 103.02 
818.0 1524.0833333333333 
826.0 1464.0666666666666 
827.0 752.0833333333334 
871.0 571.0416666666666 
893.0 138.02702702702703 
841.0 681.05 
866.0 618.047619047619 
829.0 707.0769230769231 
868.0 616.0434782608696 
869.0 573.0454545454545 
820.0 1516.076923076923 
822.0 1478.076923076923 
839.0 683.0555555555555 
895.0 116.02380952380952 
833.0 697.0625 
835.0 687.0666666666667 
831.0 699.0714285714286 
824.0 1470.0714285714287 
897.0 112.02325581395348 
899.0 110.02222222222223 
901.0 106.02173913043478 
837.0 685.0588235294117 
903.0 104.02083333333333 
905.0 104.0204081632653 

907.0 103.02 
837.0 289.037037037037 
844.0 152.02631578947367 
854.0 107.02127659574468 
901.0 106.02173913043478 
846.0 130.02325581395348 
848.0 115.02380952380952 
850.0 113.02272727272727 
852.0 109.02222222222223 
903.0 104.02083333333333 
905.0 104.0204081632653 

860.0 101.01960784313725 
789.0 1125.0833333333333 
808.0 1116.0714285714287 
848.0 115.02380952380952 
850.0 113.02272727272727 
852.0 109.02222222222223 
854.0 107.02127659574468 
856.0 103.02083333333333 
858.0 101.02 

