0.9492753623188406 0.0013093490171072779 
0.07971014492753623 0.6813010505087794 
0.13768115942028986 0.6361331282968348 
0.4782608695652174 0.034689510845028554 
0.5434782608695652 0.005237023988572038 
0.9202898550724637 0.0032734528729000557 
0.09420289855072464 0.6701709050331826 
0.10869565217391304 0.6525014892313888 
0.4927536231884058 0.020290483509588893 
0.12318840579710146 0.6413721064863369 
0.5072463768115942 0.02029010347311532 
0.5217391304347826 0.009164915746059973 
0.5362318840579711 0.009164553385701461 
0.9347826086956522 0.001964038935931111 

0.6086956521739131 2.467657645022506E-7 
0.014492753623188406 0.6904502213171638 
0.2826086956521739 0.6348184396211061 
0.3695652173913043 0.33969829430568255 
0.45652173913043476 0.1132277307469649 
0.3115942028985507 0.38549698378206043 
0.12318840579710146 0.6413721064863369 
0.10869565217391304 0.6525014892313888 
0.5072463768115942 0.023564323117973202 
0.3333333333333333 0.3743676010370085 
0.572463768115942 0.0013096161284572667 
0.5942028985507246 5.034021595897992E-7 
0.5217391304347826 0.009164915746059973 
0.5289855072463768 0.005237340134855844 
0.5434782608695652 0.005237023988572038 
0.5579710144927537 0.001309894369446839 

0.6086956521739131 2.467657645022506E-7 
0.043478260869565216 0.676701499299432 
0.2826086956521739 0.626308537157742 
0.5217391304347826 0.009164915746059973 
0.14492753623188406 0.6322034751529084 
0.10869565217391304 0.666240173170343 
0.057971014492753624 0.672772556488385 
0.5362318840579711 0.007855361881320645 
0.5507246376811594 0.005237340134855844 
0.5652173913043478 0.0039278756803738995 
0.5797101449275363 0.001309894369446839 
0.5942028985507246 5.034021595897992E-7 

0.9492753623188406 0.0013093490171072779 
0.37681159420289856 0.48889578736292777 
0.5289855072463768 0.3036638354956321 
0.8623188405797102 0.011128564204955074 
0.39855072463768115 0.3966143807614077 
0.391304347826087 0.4594425660086082 
0.4420289855072464 0.3887509194081109 
0.47101449275362317 0.3409714441311317 
0.4855072463768116 0.3115211244691023 
0.427536231884058 0.3939884405045274 
0.5 0.3062845564607472 
0.8768115942028986 0.009818976193175304 
0.8913043478260869 0.007200939073846802 
0.9057971014492754 0.005891446796045882 
0.9202898550724637 0.0032734528729000557 
0.9347826086956522 0.001964038935931111 

0.927536231884058 0.0013093490171072779 
0.2028985507246377 1.0 
0.47101449275362317 0.02421923723386106 
0.2753623188405797 0.9351961022853965 
0.3115942028985507 0.3717541048251097 
0.8478260869565217 0.011128963243252315 
0.3695652173913043 0.32595541534873185 
0.42028985507246375 0.1132277307469649 
0.463768115942029 0.10929783788772456 
0.2318840579710145 0.9417521751168313 
0.32608695652173914 0.37043746846245396 
0.2463768115942029 0.9378220425422769 
0.43478260869565216 0.11322679852074341 
0.4492753623188406 0.10929859009784808 
0.8623188405797102 0.009819338553533816 
0.8768115942028986 0.0072012849632799285 
0.9057971014492754 0.0032737555661505055 
0.8913043478260869 0.005891762942329689 
0.9202898550724637 0.001964317176920683 
0.8985507246376812 0.005236721295321588 

0.5942028985507246 2.467657645022506E-7 
0.07971014492753623 0.6813010505087794 
0.2753623188405797 0.6302374799687891 
0.4782608695652174 0.03469000215344256 
0.13768115942028986 0.6361331282968348 
0.2608695652173913 0.6354755891902776 
0.09420289855072464 0.6701709050331826 
0.10869565217391304 0.6525014892313888 
0.4927536231884058 0.020290483509588893 
0.12318840579710146 0.6413721064863369 
0.572463768115942 5.034021595897992E-7 
0.5072463768115942 0.01898089549780912 
0.5217391304347826 0.009164915746059973 
0.5362318840579711 0.007855361881320645 
0.5434782608695652 0.0039278756803738995 
0.5579710144927537 0.001309894369446839 

0.6086956521739131 2.467657645022506E-7 
0.2463768115942029 0.9240760472862428 
0.2898550724637681 0.9201386033946086 
0.2971014492753623 0.3868167364437993 
0.427536231884058 0.12369950247086561 
0.391304347826087 0.32595541534873185 
0.47101449275362317 0.11191708726716151 
0.4927536231884058 0.033380199780004415 
0.3333333333333333 0.3717541048251097 
0.3695652173913043 0.3370878744403147 
0.5072463768115942 0.03337975819916267 
0.5217391304347826 0.01636285837848062 
0.38405797101449274 0.3370806030757872 
0.32608695652173914 0.382879292552165 
0.4420289855072464 0.12304314063285107 
0.45652173913043476 0.11257330793949107 
0.5362318840579711 0.007855361881320645 
0.3115942028985507 0.3828842503007065 
0.5507246376811594 0.005237340134855844 
0.5652173913043478 0.0039278756803738995 
0.5797101449275363 0.001309894369446839 
0.2608695652173913 0.9227620689433934 
0.2753623188405797 0.9214510846918201 
0.5942028985507246 5.034021595897992E-7 

0.9492753623188406 0.0013093490171072779 
0.30434782608695654 0.9312856052152464 
0.36231884057971014 0.8920093297200246 
0.3695652173913043 0.42607119784543873 
0.6884057971014492 0.30759340207569486 
0.8478260869565217 0.02421874592544705 
0.47101449275362317 0.3795853644212134 
0.6521739130434783 0.3383551694008196 
0.38405797101449274 0.3966179764911192 
0.6666666666666666 0.33704361396058213 
0.6739130434782609 0.3089047265649133 
0.3188405797101449 0.926046027737459 
0.3333333333333333 0.9011779610534529 
0.45652173913043476 0.3808978457184248 
0.8623188405797102 0.009819338553533816 
0.41304347826086957 0.39006430962588834 
0.427536231884058 0.3835228083128477 
0.39855072463768115 0.39137899830161693 
0.34782608695652173 0.8959389828639509 
0.8768115942028986 0.0072012849632799285 
0.8913043478260869 0.005891762942329689 
0.9057971014492754 0.0032737555661505055 
0.4420289855072464 0.3822088299699982 
0.9202898550724637 0.001964317176920683 
0.9347826086956522 0.001964038935931111 

0.9492753623188406 0.0013093490171072779 
0.4420289855072464 0.12304314063285107 
0.4927536231884058 0.033380199780004415 
0.5652173913043478 0.0039278756803738995 
0.9057971014492754 0.0032737555661505055 
0.5072463768115942 0.01898089549780912 
0.5217391304347826 0.009164915746059973 
0.5362318840579711 0.007855361881320645 
0.5507246376811594 0.005237340134855844 
0.9202898550724637 0.001964317176920683 
0.9347826086956522 0.001964038935931111 

0.6086956521739131 2.467657645022506E-7 
0.09420289855072464 0.6701709050331826 
0.2318840579710145 0.6642733090182101 
0.5217391304347826 0.009164915746059973 
0.5362318840579711 0.007855361881320645 
0.5507246376811594 0.005237340134855844 
0.5652173913043478 0.0039278756803738995 
0.5797101449275363 0.001309894369446839 
0.5942028985507246 5.034021595897992E-7 

