0.5562130177514792 0.567437742231365 
0.07100591715976332 0.5718913531024171 
0.09467455621301775 0.5715175679043111 
0.10059171597633136 0.5700971841515075 
0.3076923076923077 0.5676437940330291 
0.4319526627218935 0.5675034399072579 
0.17159763313609466 0.5687198423306075 
0.23668639053254437 0.5680576587628668 
0.10650887573964497 0.5698786635741532 
0.1242603550295858 0.5691502616496387 
0.1301775147928994 0.5688543483678046 
0.25443786982248523 0.5679666085223025 

0.07100591715976332 0.5723066699892017 
0.727810650887574 0.5669520486988714 
0.24260355029585798 0.568473888434018 
0.10059171597633136 0.5705912306742217 
0.15384615384615385 0.5691502616496387 
0.10650887573964497 0.5703339147769747 
0.5739644970414202 0.5672564166459008 
0.46745562130177515 0.567314391492954 
0.33727810650887574 0.5675720574798571 
0.6272189349112426 0.567095618485206 
0.17159763313609466 0.5688543483678046 
0.42011834319526625 0.567437742231365 
0.28402366863905326 0.5679666085223025 
0.3136094674556213 0.5678799997568875 

0.07100591715976332 0.5727708476861962 
0.6035502958579881 0.567314391492954 
0.378698224852071 0.567437742231365 
0.09467455621301775 0.5723066699892017 
0.10059171597633136 0.5705912306742217 
0.25443786982248523 0.5675720574798571 
0.20118343195266272 0.5678799997568875 
0.14792899408284024 0.5687198423306075 
0.10650887573964497 0.5703339147769747 
0.1242603550295858 0.569488448257449 
0.1301775147928994 0.5689975322138534 

0.05917159763313609 0.5723066699892017 
0.7337278106508875 0.566998165054482 
0.46153846153846156 0.5671471563572237 
0.08284023668639054 0.5718913531024171 
0.08875739644970414 0.5705912306742217 
0.09467455621301775 0.5703339147769747 
0.11242603550295859 0.569313524149961 
0.11834319526627218 0.5688543483678046 
0.17751479289940827 0.5687198423306075 
0.28402366863905326 0.5676437940330291 
0.21893491124260356 0.568361159564748 
0.23076923076923078 0.5678799997568875 
0.33727810650887574 0.5675720574798571 
0.40828402366863903 0.5672564166459008 
0.35502958579881655 0.567437742231365 
0.22485207100591717 0.5680576587628668 
0.3905325443786982 0.567314391492954 

0.07100591715976332 0.5745612473746039 
0.5207100591715976 0.5673747819586344 
0.10059171597633136 0.5711793812965006 
0.378698224852071 0.5675720574798571 
0.25443786982248523 0.5677975152183973 
0.20118343195266272 0.5681535011213557 
0.10650887573964497 0.5708719389257639 
0.1242603550295858 0.5696763297062324 
0.14792899408284024 0.5689975322138534 
0.1301775147928994 0.569313524149961 

0.07100591715976332 0.5727708476861962 
0.42011834319526625 0.567437742231365 
0.30177514792899407 0.5676437940330291 
0.23076923076923078 0.5679666085223025 
0.09467455621301775 0.5723066699892017 
0.10059171597633136 0.5708719389257639 
0.17751479289940827 0.5687198423306075 
0.10650887573964497 0.5705912306742217 
0.1242603550295858 0.569488448257449 
0.1301775147928994 0.5691502616496387 

0.7928994082840237 0.567095618485206 
0.11242603550295859 0.5723066699892017 
0.20118343195266272 0.5685932484132451 
0.1834319526627219 0.5700971841515075 
0.4911242603550296 0.567314391492954 
0.6863905325443787 0.5672564166459008 
0.2958579881656805 0.5678799997568875 
0.4378698224852071 0.5675034399072579 
0.1301775147928994 0.5718913531024171 
0.14201183431952663 0.5708719389257639 
0.24260355029585798 0.568473888434018 
0.25443786982248523 0.5681535011213557 
0.15976331360946747 0.5705912306742217 
0.7396449704142012 0.5671471563572237 

0.07100591715976332 0.5732930475953152 
0.46745562130177515 0.567314391492954 
0.14792899408284024 0.5691502616496387 
0.08284023668639054 0.5715175679043111 
0.10059171597633136 0.5708719389257639 
0.20710059171597633 0.5687198423306075 
0.24260355029585798 0.5682545241478706 
0.41420118343195267 0.5676437940330291 
0.3136094674556213 0.5679666085223025 
0.3668639053254438 0.5677188671700694 
0.28402366863905326 0.5681535011213557 

0.9763313609467456 0.5669520486988714 
0.07100591715976332 0.5727708476861962 
0.10650887573964497 0.5705912306742217 
0.1242603550295858 0.5691502616496387 
0.35502958579881655 0.5673747819586344 
0.7396449704142012 0.5671471563572237 
0.5502958579881657 0.567314391492954 
0.9289940828402367 0.567095618485206 
0.23076923076923078 0.5680576587628668 
0.09467455621301775 0.5718913531024171 
0.17159763313609466 0.5688543483678046 
0.10059171597633136 0.5708719389257639 
0.6863905325443787 0.5672564166459008 
0.30177514792899407 0.5675720574798571 
0.1301775147928994 0.5689975322138534 
0.9704142011834319 0.5670459894232633 

0.5088757396449705 0.14114129080488397 
0.01775147928994083 0.1454024420632943 
0.3136094674556213 0.14119926565193733 
0.047337278106508875 0.14421878893595796 
0.07100591715976332 0.1428824063728367 
0.23668639053254437 0.1416037413290526 
0.16568047337278108 0.14168238937738056 
0.11834319526627218 0.1423587625930012 
0.14201183431952663 0.14185148268128578 
0.26627218934911245 0.14138831406624122 
0.09467455621301775 0.1424781225722284 
0.08284023668639054 0.14273922252678786 

