205.0 14.02127659574468 
123.0 14.052631578947368 
127.0 14.05 
128.0 14.04 
163.0 14.022727272727273 
184.0 14.021739130434783 
140.0 14.030303030303031 
151.0 14.025641025641026 
129.0 14.038461538461538 
132.0 14.033333333333333 
133.0 14.03125 
154.0 14.025 

123.0 14.055555555555555 
234.0 14.017857142857142 
152.0 14.028571428571428 
128.0 14.043478260869565 
137.0 14.033333333333333 
129.0 14.041666666666666 
208.0 14.02 
190.0 14.020408163265307 
168.0 14.022222222222222 
217.0 14.018867924528301 
140.0 14.03125 
182.0 14.02127659574468 
159.0 14.025 
164.0 14.024390243902438 

123.0 14.058823529411764 
213.0 14.020408163265307 
175.0 14.02127659574468 
127.0 14.055555555555555 
128.0 14.043478260869565 
154.0 14.022222222222222 
145.0 14.024390243902438 
136.0 14.030303030303031 
129.0 14.041666666666666 
132.0 14.035714285714286 
133.0 14.03225806451613 

121.0 14.055555555555555 
235.0 14.018181818181818 
189.0 14.01923076923077 
125.0 14.052631578947368 
126.0 14.043478260869565 
127.0 14.041666666666666 
130.0 14.03448275862069 
131.0 14.03125 
141.0 14.030303030303031 
159.0 14.022727272727273 
148.0 14.027777777777779 
150.0 14.024390243902438 
168.0 14.022222222222222 
180.0 14.02 
171.0 14.02127659574468 
149.0 14.025641025641026 
177.0 14.020408163265307 

123.0 14.071428571428571 
199.0 14.020833333333334 
128.0 14.047619047619047 
175.0 14.022222222222222 
154.0 14.023809523809524 
145.0 14.026315789473685 
129.0 14.045454545454545 
132.0 14.037037037037036 
136.0 14.03225806451613 
133.0 14.03448275862069 

123.0 14.058823529411764 
182.0 14.02127659574468 
162.0 14.022727272727273 
150.0 14.025 
127.0 14.055555555555555 
128.0 14.045454545454545 
141.0 14.030303030303031 
129.0 14.043478260869565 
132.0 14.035714285714286 
133.0 14.033333333333333 

245.0 14.018867924528301 
130.0 14.055555555555555 
145.0 14.029411764705882 
142.0 14.04 
194.0 14.020408163265307 
227.0 14.02 
161.0 14.024390243902438 
185.0 14.021739130434783 
133.0 14.052631578947368 
135.0 14.045454545454545 
152.0 14.028571428571428 
154.0 14.026315789473685 
138.0 14.043478260869565 
236.0 14.01923076923077 

123.0 14.0625 
190.0 14.020408163265307 
136.0 14.033333333333333 
125.0 14.05 
128.0 14.045454545454545 
146.0 14.030303030303031 
152.0 14.027027027027026 
181.0 14.022727272727273 
164.0 14.025 
173.0 14.023255813953488 
159.0 14.026315789473685 

276.0 14.017857142857142 
123.0 14.058823529411764 
129.0 14.043478260869565 
132.0 14.033333333333333 
171.0 14.020833333333334 
236.0 14.01923076923077 
204.0 14.020408163265307 
268.0 14.018867924528301 
150.0 14.025641025641026 
127.0 14.052631578947368 
140.0 14.03125 
128.0 14.045454545454545 
227.0 14.02 
162.0 14.022222222222222 
133.0 14.03225806451613 
275.0 14.018518518518519 

197.0 11.02 
114.0 11.05 
164.0 11.020408163265307 
119.0 11.041666666666666 
123.0 11.03225806451613 
151.0 11.023255813953488 
139.0 11.023809523809524 
131.0 11.028571428571428 
135.0 11.025 
156.0 11.021739130434783 
127.0 11.029411764705882 
125.0 11.03125 

