0.41304347826086957 0.36913221857721773 
0.5942028985507246 5.034021595897992E-7 
0.2971014492753623 0.3868167364437993 
0.427536231884058 0.12435392527833945 
0.5217391304347826 0.01636285837848062 
0.45652173913043476 0.12042458376432148 
0.5362318840579711 0.007855361881320645 
0.5507246376811594 0.005237340134855844 
0.5652173913043478 0.0039278756803738995 
0.5797101449275363 0.001309894369446839 
0.014492753623188406 0.6904502213171638 
0.4782608695652174 0.03469000215344256 
0.26811594202898553 0.6276197887388937 
0.13043478260869565 0.6335154370669394 
0.028985507246376812 0.6865205681732375 
0.11594202898550725 0.634832073429595 
0.4927536231884058 0.020290483509588893 
0.463768115942029 0.10798828859233872 
0.5144927536231884 0.018981637894641204 
