0.9927536231884058 0.0013096161284572667 
0.2536231884057971 0.9312856052152464 
0.8478260869565217 0.30628152672552744 
0.6159420289855072 0.44047345735840476 
0.8913043478260869 0.005891762942329689 
0.3695652173913043 0.6577208319164866 
0.427536231884058 0.626301204689311 
0.32608695652173914 0.890695351377175 
0.6884057971014492 0.3089034332392069 
0.6521739130434783 0.3383551694008196 
0.39855072463768115 0.6550973663677018 
0.9202898550724637 0.001964317176920683 
0.9637681159420289 0.001963771824581122 
0.6666666666666666 0.3383537529012363 
0.6739130434782609 0.3089047265649133 
0.26811594202898553 0.926046027737459 
0.2826086956521739 0.9011779610534529 
0.2971014492753623 0.8959389828639509 
0.3115942028985507 0.8946242941882221 

1.0 0.0013096161284572667 
0.26811594202898553 0.6361331282968348 
0.5652173913043478 0.3979268221060669 
0.855072463768116 0.33442003586885044 
0.8768115942028986 0.0072012849632799285 
0.39855072463768115 0.6289240897510118 
0.717391304347826 0.3409701508054252 
0.5797101449275363 0.39661126446232453 
0.8405797101449275 0.33442084180826853 
0.2826086956521739 0.6322034751529084 
0.38405797101449274 0.6302374799687891 
0.9202898550724637 0.001964317176920683 
0.8913043478260869 0.005891762942329689 
0.9057971014492754 0.0032737555661505055 

0.2028985507246377 1.0 
0.9492753623188406 0.0013093490171072779 
0.2753623188405797 0.9397889066944097 
0.35507246376811596 0.5209625049291461 
0.5942028985507246 0.23495247044609824 
0.8478260869565217 0.02421874592544705 
0.41304347826086957 0.36913221857721773 
0.39855072463768115 0.5170199283096101 
0.5362318840579711 0.281415399072062 
0.2608695652173913 0.9437196385572494 
0.4420289855072464 0.3481870930083433 
0.47101449275362317 0.32267239426457145 
0.5 0.3017266694074118 
0.5072463768115942 0.2840366598809072 
0.8913043478260869 0.005891762942329689 
0.9202898550724637 0.001964317176920683 
0.8768115942028986 0.02159972816283382 
0.8623188405797102 0.024218280475370595 
0.3695652173913043 0.5196458685664904 
0.38405797101449274 0.5183339066524595 
0.9347826086956522 0.001964038935931111 

0.5942028985507246 5.034021595897992E-7 
0.2971014492753623 0.3868167364437993 
0.42028985507246375 0.3809160241297435 
0.427536231884058 0.12435392527833945 
0.5144927536231884 0.10667878327698026 
0.5217391304347826 0.01636285837848062 
0.45652173913043476 0.12042458376432148 
0.47101449275362317 0.12042377782490342 
0.4855072463768116 0.10929859009784808 
0.5362318840579711 0.007855361881320645 
0.5 0.10929783788772456 
0.5507246376811594 0.005237340134855844 
0.5652173913043478 0.0039278756803738995 
0.5797101449275363 0.001309894369446839 

0.9492753623188406 0.0013093490171072779 
0.3188405797101449 0.9790475631140457 
0.4927536231884058 0.034689510845028554 
0.8768115942028986 0.02356341608705501 
0.38405797101449274 0.4915056878451151 
0.5072463768115942 0.03337975819916267 
0.36231884057971014 0.9037862134928559 
0.34782608695652173 0.976422600519623 
0.9202898550724637 0.005236721295321588 
0.8913043478260869 0.009164207496268334 
0.9057971014492754 0.006546185749803533 
0.3333333333333333 0.9777335847711963 

1.0 0.0013096161284572667 
0.2028985507246377 1.0 
0.37681159420289856 0.9181753349721871 
0.38405797101449274 0.3966179764911192 
0.45652173913043476 0.34097286063071497 
0.7391304347826086 0.31021109330559027 
0.7028985507246377 0.3370463237858719 
0.8768115942028986 0.0072012849632799285 
0.9202898550724637 0.001964317176920683 
0.30434782608695654 0.9201386033946086 
0.21739130434782608 0.9960692681371603 
0.2318840579710145 0.9280092961598806 
0.2463768115942029 0.9240791635853262 
0.8913043478260869 0.007200939073846802 
0.9057971014492754 0.0032737555661505055 
0.2608695652173913 0.9227644749095975 
0.2753623188405797 0.9214532233284457 
0.2898550724637681 0.9201403255598913 

0.5942028985507246 5.034021595897992E-7 
0.014492753623188406 0.6904502213171638 
0.47101449275362317 0.6236796180855617 
0.4782608695652174 0.03469000215344256 
0.26811594202898553 0.6276197887388937 
0.13043478260869565 0.6335154370669394 
0.028985507246376812 0.6865205681732375 
0.11594202898550725 0.634832073429595 
0.4927536231884058 0.020290483509588893 
0.5217391304347826 0.01636285837848062 
0.5507246376811594 0.005237340134855844 
0.5652173913043478 0.0039278756803738995 
0.5797101449275363 0.001309894369446839 

0.9492753623188406 0.0013093490171072779 
0.427536231884058 0.3684710837409492 
0.463768115942029 0.10798828859233872 
0.8768115942028986 0.0072012849632799285 
0.5579710144927537 0.016362527861911193 
0.5144927536231884 0.018981637894641204 
0.5434782608695652 0.01636285837848062 
0.8913043478260869 0.005891762942329689 
0.9057971014492754 0.0032737555661505055 
0.9202898550724637 0.001964317176920683 
0.9347826086956522 0.001964038935931111 

0.9492753623188406 0.0013093490171072779 
0.2028985507246377 0.9849482754281016 
0.4420289855072464 0.40576399888544995 
0.2608695652173913 0.9057553249760586 
0.717391304347826 0.30366296985699787 
0.8260869565217391 0.2827253353916888 
0.8768115942028986 0.02159972816283382 
0.7971014492753623 0.2853469219954382 
0.2463768115942029 0.9810056988085656 
0.21739130434782608 0.9810175435652619 
0.8913043478260869 0.005891762942329689 
0.9057971014492754 0.0032737555661505055 
0.9202898550724637 0.001964317176920683 
0.9347826086956522 0.001964038935931111 

1.0 0.0013096161284572667 
0.2753623188405797 0.6701709050331826 
0.8333333333333334 0.33573148528807184 
0.8478260869565217 0.011128963243252315 
0.5217391304347826 0.6269556274967849 
0.6521739130434783 0.3383551694008196 
0.6666666666666666 0.33704361396058213 
0.34782608695652173 0.6335071880399543 
0.5072463768115942 0.6308837224911695 
0.9347826086956522 0.001964038935931111 
0.30434782608695654 0.6413721064863369 
0.2898550724637681 0.6649313275553953 
0.3333333333333333 0.6387449764659491 
0.8768115942028986 0.0072012849632799285 
0.8913043478260869 0.005891762942329689 
0.9057971014492754 0.0032737555661505055 
0.9202898550724637 0.001964317176920683 

