0.08875739644970414 0.5727708476861962 
0.5029585798816568 0.5671471563572237 
0.11834319526627218 0.5711793812965006 
0.15384615384615385 0.5698786635741532 
0.40236686390532544 0.567437742231365 
0.1834319526627219 0.5691502616496387 
0.2603550295857988 0.5679666085223025 
0.21301775147928995 0.5688543483678046 
0.3136094674556213 0.5678799997568875 
0.2485207100591716 0.5682545241478706 
0.33136094674556216 0.5677975152183973 
0.3727810650887574 0.5677188671700694 
0.378698224852071 0.5676437940330291 

0.07100591715976332 0.5732930475953152 
0.8698224852071006 0.567314391492954 
0.10059171597633136 0.5711793812965006 
0.1301775147928994 0.5691502616496387 
0.4970414201183432 0.567437742231365 
0.727810650887574 0.5673747819586344 
0.21893491124260356 0.5689975322138534 
0.23668639053254437 0.5681535011213557 
0.10650887573964497 0.5705912306742217 
0.3254437869822485 0.5680576587628668 
0.41420118343195267 0.5675034399072579 

0.07100591715976332 0.5727708476861962 
0.4911242603550296 0.567314391492954 
0.08284023668639054 0.5708719389257639 
0.2958579881656805 0.568473888434018 
0.1893491124260355 0.5688543483678046 
0.38461538461538464 0.5675720574798571 
0.10059171597633136 0.5705912306742217 
0.17159763313609466 0.569313524149961 
0.33136094674556216 0.5678799997568875 
0.3609467455621302 0.5677975152183973 

0.07100591715976332 0.5732930475953152 
0.6982248520710059 0.567314391492954 
0.08284023668639054 0.5708719389257639 
0.47337278106508873 0.567437742231365 
0.10059171597633136 0.5705912306742217 
0.1834319526627219 0.5691502616496387 
0.3668639053254438 0.5676437940330291 
0.24260355029585798 0.568473888434018 
0.28402366863905326 0.5679666085223025 
0.1893491124260355 0.5689975322138534 
0.3136094674556213 0.5678799997568875 

0.07100591715976332 0.5732930475953152 
0.7396449704142012 0.5672007153222615 
0.39644970414201186 0.567437742231365 
0.6863905325443787 0.567314391492954 
0.10059171597633136 0.5708719389257639 
0.23668639053254437 0.5681535011213557 
0.3431952662721893 0.5676437940330291 
0.10650887573964497 0.5705912306742217 
0.1242603550295858 0.569488448257449 
0.20118343195266272 0.5688543483678046 
0.1301775147928994 0.5691502616496387 
0.23076923076923078 0.568473888434018 

0.07100591715976332 0.28679518836508605 
0.35502958579881655 0.2832980313979567 
0.1893491124260355 0.28372076465771945 
0.10059171597633136 0.28541169769677127 
0.08875739644970414 0.28651448011354386 
0.16568047337278108 0.2846430917699296 
0.26627218934911245 0.28356704347235123 
0.1242603550295858 0.28492078165317564 
0.3076923076923077 0.28349530691917924 
0.3136094674556213 0.2833609916706872 
0.14201183431952663 0.28477759780712675 

0.05917159763313609 0.5732930475953152 
0.7869822485207101 0.567095618485206 
0.08284023668639054 0.5727708476861962 
0.08875739644970414 0.5700971841515075 
0.5680473372781065 0.5671471563572237 
0.11242603550295859 0.5689975322138534 
0.16568047337278108 0.5680576587628668 
0.15976331360946747 0.5687198423306075 
0.24260355029585798 0.5677188671700694 
0.33136094674556216 0.5675034399072579 
0.40828402366863903 0.5673747819586344 
0.514792899408284 0.5672564166459008 
0.21893491124260356 0.5679666085223025 
0.46153846153846156 0.567314391492954 
0.22485207100591717 0.5678799997568875 

0.07692307692307693 0.7132177565768395 
0.4378698224852071 0.7094131572389735 
0.38461538461538464 0.7097572424504083 
0.24260355029585798 0.7100049838026414 
0.14201183431952663 0.7108927236481435 
0.10059171597633136 0.7119170388544921 
0.08284023668639054 0.7123722900573136 
0.16568047337278108 0.7103995348450869 
0.20118343195266272 0.7100960340432058 

0.7810650887573964 0.5673747819586344 
0.07100591715976332 0.5727708476861962 
0.4378698224852071 0.567437742231365 
0.10059171597633136 0.5705912306742217 
0.14201183431952663 0.5691502616496387 
0.2958579881656805 0.5677975152183973 
0.20118343195266272 0.5680576587628668 
0.17751479289940827 0.5685932484132451 
0.14792899408284024 0.5689975322138534 

0.11242603550295859 0.5727708476861962 
0.5621301775147929 0.5672007153222615 
0.1301775147928994 0.5705912306742217 
0.15384615384615385 0.569488448257449 
0.3136094674556213 0.5679666085223025 
0.22485207100591717 0.5688543483678046 
0.40828402366863903 0.5677975152183973 
0.2485207100591716 0.568473888434018 
0.4970414201183432 0.5675720574798571 
0.5088757396449705 0.5673747819586344 
0.4378698224852071 0.5677188671700694 

