907.0 103.02 
806.0 1623.0714285714287 
816.0 1446.0555555555557 
817.0 675.0909090909091 
890.0 118.025 
853.0 130.02325581395348 
831.0 597.0714285714286 
832.0 275.0416666666667 
808.0 1623.0666666666666 
810.0 1450.0666666666666 
840.0 266.03225806451616 
842.0 136.02564102564102 
846.0 130.02380952380952 
823.0 667.0625 
825.0 605.1111111111111 
897.0 112.02325581395348 
894.0 116.02325581395348 
827.0 599.0909090909091 
819.0 669.0833333333334 
844.0 130.02439024390245 
812.0 1450.0625 
814.0 1446.0588235294117 
834.0 273.03846153846155 
836.0 269.037037037037 
899.0 110.02222222222223 
901.0 106.02173913043478 
829.0 597.0769230769231 
821.0 667.0714285714286 
838.0 267.0344827586207 
892.0 116.02380952380952 
903.0 104.02083333333333 
905.0 104.0204081632653 
