819.0 669.0769230769231 
904.0 103.02 
831.0 597.0769230769231 
832.0 275.04 
890.0 118.025 
851.0 128.02325581395348 
841.0 138.02702702702703 
838.0 268.03333333333336 
823.0 667.0666666666667 
827.0 599.0909090909091 
845.0 132.025 
849.0 128.02380952380952 
834.0 274.037037037037 
836.0 269.0357142857143 
892.0 116.02380952380952 
894.0 112.02325581395348 
896.0 110.02222222222223 
898.0 106.02173913043478 
829.0 597.0833333333334 
821.0 667.0714285714286 
900.0 104.02083333333333 
902.0 104.0204081632653 
