0.927536231884058 0.0013093490171072779 
0.9130434782608695 0.001964038935931111 
0.2826086956521739 0.6302329353659595 
0.2028985507246377 0.6308854446564524 
0.17391304347826086 0.6308873581734333 
0.14492753623188406 0.6361248792698497 
0.15942028985507245 0.632196203788381 
0.34782608695652173 0.3671689501547962 
0.39855072463768115 0.29649548196561765 
0.463768115942029 0.02290943486042291 
0.35507246376811596 0.32922752938610106 
0.3695652173913043 0.3252950432430083 
0.38405797101449274 0.3004269765590022 
0.8840579710144928 0.0032737555661505055 
0.42028985507246375 0.11257237571326957 
0.4782608695652174 0.022908993279581163 
0.34057971014492755 0.370431625401673 
0.4927536231884058 0.018981637894641204 
0.32608695652173914 0.37043746846245396 
0.3115942028985507 0.37174990980711314 
0.4057971014492754 0.11388316035875795 
0.43478260869565216 0.10995381884473998 
0.8985507246376812 0.001964317176920683 
0.2971014492753623 0.37568064166995274 
0.4492753623188406 0.10864341508025072 
0.12318840579710146 0.6485671616388379 
0.5579710144927537 0.0039275855993422155 
0.13768115942028986 0.6374388576126991 
0.5 0.009164915746059973 
0.5144927536231884 0.007855361881320645 
0.5289855072463768 0.005237340134855844 
0.5434782608695652 0.0039278756803738995 
