907.0 103.02 
804.0 1606.0833333333333 
816.0 1481.0588235294117 
817.0 675.0909090909091 
893.0 118.025 
849.0 132.02380952380952 
829.0 599.0909090909091 
832.0 275.0416666666667 
840.0 268.03225806451616 
841.0 138.02777777777777 
808.0 1600.0714285714287 
810.0 1491.0714285714287 
821.0 669.0769230769231 
825.0 605.1111111111111 
812.0 1485.0666666666666 
827.0 599.1 
819.0 669.0833333333334 
806.0 1600.076923076923 
895.0 116.02380952380952 
897.0 112.02325581395348 
899.0 110.02222222222223 
901.0 106.02173913043478 
834.0 273.03846153846155 
838.0 270.0344827586207 
843.0 136.02631578947367 
836.0 271.037037037037 
845.0 134.02564102564102 
847.0 132.02439024390245 
903.0 104.02083333333333 
905.0 104.0204081632653 
