907.0 103.02 
817.0 675.0833333333334 
829.0 599.0833333333334 
832.0 275.04 
893.0 118.025 
853.0 126.02272727272727 
840.0 265.03225806451616 
841.0 138.02857142857144 
821.0 669.0714285714286 
825.0 605.1 
827.0 599.0909090909091 
819.0 669.0769230769231 
834.0 273.037037037037 
836.0 269.0357142857143 
843.0 136.02702702702703 
845.0 132.02631578947367 
895.0 116.02380952380952 
897.0 112.02325581395348 
899.0 110.02222222222223 
901.0 106.02173913043478 
838.0 267.03333333333336 
847.0 130.025 
849.0 128.02439024390245 
851.0 126.02325581395348 
903.0 104.02083333333333 
905.0 104.0204081632653 
