907.0 103.02 
795.0 1081.0666666666666 
817.0 1062.0526315789473 
822.0 675.0833333333334 
856.0 107.02083333333333 
900.0 106.02127659574468 
841.0 274.037037037037 
832.0 599.0833333333334 
845.0 274.0357142857143 
847.0 138.02702702702703 
828.0 669.0714285714286 
815.0 1064.0555555555557 
804.0 1065.0526315789473 
830.0 605.0909090909091 
905.0 104.0204081632653 
824.0 669.0769230769231 
800.0 1065.0555555555557 
848.0 137.02631578947367 
849.0 116.02380952380952 
796.0 1073.0588235294117 
798.0 1067.0555555555557 
851.0 113.02222222222223 
853.0 110.02222222222223 
854.0 109.02173913043478 
850.0 115.02325581395348 
