907.0 103.02 
793.0 1092.0714285714287 
901.0 106.02173913043478 
853.0 107.02083333333333 
799.0 1073.0588235294117 
817.0 692.1111111111111 
833.0 292.04347826086956 
831.0 599.0909090909091 
841.0 274.037037037037 
842.0 154.02777777777777 
823.0 669.0833333333334 
825.0 622.125 
820.0 675.0909090909091 
819.0 692.1 
795.0 1075.0666666666666 
845.0 115.02380952380952 
827.0 622.1 
828.0 605.1 
835.0 291.04 
837.0 275.0416666666667 
843.0 137.02702702702703 
844.0 132.02439024390245 
830.0 605.0909090909091 
847.0 113.02272727272727 
849.0 109.02222222222223 
797.0 1073.0625 
851.0 107.02127659574468 
903.0 104.02083333333333 
839.0 274.03846153846155 
905.0 104.0204081632653 
