907.0 103.02 
804.0 1629.076923076923 
822.0 1531.0666666666666 
824.0 662.0769230769231 
845.0 136.02564102564102 
890.0 118.025 
831.0 554.0833333333334 
832.0 275.0416666666667 
840.0 136.02631578947367 
810.0 1534.0666666666666 
838.0 272.0344827586207 
806.0 1623.0714285714287 
808.0 1540.0714285714287 
825.0 604.1 
827.0 598.0909090909091 
829.0 560.0909090909091 
900.0 106.02127659574468 
903.0 104.02083333333333 
892.0 118.02439024390245 
894.0 112.02325581395348 
896.0 112.02272727272727 
898.0 106.02173913043478 
834.0 273.037037037037 
836.0 272.0357142857143 
905.0 104.0204081632653 
