0.0 0.9800613496932514 
0.5555555555555556 0.016359918200408937 
0.2222222222222222 0.973415132924335 
0.3333333333333333 0.023006134969325277 

0.0 0.9800613496932514 
0.1111111111111111 0.973415132924335 

0.0 0.9800613496932514 
0.1111111111111111 0.973415132924335 

0.0 0.9800613496932514 
0.4444444444444444 0.016359918200408937 
0.2222222222222222 0.9680981595092022 
0.3333333333333333 0.023006134969325277 
0.1111111111111111 0.973415132924335 

0.3611111111111111 0.016359918200408937 
0.05555555555555555 0.9800613496932514 
0.25 0.023006134969325277 
0.1111111111111111 0.973415132924335 

0.3333333333333333 0.023006134969325277 
0.9444444444444444 0.0 
0.4444444444444444 0.016359918200408937 
0.7222222222222222 0.006692693809258317 
0.8333333333333334 0.0030674846625766755 

0.05555555555555555 0.9800613496932514 
0.25 0.01104294478527603 
0.16666666666666666 0.973415132924335 

0.3333333333333333 0.023006134969325277 
0.5555555555555556 0.016359918200408937 

0.0 0.9886064855390009 
0.7222222222222222 0.006692693809258317 
0.3333333333333333 0.023006134969325277 
0.2222222222222222 0.973415132924335 
0.5 0.016359918200408937 
0.1111111111111111 0.9800613496932514 
0.6111111111111112 0.01104294478527603 

0.3333333333333333 0.023006134969325277 
0.4444444444444444 0.016359918200408937 

