140.0 6.125 
160.0 4.111111111111111 
148.0 6.111111111111111 
152.0 4.125 

140.0 6.125 
144.0 6.111111111111111 

140.0 6.125 
144.0 6.111111111111111 

140.0 6.125 
156.0 4.111111111111111 
148.0 6.1 
152.0 4.125 
144.0 6.111111111111111 

153.0 4.111111111111111 
142.0 6.125 
149.0 4.125 
144.0 6.111111111111111 

152.0 4.125 
174.0 4.076923076923077 
156.0 4.111111111111111 
166.0 4.090909090909091 
170.0 4.083333333333333 

142.0 6.125 
149.0 4.1 
146.0 6.111111111111111 

152.0 4.125 
160.0 4.111111111111111 

140.0 6.142857142857143 
166.0 4.090909090909091 
152.0 4.125 
148.0 6.111111111111111 
158.0 4.111111111111111 
144.0 6.125 
162.0 4.1 

152.0 4.125 
156.0 4.111111111111111 

