--- 0.0 0.0 ---
0.42152640657166085
0.16054507964896328
0.1603466418515836
0.15934736787446782
0.5267359184669623
0.15893964668243996
0.26378086597859035
0.36894229339049184
0.21124477286567658
0.1593067475683514
0.15962074152967562
0.29006826443938016
0.15936827597220568
0.1594711324915829
0.5794374922399024
0.21141930702667697
0.2639352068811569
0.21156463890843882
0.6056819267127672
0.5267339336459372
0.15883441179868663
0.21118836159998094
0.526771623553474
0.23214017156844144
0.15882452126752397
0.23032311208854503
0.20264544249537975
0.20129341979777618
0.2018732294216355
0.20206178211859815
0.3688871591619967
0.17268127349554677
0.21125593864449196
0.31634096207518314
0.1638092443240807
0.17120691926092094
0.15881782678813613
0.15970646225390456
0.16264710996387186
0.3688935631014203
0.1595460243867765
0.1591204480662212
0.15902678035733053
0.3689280582025671
0.31633082419436565
0.19969292087893614
0.15863939732555662
0.18239256446811236
0.1807261440809203
0.1701091208299268
0.1692287517513779
0.16248607913719487
0.16221079939755917
0.15896448404219632
0.18086363043109763
0.15879212805977294
0.16977447327706716
0.15884398262588245
0.7108582172945312
0.5793346524807865
0.7108470315881991
0.395180412803104
0.5003686928547043
0.2900403826869695
0.5529893351601457
0.6582033886869865
0.211202305859054
0.6055905237396813
0.5003772928183533
0.15872721529371525
0.44772674627538234
0.6055963593860607
0.22482717674705896
0.200245104714665
0.16684090210045166
0.17237202616604613
0.19948608345568228
0.19245069312472854
0.18365259874258494
0.18641072086645702
0.1783203242294265
0.17287383611383644
0.17731704352319838
0.21825074987483747
0.22438671224332052
0.16172399341161856
0.16036309357713813
0.164867507887778
0.16190664511995326
0.163365742790909
0.1839660549732815
0.16376127388801293
0.16016252957633717
0.18591774460733104
0.15883590373843237
0.16675018804743033
0.4489555972474473
0.36882656551602666
0.31625533327925476
0.3642110753767816
0.31870400821872347
0.3886500474772168
0.4273395067173548
0.20960020236507293
0.2911294283263709
0.2668759929505937
0.1718779421725553
0.38293884732751976
0.36646809849898576
0.30386732820147266
0.25763477223205755
0.3060063133298668
0.3168027616693175
0.43754261077527923
0.26260527928781935
0.20634300534332134
0.38579320828739977
0.4305421233625638
0.3860784319759749
0.2646101694636648
0.2033573530429597
0.3644912009589185
0.20494043612384552
0.4325820820877997
0.43579076662743693
0.434040200950794
0.526517161659184
0.36886123358073264
0.15877899206770638
0.15886123240195676
0.44253053736636133
0.3125587284403859
0.36799248817889607
0.4040087715226251
0.17403154281893798
0.17329442354412503
0.16567503875408
0.25336676977728895
0.21641093688851037
0.1918924628264917
0.17032276148363373
0.3823990008405182
0.2602568330770133
0.28155341483556096
0.20231761201721488
0.1897902254835918
0.17851556847390934
0.3720638930343988
0.305981843555267
0.19354843890982903
0.29721266237827093
0.18618383687913992
0.3109928035939782
0.2849984493639895
0.29032259190802706
0.17979464234214013
0.3062950276266089
0.18386976999226948
0.1772754285746846
0.19041659317042
0.2934544422561661
0.18903129271636135
0.17193870255082958
0.1753837302980977
0.2568118010609171
0.16880686878447582
0.15873539596710348
0.15883590373843237
0.526657319026772
0.47405703296013296
0.36884464883882057
0.3162664235644308
0.31625962479568265
0.5266610239339299
0.16267137965409417
0.1623914416494373
0.15891595594624414
0.1491043373793557
0.1641802751923942
0.16861648473039248
0.16676766163903023
0.16093984096831096
0.1595881309158451
0.16115748467472912
0.15942941185414555
0.1675605741097014
0.16808193283232145
0.16706633579032384
0.16098258863124415
0.17873325659347744
0.15120425465493612
0.15584520624768355
0.16325279260471343
0.15228906756077265
0.17684731185767955
0.17314578930358085
0.17014576581779223
0.17254337153405186
0.1713395203352135
0.16936248567582649
0.21126357693682313
0.1590597747871624
0.15857457941767822
0.15862190856218897
0.254087251686295
0.2583789789817913
0.2846631204960522
0.257575226669564
0.2548886548221994
0.26384001183079975
0.16776691217105613
0.25416008937387924
0.16745663873292388
0.15917440236941383
0.15901091298554135
0.159075274217363
0.1591061391393732
0.41749376491805423
0.31591281787321873
0.36592578457709196
0.34468953985478634
0.3887788254052741
0.40357277510132833
0.366524090539999
0.3800445518800363
0.32418903512554714
0.32863508273356923
0.41355535330970766
0.4099231250809549
0.3387336759345683
0.335164075316024
0.32300555109144824
0.33397628539780627
0.3197529907372544
0.33070918126795484
0.406596769907326
0.33962600627804534
0.34171057746353395
0.3176844390268967
0.34260339925927435
0.32952423729993713
0.33041276677671483
0.33456989908025325
0.34200776906901426
0.1586388036728721
0.16971460317401676
0.15876887413615667
0.16222904100185356
0.18298509897973697
0.16142935705864725
0.16195445474840844
0.18588699952275645
0.16118281133480905
0.15871168923877385
0.16112991355848533
0.1656823948196406
0.19045694097689014
0.16342309097328608
0.18441771357166203
0.17574041326254372
0.17172234994225627
0.17413744043223572
0.18855363353553942
0.18604490275776345
0.18653252279584778
0.18753572992636824
0.17479815125920764
0.17547049567293255
0.16311177500780388
0.17160426615579805
0.5266800517030975
0.31623778932036195
0.36885360860908417
0.21109023094022927
0.47406173366872256
0.15854639264910492
0.5266437848153186
0.24952676811398403
0.29525475929125516
0.30623319215974565
0.21843372087483576
0.23690847536409754
0.23901558674731618
0.20293360928772355
0.2150064398432059
0.2110141333311589
0.20834405607757536
0.2045146253254407
0.1586143999945551
0.30143779202132925
0.2980614997513639
0.21060328674142736
0.20854576418209209
0.3053861199532491
0.30312720091211376
0.3017180629427865
0.1657525194950707
0.16441124968973758
0.16529749130347124
0.16375390189980138
0.16320443045511
0.16335798306818952
0.1635945441030488
0.6580900712382906
0.5002890589353929
0.16268777214626265
0.16240008066426012
1.0
0.9999875924446806
0.8421267368220087
0.8421228842317047
0.6842642995927344
0.6842462600835997
0.5265710768866496
0.6842579452390551
0.684244089899187
0.6695897275289696
0.06420389104994502
0.3161914741069955
0.2110744951139484
0.5602881303804133
0.44002505494710514
0.5953648606329797
0.15858207531685833
0.37018478033152374
0.3191356107296427
0.24209208483599287
0.2079549130298529
0.129971863334891
0.15815850813195392
0.2032571397565172
0.17601003974114265
0.07265921464710916
0.09426885896718121
0.3971186980059188
0.3767616671121033
0.26182274343923023
0.2871907328440876
0.30504228248636195
0.10460392880500048
0.4249921706087041
0.1149390196719655
0.3113059839010452
0.578452865652853
0.5878484184210553
0.4340745382135987
0.40087691888863175
0.40933291632308744
0.2730974050262962
0.28092703200175156
0.5721891638352042
0.5646727216272671
0.16139129877872208
0.4130911371937992
0.4196680240976932
0.30535546731068824
0.09990617697975458
0.2668337045236235
0.31506420486906267
0.2702787399481082
0.2837456975922635
0.12088951377294581
0.12402135794381514
0.31600375992329066
0.11775767343722862
0.16755405043479246
0.4102724714341435
0.16473538727145462
0.06858790730803817
0.0710933069918199
0.20576261856921468
0.12496090813880253
0.12746638563479706
0.1719386381526554
0.17381774508825837
0.16974634374274397
0.15909806177907684
0.16129035431447647
0.162543093202736
0.06576947169484877
0.06764842809385527
0.16313051657885777
0.1196367768830276
0.27215785022352507
0.06451690440512706
0.16120895665542198
0.16298055651279492
0.12433454051457378
0.4739498032023721
0.36877472340313466
0.31617261861955936
0.15858444715527253
0.21104852774511793
0.3687600326701248
0.47396677121661507
0.1590207303296408
0.15869073159549058
0.15879602475911378
0.15890571983686005
0.1586512193427017
0.15884956343385784
0.1695264019043324
0.1634000679556837
0.526770625180742
0.3689280582025671
0.26380210579387764
0.15892861790741572
0.1588520084521739
0.29006826443938016
0.15885538741026975
0.2900660829782107
0.16106414886060447
0.15918534640625148
0.15902555059110002
0.21125192853493793
0.3426107936872285
0.36891941750263096
0.16075420165942042
0.3162958298607601
0.21118041537649426
0.1606810252410271
0.1592734760508121
0.15869633202640068
0.15894939819953158
0.15887059396995867
0.5267657582192781
0.1647217581155581
0.15913518317899136
0.1643826394407312
0.15904571077200713
0.5266436301749592
0.500354783781467
0.5003474195405728
0.2666620983696591
0.23672952105388287
0.19668882689120573
0.18132545837502032
0.2148751548710067
0.1976179864967523
0.1663682814773706
0.17432071093678586
0.16038428192654094
0.21721096644693477
0.2300557026642661
0.17471332276694307
0.23096305003830558
0.2353362165342489
0.16628999212806755
0.19687050439389642
0.16590914221140565
0.21572198109760962
0.21636079202012332
0.4740895346514098
0.3689020721503008
0.31626487333875936
0.211191137244647
0.15892861790741572
0.15871650909032503
0.1587714093589986
0.4096746186389669
0.3688759783594959
0.3162881281390866
0.4007348694886931
0.3033679217113966
0.24190235471889907
0.17224707873449802
0.1859311693941981
0.210045656895399
0.20182268414877322
0.23463763256911474
0.40419106893679013
0.20497422906529209
0.20922410469711072
0.31087775491820546
0.3081851391685093
0.17116224970973784
0.1701056977880977
0.30470082680246874
0.30684521453865204
0.17163238036475081
0.16964952645202183
0.15968022875631932
0.1587732249567647
0.15892682144266537
0.15884398262588245
0.47407105836097446
0.5267055353411274
0.526714317354245
0.21936356305554125
0.15866443603052802
0.47408982797134014
0.36888505522630977
0.3163070086057114
0.211202305859054
0.15871650909032503
0.16290440853761534
0.16261389978996563
0.15939484634839488
0.168621646279978
0.16020680813993896
0.16390503254311636
0.16697252277541702
0.21161221614591016
0.23780617342561955
0.1682090598830097
0.16358982383472256
0.16128597892093754
0.15929563506091016
0.6582604693026042
0.4741231178245792
0.3426207995315563
0.44780391317544604
0.29012506710378905
0.2900794394671703
0.474135695802365
0.36896947264051605
0.5793411455808467
0.1601126229861744
0.15906642360693446
0.15890880470029037
0.15894939819953158
0.31636584924480193
0.1587877921333388
0.21126138826402566
0.6582319016984848
0.5004376198271354
0.18613211401301505
0.17571809688096143
0.1830787771076669
0.1670423091732127
0.16320404256197615
0.1703903359236404
0.16040561112756727
0.16255505322811106
0.1675323508894729
0.16970294624434734
0.18483757277107915
0.18498973818988365
0.16284248829797981
0.1629045894802841
0.16344527651994303
0.17093601938691325
0.15893208698082872
0.16248607913719487
0.15902584641322104
0.17214705102788985
0.163151757196135
0.17153541553608984
0.5266394396389857
0.3688233390684525
0.526631969824926
0.2110764525448654
0.3425628373142522
0.3688419413186887
0.2111920197883563
0.21115120291144232
0.12737618371731896
0.0997495823853941
0.12567169506984122
0.1275006579849313
0.08941986020765978
0.09246886124584555
0.09737930175717896
0.09400076542321226
0.09581150379084413
0.15904987253085717
0.15885538741026975
0.16242380766738668
0.16661102641321898
0.18384701253667554
0.1670061288300238
0.16077849865127675
0.211322764013192
0.1829067136424817
0.173815878835812
0.18695214162724813
0.19429705732183777
0.17144011363120124
0.15933751695721032
0.19761563108005795
0.5266502783810083
0.15923507130168613
0.18511548305714565
0.15934735815134005
0.15911399565002976
0.36892015177199344
0.5267247455882276
0.36891477644234044
0.26379302204815114
0.21127972661499947
0.4672721660989662
0.1659883376118194
0.3698716068833316
0.3034763875703857
0.3564046526628292
0.29502041188833833
0.26213598929392373
0.2583777749532637
0.227372471928399
0.17851564561742597
0.20294405541703825
0.21265278347495556
0.3028500201778794
0.17319152368808455
0.3629815367554292
0.34266681418029016
0.2901554925283256
0.6583096654745129
0.2900931334565805
0.44784455285632857
0.6056792445857698
0.1594166118409696
0.21156017471429225
0.21166504997250038
0.07538786849477537
0.15920235249202883
0.16159735152883098
0.11429058812610933
0.11486396035302374
0.15992370344902396
0.16071660265671733
0.15971451199126302
0.15926022600046044
0.21124477286567658
0.7108840493855707
0.5530259696352673
0.36889343084168574
0.21118535413784842
0.6582501502371857
0.26373947377951024
