1461.0 105.02272727272727
1515.0 95.01886792452831
1511.0 95.01923076923077
1488.0 95.01960784313725
1459.0 109.02325581395348
1475.0 95.0204081632653
1466.0 99.02127659574468
1464.0 103.02222222222223
1468.0 97.0204081632653
1486.0 95.02083333333333
1495.0 95.01960784313725
1468.0 100.0204081632653
1488.0 95.0204081632653
1491.0 95.02
1467.0 111.025
1476.0 97.02083333333333
1475.0 99.02173913043478
1483.0 97.02
1465.0 112.02325581395348
1461.0 109.02272727272727
1472.0 95.01960784313725
1469.0 97.01754385964912
1460.0 109.02439024390245
1971.0 95.01123595505618
1473.0 95.01818181818182
1963.0 95.01190476190476
1833.0 95.01219512195122
1826.0 95.01282051282051
1829.0 95.0126582278481
1830.0 95.01234567901234
1462.0 103.02083333333333
1650.0 95.01315789473684
1468.0 97.02083333333333
1466.0 101.02083333333333
1565.0 95.01408450704226
1638.0 95.01333333333334
1471.0 95.02
1500.0 95.01470588235294
1550.0 95.01428571428572
1465.0 103.02
1496.0 95.01515151515152
1484.0 95.01639344262296
1481.0 95.01666666666667
1461.0 103.02272727272727
1463.0 101.02173913043478
1818.0 95.01
1468.0 95.01612903225806
1719.0 95.01030927835052
1708.0 95.01162790697674
1629.0 95.01190476190476
1621.0 95.01315789473684
1548.0 95.01369863013699
1544.0 95.01408450704226
1481.0 95.01428571428572
1709.0 95.01098901098901
1474.0 95.01587301587301
1626.0 95.01234567901234
1477.0 95.01449275362319
1452.0 116.02380952380952
1454.0 111.02380952380952
1453.0 116.02325581395348
1460.0 104.02127659574468
1459.0 108.02083333333333
1465.0 100.02083333333333
1457.0 110.02173913043478
1448.0 114.02272727272727
1465.0 97.02083333333333
1452.0 112.02222222222223
1454.0 108.02222222222223
1467.0 95.0204081632653
1455.0 106.0204081632653
1450.0 112.02272727272727
1939.0 95.00719424460432
1821.0 95.00884955752213
1599.0 95.0111111111111
1648.0 95.01075268817205
1817.0 95.00925925925925
1779.0 95.00934579439253
1727.0 95.01010101010101
1744.0 95.00952380952381
1692.0 95.01041666666667
1652.0 95.01063829787235
1685.0 95.01052631578948
1909.0 95.0078125
1937.0 95.00746268656717
1537.0 95.01369863013699
1514.0 95.01388888888889
1578.0 95.01190476190476
1540.0 95.01298701298701
1560.0 95.0125
1729.0 95.00980392156863
1565.0 95.01219512195122
1510.0 95.01408450704226
1741.0 95.00970873786407
1474.0 95.01754385964912
1598.0 95.01149425287356
2770.0 95.00460829493088
1461.0 103.01886792452831
1463.0 101.01886792452831
2476.0 95.00568181818181
2312.0 95.00574712643679
2562.0 95.00487804878048
2696.0 95.00485436893204
1868.0 95.00813008130082
2209.0 95.00636942675159
2115.0 95.00653594771242
1644.0 95.01086956521739
2542.0 95.00526315789473
2484.0 95.00546448087432
2257.0 95.00625
2078.0 95.00714285714285
2265.0 95.00591715976331
2305.0 95.00584795321637
2731.0 95.0046511627907
2098.0 95.00671140939598
1852.0 95.00826446280992
2552.0 95.00515463917526
2707.0 95.00478468899522
2553.0 95.00510204081633
2106.0 95.00662251655629
1837.0 95.00854700854701
2477.0 95.00549450549451
1845.0 95.00833333333334
2714.0 95.00473933649289
2725.0 95.00467289719626
2719.0 95.00471698113208
1453.0 109.01612903225806
1459.0 103.02083333333333
1471.0 95.01851851851852
1477.0 95.01515151515152
2841.0 89.00645161290322
2426.0 89.00729927007299
2603.0 89.00714285714285
2718.0 89.00657894736842
1870.0 93.01408450704226
1955.0 91.0126582278481
1957.0 89.0126582278481
2237.0 89.00961538461539
2119.0 89.00980392156863
1940.0 93.01149425287356
1945.0 91.01369863013699
2649.0 89.00675675675676
2259.0 89.00892857142857
2327.0 89.00862068965517
2074.0 89.00990099009901
2034.0 89.01063829787235
1998.0 89.01075268817205
2616.0 89.00680272108843
2405.0 89.00763358778626
2046.0 89.01030927835052
2377.0 89.0078125
1918.0 93.01219512195122
2421.0 89.00740740740741
2338.0 89.00847457627118
2355.0 89.008
1893.0 93.01282051282051
2406.0 89.00746268656717
1909.0 93.01234567901234
1883.0 93.01333333333334
2036.0 89.01052631578948
2365.0 89.0079365079365
1929.0 93.01204819277109
1977.0 89.01149425287356
1988.0 89.01123595505618
2248.0 89.00925925925925
1967.0 89.01204819277109
1470.0 95.01785714285714
1474.0 95.01754385964912
1454.0 109.02127659574468
1461.0 107.02
1463.0 103.01886792452831
1467.0 101.01754385964912
1465.0 101.01818181818182
1457.0 109.02083333333333
1551.0 95.01234567901234
1547.0 95.01282051282051
1477.0 95.01724137931035
1651.0 94.01234567901234
1741.0 94.0111111111111
1616.0 95.01075268817205
1598.0 95.01219512195122
1524.0 95.01470588235294
1497.0 95.01515151515152
1528.0 95.01388888888889
1493.0 95.01538461538462
1606.0 95.01123595505618
1611.0 95.01098901098901
1601.0 95.01204819277109
1525.0 95.01408450704226
1814.0 94.009009009009
1665.0 94.01219512195122
1694.0 94.01136363636364
1736.0 94.01123595505618
1672.0 94.01204819277109
1805.0 94.00943396226415
1787.0 94.01
1772.0 94.01063829787235
1784.0 94.01030927835052
1778.0 94.01052631578948
1768.0 94.01098901098901
1469.0 97.0204081632653
1482.0 95.01666666666667
1464.0 95.01724137931035
1467.0 95.01639344262296
2122.0 94.0072463768116
2138.0 94.00666666666666
2234.0 94.00645161290322
2135.0 94.00699300699301
2125.0 94.00704225352112
2103.0 95.00555555555556
1608.0 95.0111111111111
2064.0 95.00564971751412
1605.0 95.01123595505618
1488.0 95.01298701298701
1483.0 95.01351351351352
1485.0 95.01333333333334
1486.0 95.01315789473684
2718.0 93.00564971751412
2379.0 93.00833333333334
2547.0 93.00666666666666
2476.0 93.00671140939598
2623.0 93.00625
2672.0 93.00621118012423
2549.0 93.00645161290322
2594.0 93.00636942675159
2407.0 93.0078125
2422.0 93.0077519379845
2705.0 93.00568181818181
2693.0 93.00584795321637
2456.0 93.00709219858156
2444.0 93.00714285714285
2403.0 93.0079365079365
2440.0 93.00729927007299
2392.0 93.00819672131148
2429.0 93.00735294117646
2682.0 93.00617283950618
2459.0 93.00699300699301
2466.0 93.00694444444444
2385.0 93.00826446280992
2469.0 93.00680272108843
2425.0 93.00763358778626
2428.0 93.00740740740741
2442.0 93.00719424460432
2467.0 93.0068493150685
1469.0 95.01515151515152
1626.0 95.00990099009901
1475.0 95.01388888888889
1545.0 95.01204819277109
1723.0 95.00869565217391
1533.0 95.01234567901234
1541.0 95.01219512195122
1741.0 95.00833333333334
1529.0 95.0125
1472.0 95.01492537313433
1528.0 95.01282051282051
1587.0 95.01149425287356
1768.0 95.00719424460432
1561.0 95.01162790697674
1732.0 95.00840336134453
1674.0 95.00884955752213
1643.0 95.00952380952381
1662.0 95.00934579439253
1757.0 95.0072463768116
1742.0 95.008
1745.0 95.00751879699249
1751.0 95.00735294117646
1667.0 95.0091743119266
1672.0 95.009009009009
1557.0 95.01176470588236
1642.0 95.00970873786407
1447.0 109.02325581395348
1453.0 101.02173913043478
1451.0 103.02272727272727
1456.0 97.02173913043478
1449.0 107.02272727272727
1458.0 95.02083333333333
1448.0 109.02173913043478
2045.0 95.00581395348837
2272.0 94.00534759358288
2311.0 94.00492610837438
1910.0 95.0060606060606
1992.0 95.0059880239521
2001.0 95.00588235294117
1835.0 95.00709219858156
1894.0 95.00632911392405
1875.0 95.00641025641026
1862.0 95.0068493150685
1843.0 95.00699300699301
1462.0 95.0204081632653
2294.0 94.00526315789473
2282.0 94.00531914893617
1873.0 95.00662251655629
1863.0 95.00671140939598
2308.0 94.00502512562814
2300.0 94.0050505050505
2295.0 94.0051282051282
1588.0 95.01052631578948
1573.0 95.01123595505618
1583.0 95.01098901098901
1565.0 95.01190476190476
1558.0 95.01234567901234
1560.0 95.01219512195122
1563.0 95.01204819277109
1450.0 114.01818181818182
1454.0 108.01886792452831
1551.0 95.01298701298701
1547.0 95.01315789473684
1428.0 127.01587301587301
1431.0 127.01538461538462
1432.0 121.01492537313433
1435.0 121.01470588235294
1436.0 115.01428571428572
1445.0 115.01298701298701
1451.0 109.01851851851852
1439.0 115.01388888888889
1442.0 115.01315789473684
3566.0 89.00492610837438
1633.0 89.01818181818182
1461.0 101.01724137931035
1463.0 97.01724137931035
3217.0 89.00531914893617
2833.0 89.00534759358288
3329.0 89.0049504950495
1465.0 95.01666666666667
2610.0 89.00602409638554
2447.0 89.00613496932516
2201.0 89.00735294117646
2092.0 89.00757575757575
1843.0 89.00925925925925
1933.0 89.009009009009
2077.0 89.00787401574803
1990.0 89.0079365079365
1660.0 89.0125
1729.0 89.01123595505618
2696.0 89.00591715976331
2631.0 89.00595238095238
2264.0 89.00709219858156
2345.0 89.00653594771242
2402.0 89.00641025641026
1762.0 89.01063829787235
2785.0 89.00546448087432
1795.0 89.01041666666667
2422.0 89.00628930817611
3275.0 89.0050505050505
3305.0 89.00502512562814
2814.0 89.00537634408602
2708.0 89.00578034682081
2735.0 89.00574712643679
2300.0 89.00680272108843
2325.0 89.00675675675676
3255.0 89.00518134715026
3231.0 89.00520833333333
1532.0 95.01333333333334
2747.0 89.00555555555556
2768.0 89.00552486187846
2403.0 89.00632911392405
1747.0 89.0111111111111
2280.0 89.00704225352112
2434.0 89.00625
2291.0 89.00694444444444
2334.0 89.00671140939598
1814.0 89.00980392156863
1824.0 89.00961538461539
2437.0 89.00617283950618
1804.0 89.01010101010101
1963.0 89.00847457627118
2738.0 89.00561797752809
1954.0 89.00862068965517
1647.0 89.01351351351352
1655.0 89.0126582278481
2085.0 89.00769230769231
1827.0 89.00943396226415
1835.0 89.00934579439253
1977.0 89.00826446280992
1983.0 89.008
1970.0 89.00833333333334
1936.0 89.00892857142857
1943.0 89.00877192982456
1947.0 89.00869565217391
1638.0 89.015625
1644.0 89.01428571428572
1557.0 95.0125
1810.0 89.00990099009901
2297.0 89.00689655172414
1634.0 89.01694915254237
1529.0 95.01351351351352
1555.0 95.0126582278481
1825.0 89.00952380952381
1458.0 107.01666666666667
1459.0 103.01754385964912
1462.0 101.01612903225806
1466.0 95.01587301587301
1464.0 97.015625
1460.0 103.01666666666667
1457.0 107.01754385964912
1483.0 95.01388888888889
1471.0 95.01515151515152
1475.0 95.01492537313433
1479.0 95.01449275362319
1469.0 95.015625
1477.0 95.01470588235294
1623.0 95.01612903225806
1559.0 95.01694915254237
1457.0 109.025
1461.0 103.02272727272727
1469.0 99.0204081632653
1476.0 95.01886792452831
1473.0 95.01923076923077
1468.0 100.0204081632653
1472.0 95.0204081632653
1467.0 100.02083333333333
1525.0 95.01724137931035
1485.0 95.01754385964912
1480.0 95.01785714285714
1470.0 97.01923076923077
1464.0 102.02083333333333
1460.0 103.02272727272727
1520.0 95.01639344262296
1463.0 101.0204081632653
1465.0 97.02
1518.0 95.01785714285714
1487.0 95.01818181818182
1467.0 95.01923076923077
1477.0 95.01851851851852
1474.0 95.01886792452831
1459.0 109.02439024390245
1576.0 95.01315789473684
1485.0 95.015625
1572.0 95.01351351351352
1482.0 95.01612903225806
1451.0 109.02127659574468
1452.0 108.02173913043478
1453.0 108.02127659574468
2114.0 95.009009009009
1991.0 95.00909090909092
1802.0 95.01098901098901
1712.0 95.0111111111111
1893.0 95.01052631578948
1807.0 95.01063829787235
1594.0 95.01204819277109
1663.0 95.01149425287356
1514.0 95.01470588235294
1904.0 95.00980392156863
1962.0 95.00970873786407
1666.0 95.01123595505618
1966.0 95.00943396226415
1985.0 95.00925925925925
1593.0 95.01282051282051
1803.0 95.01075268817205
1589.0 95.01298701298701
1897.0 95.01030927835052
1900.0 95.01020408163265
1459.0 107.02173913043478
1461.0 103.02173913043478
1463.0 101.01923076923077
1465.0 97.0204081632653
1476.0 95.01886792452831
1467.0 95.02
1470.0 95.01923076923077
2635.0 95.00757575757575
1462.0 103.0204081632653
2303.0 95.008
2604.0 95.00769230769231
2255.0 95.00884955752213
2013.0 95.00892857142857
1647.0 95.01075268817205
1741.0 95.01030927835052
1870.0 95.00980392156863
1829.0 95.01020408163265
1982.0 95.00909090909092
2616.0 95.00763358778626
1845.0 95.01
1866.0 95.00990099009901
2283.0 95.00806451612904
2273.0 95.00813008130082
1638.0 95.01149425287356
1629.0 95.01176470588236
2260.0 95.00847457627118
2268.0 95.00840336134453
1642.0 95.01086956521739
1625.0 95.01190476190476
1500.0 95.01369863013699
1474.0 95.01515151515152
1480.0 95.01408450704226
1477.0 95.01449275362319
1458.0 107.02127659574468
1456.0 109.02272727272727
1455.0 109.02325581395348
1914.0 95.00934579439253
1469.0 95.01612903225806
1457.0 107.02222222222223
1459.0 103.02173913043478
1463.0 101.02083333333333
1465.0 97.02083333333333
1467.0 95.02
1554.0 95.0126582278481
1550.0 95.01298701298701
1489.0 95.02
1615.0 95.01538461538462
1508.0 95.01960784313725
1565.0 95.01785714285714
1599.0 95.01639344262296
1484.0 97.02083333333333
1482.0 98.02127659574468
1611.0 95.01612903225806
1561.0 95.01818181818182
1528.0 95.01886792452831
1486.0 95.0204081632653
1456.0 114.02380952380952
1458.0 107.02325581395348
1466.0 102.0204081632653
1463.0 106.02127659574468
1472.0 100.0204081632653
1468.0 100.02083333333333
1462.0 107.02272727272727
1464.0 103.02325581395348
1461.0 111.02272727272727
1507.0 95.01785714285714
1481.0 95.01818181818182
1475.0 95.01923076923077
1477.0 95.01851851851852
1465.0 101.02222222222223
1469.0 95.02083333333333
1467.0 97.02173913043478
1459.0 114.02222222222223
1462.0 108.02272727272727
1742.0 95.01190476190476
1673.0 95.01369863013699
1723.0 95.01282051282051
1600.0 95.01515151515152
1557.0 95.01538461538462
1631.0 95.01388888888889
1513.0 95.01754385964912
1548.0 95.01639344262296
1605.0 95.01428571428572
1625.0 95.01408450704226
1734.0 95.0126582278481
1735.0 95.01219512195122
1552.0 95.01612903225806
1553.0 95.015625
1561.0 95.0125
1636.0 95.01204819277109
1480.0 95.01428571428572
1548.0 95.01369863013699
1483.0 95.01408450704226
1646.0 95.01176470588236
1557.0 95.01333333333334
1641.0 95.01190476190476
1450.0 109.02127659574468
1454.0 103.02083333333333
1451.0 109.02083333333333
1461.0 97.01851851851852
1459.0 102.02083333333333
1458.0 103.0204081632653
1470.0 97.01694915254237
1467.0 97.01754385964912
1798.0 91.01515151515152
1698.0 91.01612903225806
1792.0 91.01538461538462
1656.0 93.02
1658.0 91.01886792452831
1670.0 91.01851851851852
1689.0 91.01666666666667
1676.0 91.01754385964912
1683.0 91.01694915254237
1479.0 95.02
1472.0 95.0204081632653
1547.0 95.01408450704226
1596.0 95.01388888888889
1728.0 95.01162790697674
1600.0 95.01369863013699
1521.0 95.01515151515152
1472.0 97.0204081632653
1722.0 95.01219512195122
1659.0 95.01234567901234
1747.0 95.01136363636364
1789.0 95.01123595505618
1640.0 95.01298701298701
1488.0 95.01923076923077
1807.0 95.01052631578948
1459.0 109.02
1809.0 93.01282051282051
1474.0 96.02
1489.0 95.01818181818182
1481.0 95.02
1463.0 103.02173913043478
1457.0 109.02325581395348
1461.0 103.02222222222223
1466.0 99.02173913043478
1468.0 97.02173913043478
2920.0 89.00826446280992
1958.0 89.015625
2609.0 89.00862068965517
2397.0 89.01030927835052
2566.0 89.0091743119266
2370.0 89.01176470588236
2265.0 89.01204819277109
2253.0 89.01234567901234
2154.0 89.01282051282051
1998.0 89.01351351351352
2076.0 89.01315789473684
2107.0 89.01298701298701
2395.0 89.01052631578948
1981.0 89.01408450704226
2587.0 89.00884955752213
1467.0 102.02173913043478
1474.0 100.0204081632653
1460.0 114.025
1469.0 100.02083333333333
1465.0 106.02222222222223
1462.0 112.02380952380952
1489.0 95.02083333333333
1481.0 97.02173913043478
1486.0 97.02083333333333
1599.0 91.02173913043478
1483.0 95.02083333333333
1533.0 95.01886792452831
1567.0 93.02173913043478
1572.0 93.0204081632653
1502.0 95.01960784313725
1518.0 95.01923076923077
1497.0 95.02
1485.0 95.0204081632653
1468.0 97.0204081632653
1455.0 116.02439024390245
1459.0 110.02272727272727
1460.0 103.02173913043478
1464.0 97.02083333333333
1457.0 114.02325581395348
1462.0 99.02173913043478
