0.14074074074074075 0.3458432304038004 
0.13703703703703704 0.35391923990498814 
0.17037037037037037 0.35391923990498814 
0.21296296296296297 0.3429064996760959 
0.2037037037037037 0.3458432304038004 
0.17407407407407408 0.34943256795988376 
0.20925925925925926 0.3429064996760959 
0.13333333333333333 0.35391923990498814 
0.14814814814814814 0.34943256795988376 
0.17592592592592593 0.3458432304038004 
0.12962962962962962 0.35391923990498814 
0.1962962962962963 0.3429064996760959 
0.14444444444444443 0.34943256795988376 
0.17407407407407408 0.3458432304038004 
0.1537037037037037 1.0 
0.2722222222222222 0.3404592240696753 
0.18518518518518517 0.35391923990498814 
0.2111111111111111 0.3429064996760959 
0.18703703703703703 0.34943256795988376 
0.20185185185185187 0.3458432304038004 
0.14814814814814814 1.0 
0.47962962962962963 0.33148588017946684 
0.1962962962962963 0.3458432304038004 
0.15 0.9955133280548957 
0.4074074074074074 0.33661350525958594 
0.29814814814814816 0.3383884524027041 
0.22962962962962963 0.3404592240696753 
0.22037037037037038 0.3429064996760959 
0.3425925925925926 0.3383884524027041 
0.17037037037037037 0.3596878181201223 
0.17777777777777778 0.3458432304038004 
0.32407407407407407 0.3404592240696753 
0.17407407407407408 0.34943256795988376 
0.17962962962962964 0.35391923990498814 
0.31296296296296294 0.33148588017946684 
0.21481481481481482 0.3404592240696753 
0.25925925925925924 0.3383884524027041 
0.18333333333333332 0.34943256795988376 
0.29259259259259257 0.3350752177355502 
0.3074074074074074 0.333729216152019 
0.17592592592592593 0.34943256795988376 
0.6037037037037037 0.328222846037573 
0.5796296296296296 0.32969121140142515 
0.32222222222222224 0.330541317664708 
0.24259259259259258 0.3350752177355502 
0.22037037037037038 0.3429064996760959 
0.22407407407407406 0.3404592240696753 
0.31851851851851853 0.33148588017946684 
0.1685185185185185 0.3429064996760959 
0.12777777777777777 0.34943256795988376 
0.14074074074074075 0.3458432304038004 
0.15185185185185185 0.34943256795988376 
0.4777777777777778 0.3289220676394073 
0.35555555555555557 0.33254156769596194 
0.46111111111111114 0.330541317664708 
0.2 0.33661350525958594 
0.27037037037037037 0.3350752177355502 
0.29444444444444445 0.333729216152019 
0.17962962962962964 0.3458432304038004 
0.18518518518518517 0.3429064996760959 
0.1925925925925926 0.3404592240696753 
0.1962962962962963 0.3383884524027041 
0.4685185185185185 0.32969121140142515 
0.13703703703703704 0.35391923990498814 
0.22777777777777777 0.3458432304038004 
0.14074074074074075 0.34943256795988376 
0.16296296296296298 0.34943256795988376 
0.4759259259259259 0.33148588017946684 
0.3574074074074074 0.33254156769596194 
0.3351851851851852 0.33661350525958594 
0.22037037037037038 0.3383884524027041 
0.2074074074074074 0.3429064996760959 
0.21481481481481482 0.3404592240696753 
0.7574074074074074 0.32699920823436274 
0.15 0.3429064996760959 
0.3277777777777778 0.33254156769596194 
0.5314814814814814 0.33148588017946684 
0.6037037037037037 0.328222846037573 
0.18333333333333332 0.3404592240696753 
0.2611111111111111 0.3383884524027041 
0.26666666666666666 0.33661350525958594 
0.3111111111111111 0.3350752177355502 
0.32592592592592595 0.333729216152019 
0.5537037037037037 0.32969121140142515 
0.5796296296296296 0.3289220676394073 
0.5370370370370371 0.330541317664708 
0.15555555555555556 0.34943256795988376 
0.34629629629629627 0.330541317664708 
0.1925925925925926 0.3404592240696753 
0.25925925925925924 0.33254156769596194 
0.22037037037037038 0.3383884524027041 
0.25555555555555554 0.3350752177355502 
0.30925925925925923 0.33148588017946684 
0.14629629629629629 0.3596878181201223 
0.3111111111111111 0.330541317664708 
0.15 0.34943256795988376 
0.26481481481481484 0.3383884524027041 
0.2111111111111111 0.3404592240696753 
0.18703703703703703 0.3429064996760959 
0.28888888888888886 0.33254156769596194 
0.2759259259259259 0.3350752177355502 
0.30925925925925923 0.33148588017946684 
0.13148148148148148 1.0 
0.5 0.3275844263141589 
0.15185185185185185 0.35391923990498814 
0.13518518518518519 0.9955133280548957 
0.36666666666666664 0.330541317664708 
0.4685185185185185 0.32969121140142515 
0.31851851851851853 0.3350752177355502 
0.16666666666666666 0.3458432304038004 
0.24074074074074073 0.3429064996760959 
0.26666666666666666 0.33661350525958594 
0.3592592592592593 0.33148588017946684 
0.24444444444444444 0.3404592240696753 
0.4759259259259259 0.3289220676394073 
0.4925925925925926 0.328222846037573 
0.15 0.35391923990498814 
0.5296296296296297 0.32969121140142515 
0.20925925925925926 0.3429064996760959 
0.44074074074074077 0.330541317664708 
0.25555555555555554 0.33661350525958594 
0.1537037037037037 0.34943256795988376 
0.31296296296296294 0.33254156769596194 
0.4166666666666667 0.33148588017946684 
0.22037037037037038 0.3383884524027041 
0.30185185185185187 0.3350752177355502 
0.3055555555555556 0.333729216152019 
0.18703703703703703 0.34943256795988376 
0.6481481481481481 0.32699920823436274 
0.3925925925925926 0.330541317664708 
0.5962962962962963 0.3289220676394073 
0.2 0.3458432304038004 
0.2611111111111111 0.3404592240696753 
0.337037037037037 0.33148588017946684 
0.26666666666666666 0.3383884524027041 
0.3148148148148148 0.33254156769596194 
0.3 0.33661350525958594 
0.3037037037037037 0.3350752177355502 
0.6148148148148148 0.3275844263141589 
0.6018518518518519 0.328222846037573 
0.1814814814814815 0.35391923990498814 
0.22592592592592592 0.3429064996760959 
0.19814814814814816 0.3458432304038004 
0.18518518518518517 0.34943256795988376 
0.07037037037037037 0.34943256795988376 
0.07592592592592592 0.022802850356294598 
0.07222222222222222 0.3458432304038004 
0.13333333333333333 0.34943256795988376 
0.5185185185185185 0.32699920823436274 
0.20925925925925926 0.3383884524027041 
0.29074074074074074 0.33661350525958594 
0.32222222222222224 0.33148588017946684 
0.4111111111111111 0.32969121140142515 
0.48333333333333334 0.3275844263141589 
0.14629629629629629 0.3429064996760959 
0.17592592592592593 0.3404592240696753 
0.14074074074074075 0.3458432304038004 
0.3037037037037037 0.3350752177355502 
0.30925925925925923 0.33254156769596194 
0.4185185185185185 0.3289220676394073 
0.45925925925925926 0.328222846037573 
0.15555555555555556 0.35391923990498814 
0.46111111111111114 0.32646080760095014 
0.16296296296296298 0.3404592240696753 
0.1574074074074074 0.34943256795988376 
0.2111111111111111 0.3383884524027041 
0.26851851851851855 0.33661350525958594 
0.36666666666666664 0.3275844263141589 
0.42407407407407405 0.32699920823436274 
0.3277777777777778 0.330541317664708 
0.2962962962962963 0.33148588017946684 
0.2814814814814815 0.3350752177355502 
0.2833333333333333 0.33254156769596194 
0.34444444444444444 0.3289220676394073 
0.812962962962963 0.325963822400877 
0.10185185185185185 0.35391923990498814 
0.11666666666666667 0.34943256795988376 
0.6648148148148149 0.3275844263141589 
0.8055555555555556 0.32646080760095014 
0.5314814814814814 0.328222846037573 
0.29814814814814816 0.33254156769596194 
0.16666666666666666 0.3458432304038004 
0.4111111111111111 0.33148588017946684 
0.2462962962962963 0.3383884524027041 
0.29444444444444445 0.333729216152019 
0.21296296296296297 0.3429064996760959 
0.42777777777777776 0.32969121140142515 
0.5111111111111111 0.3289220676394073 
0.23333333333333334 0.3404592240696753 
0.42592592592592593 0.330541317664708 
0.6314814814814815 0.325963822400877 
0.11481481481481481 0.3429064996760959 
0.5074074074074074 0.333729216152019 
0.55 0.32699920823436274 
0.5351851851851852 0.330541317664708 
0.5722222222222222 0.32646080760095014 
0.5296296296296297 0.33148588017946684 
0.3685185185185185 0.3289220676394073 
0.12962962962962962 0.34943256795988376 
0.17037037037037037 0.3404592240696753 
0.2759259259259259 0.32969121140142515 
0.20925925925925926 0.3383884524027041 
0.2222222222222222 0.33254156769596194 
0.2111111111111111 0.333729216152019 
0.26481481481481484 0.33148588017946684 
0.26851851851851855 0.330541317664708 
0.12777777777777777 0.35391923990498814 
0.29259259259259257 0.3289220676394073 
0.19814814814814816 0.3429064996760959 
0.1388888888888889 0.3458432304038004 
0.22407407407407406 0.3383884524027041 
0.25555555555555554 0.33254156769596194 
0.13148148148148148 0.34943256795988376 
0.23148148148148148 0.33661350525958594 
0.25925925925925924 0.330541317664708 
0.2777777777777778 0.32969121140142515 
0.15925925925925927 0.34943256795988376 
0.8740740740740741 0.32430720506730004 
0.1925925925925926 0.3404592240696753 
0.2796296296296296 0.330541317664708 
0.5055555555555555 0.32969121140142515 
0.2518518518518518 0.33661350525958594 
0.7333333333333333 0.325503650919328 
0.8537037037037037 0.3250763488293179 
0.6166666666666667 0.325963822400877 
0.2611111111111111 0.33254156769596194 
0.1962962962962963 0.3383884524027041 
0.5462962962962963 0.3289220676394073 
0.587037037037037 0.32646080760095014 
0.5685185185185185 0.3275844263141589 
0.26851851851851855 0.33148588017946684 
0.8666666666666667 0.32467851584896384 
0.1259259259259259 0.3429064996760959 
0.23148148148148148 0.32969121140142515 
0.17962962962962964 0.33661350525958594 
0.14074074074074075 0.3383884524027041 
0.1962962962962963 0.33148588017946684 
0.2037037037037037 0.330541317664708 
0.13148148148148148 0.3404592240696753 
0.13148148148148148 0.3458432304038004 
0.48518518518518516 0.32646080760095014 
0.22592592592592592 0.3383884524027041 
0.1814814814814815 0.3429064996760959 
0.3074074074074074 0.3289220676394073 
0.4666666666666667 0.3275844263141589 
0.3888888888888889 0.328222846037573 
0.2796296296296296 0.33661350525958594 
0.3037037037037037 0.33148588017946684 
0.29444444444444445 0.33254156769596194 
0.28703703703703703 0.3350752177355502 
0.12777777777777777 0.3458432304038004 
0.7314814814814815 0.325963822400877 
0.35 0.330541317664708 
0.49444444444444446 0.32969121140142515 
0.23333333333333334 0.33254156769596194 
0.524074074074074 0.328222846037573 
0.6333333333333333 0.3275844263141589 
0.3314814814814815 0.33148588017946684 
0.15925925925925927 0.33661350525958594 
0.13703703703703704 0.3429064996760959 
0.2111111111111111 0.3350752177355502 
0.14444444444444443 0.3404592240696753 
0.6462962962962963 0.32699920823436274 
0.15185185185185185 0.3383884524027041 
0.7 0.32646080760095014 
0.2222222222222222 0.333729216152019 
0.5185185185185185 0.3289220676394073 
0.31666666666666665 0.32969121140142515 
0.10740740740740741 0.34943256795988376 
0.1388888888888889 0.3383884524027041 
0.19814814814814816 0.33254156769596194 
0.2574074074074074 0.330541317664708 
0.1537037037037037 0.33661350525958594 
0.25 0.33148588017946684 
0.26851851851851855 0.330541317664708 
0.11296296296296296 0.3458432304038004 
0.14074074074074075 0.3429064996760959 
0.1925925925925926 0.3404592240696753 
0.22777777777777777 0.33254156769596194 
0.26296296296296295 0.33148588017946684 
0.21296296296296297 0.3383884524027041 
0.21666666666666667 0.33661350525958594 
0.22407407407407406 0.333729216152019 
0.14074074074074075 0.34943256795988376 
0.562962962962963 0.325963822400877 
0.17962962962962964 0.33148588017946684 
0.5537037037037037 0.32699920823436274 
0.2814814814814815 0.3289220676394073 
0.16111111111111112 0.3458432304038004 
0.23333333333333334 0.330541317664708 
0.2740740740740741 0.32969121140142515 
0.13148148148148148 0.34943256795988376 
0.37777777777777777 0.32699920823436274 
0.27037037037037037 0.330541317664708 
0.13333333333333333 0.3458432304038004 
0.22407407407407406 0.33661350525958594 
0.17592592592592593 0.3404592240696753 
0.1814814814814815 0.3383884524027041 
0.2388888888888889 0.33148588017946684 
0.22962962962962963 0.333729216152019 
0.1037037037037037 0.35391923990498814 
0.3055555555555556 0.32969121140142515 
0.10555555555555556 0.3458432304038004 
0.21666666666666667 0.3383884524027041 
0.2759259259259259 0.33661350525958594 
0.2833333333333333 0.33254156769596194 
0.28888888888888886 0.33148588017946684 
0.3 0.330541317664708 
0.5685185185185185 0.32699920823436274 
0.12407407407407407 1.0 
0.12777777777777777 0.9955133280548957 
0.14074074074074075 0.35391923990498814 
0.3074074074074074 0.330541317664708 
0.43148148148148147 0.3289220676394073 
0.48148148148148145 0.3275844263141589 
0.2777777777777778 0.3383884524027041 
0.20185185185185187 0.3404592240696753 
0.15 0.3458432304038004 
0.4388888888888889 0.328222846037573 
0.28888888888888886 0.33254156769596194 
0.3 0.33148588017946684 
0.1425925925925926 0.34943256795988376 
0.12407407407407407 0.3458432304038004 
0.9648148148148148 0.3233282948247319 
0.4185185185185185 0.33254156769596194 
0.12962962962962962 0.3429064996760959 
0.7962962962962963 0.32363420427553447 
0.662962962962963 0.32430720506730004 
0.7888888888888889 0.3239598498199372 
0.44074074074074077 0.3289220676394073 
0.5814814814814815 0.3250763488293179 
0.6518518518518519 0.32467851584896384 
0.43703703703703706 0.330541317664708 
0.4925925925925926 0.328222846037573 
0.5259259259259259 0.32646080760095014 
0.5574074074074075 0.325963822400877 
0.5018518518518519 0.3275844263141589 
0.512962962962963 0.32699920823436274 
0.5648148148148148 0.325503650919328 
0.34074074074074073 0.32969121140142515 
0.13333333333333333 0.34943256795988376 
0.21481481481481482 0.3383884524027041 
0.16666666666666666 0.3404592240696753 
0.29814814814814816 0.33661350525958594 
0.1425925925925926 0.3458432304038004 
0.32222222222222224 0.33148588017946684 
0.3148148148148148 0.333729216152019 
0.3074074074074074 0.3350752177355502 
0.3333333333333333 0.330541317664708 
0.12222222222222222 0.34943256795988376 
0.37962962962962965 0.32646080760095014 
0.14074074074074075 0.3429064996760959 
0.2222222222222222 0.3404592240696753 
0.25 0.333729216152019 
0.3148148148148148 0.32969121140142515 
0.12407407407407407 0.3458432304038004 
0.3648148148148148 0.32699920823436274 
0.22407407407407406 0.3383884524027041 
0.2851851851851852 0.330541317664708 
0.26851851851851855 0.33148588017946684 
0.26296296296296295 0.33254156769596194 
0.12962962962962962 0.35391923990498814 
0.9314814814814815 0.3227689175432643 
0.18518518518518517 0.3404592240696753 
0.6259259259259259 0.32430720506730004 
0.7574074074074074 0.32363420427553447 
0.14444444444444443 0.3458432304038004 
0.8888888888888888 0.3233282948247319 
0.23333333333333334 0.33661350525958594 
0.2814814814814815 0.330541317664708 
0.5981481481481481 0.3250763488293179 
0.13518518518518519 0.34943256795988376 
0.3296296296296296 0.32969121140142515 
0.4111111111111111 0.3289220676394073 
0.2740740740740741 0.333729216152019 
0.5314814814814814 0.325503650919328 
0.27037037037037037 0.3350752177355502 
0.5074074074074074 0.325963822400877 
0.4537037037037037 0.328222846037573 
0.4703703703703704 0.3275844263141589 
0.912962962962963 0.3230403800475059 
0.7074074074074074 0.3250763488293179 
0.04259259259259259 0.35391923990498814 
0.12777777777777777 0.3429064996760959 
0.05185185185185185 0.34943256795988376 
0.2222222222222222 0.3383884524027041 
0.4222222222222222 0.325963822400877 
0.5740740740740741 0.325503650919328 
0.2740740740740741 0.3275844263141589 
0.36666666666666664 0.32699920823436274 
0.23703703703703705 0.33148588017946684 
0.22592592592592592 0.3350752177355502 
0.37037037037037035 0.32646080760095014 
0.25555555555555554 0.3289220676394073 
0.24444444444444444 0.330541317664708 
0.12037037037037036 0.3404592240696753 
0.4703703703703704 0.3250763488293179 
0.17777777777777778 0.3350752177355502 
0.31666666666666665 0.325963822400877 
0.4537037037037037 0.325503650919328 
0.20925925925925926 0.32969121140142515 
0.2388888888888889 0.3275844263141589 
0.3055555555555556 0.32646080760095014 
0.15555555555555556 0.3383884524027041 
0.17407407407407408 0.33661350525958594 
0.22407407407407406 0.3289220676394073 
0.2351851851851852 0.328222846037573 
0.05740740740740741 0.3458432304038004 
0.65 0.32363420427553447 
0.14444444444444443 0.3404592240696753 
0.4740740740740741 0.3239598498199372 
0.15 0.3350752177355502 
0.08888888888888889 0.3429064996760959 
0.26851851851851855 0.328222846037573 
0.3611111111111111 0.32699920823436274 
0.3925925925925926 0.3250763488293179 
0.45555555555555555 0.32467851584896384 
0.17037037037037037 0.330541317664708 
0.1574074074074074 0.33254156769596194 
0.21666666666666667 0.32969121140142515 
0.22407407407407406 0.3289220676394073 
0.37962962962962965 0.32646080760095014 
0.15925925925925927 0.33148588017946684 
0.3851851851851852 0.325503650919328 
0.45740740740740743 0.32430720506730004 
0.011111111111111112 0.03087885985748222 
0.014814814814814815 0.026392187912377987 
0.05555555555555555 0.3429064996760959 
0.037037037037037035 0.35391923990498814 
0.044444444444444446 0.34943256795988376 
0.7592592592592593 0.32430720506730004 
0.11851851851851852 0.9919239904988122 
0.15555555555555556 0.3458432304038004 
0.3888888888888889 0.32467851584896384 
0.22407407407407406 0.330541317664708 
0.3074074074074074 0.32969121140142515 
0.32592592592592595 0.3275844263141589 
0.34629629629629627 0.32699920823436274 
0.16296296296296298 0.3383884524027041 
0.20555555555555555 0.333729216152019 
0.37777777777777777 0.325963822400877 
0.3592592592592593 0.32646080760095014 
0.17592592592592593 0.33661350525958594 
0.1925925925925926 0.3350752177355502 
0.30925925925925923 0.3289220676394073 
0.31851851851851853 0.328222846037573 
0.3814814814814815 0.3250763488293179 
0.0962962962962963 0.3383884524027041 
0.6462962962962963 0.32363420427553447 
0.46296296296296297 0.32430720506730004 
0.6388888888888888 0.3239598498199372 
0.17962962962962964 0.32969121140142515 
0.31666666666666665 0.3289220676394073 
0.1537037037037037 0.3350752177355502 
0.34444444444444444 0.325503650919328 
0.16111111111111112 0.33254156769596194 
0.43148148148148147 0.3250763488293179 
0.3277777777777778 0.328222846037573 
0.337037037037037 0.325963822400877 
0.17037037037037037 0.330541317664708 
0.44074074074074077 0.32467851584896384 
0.07037037037037037 0.3458432304038004 
0.6796296296296296 0.322270013481415 
0.1648148148148148 0.3383884524027041 
0.22407407407407406 0.32969121140142515 
0.36666666666666664 0.3275844263141589 
0.17777777777777778 0.333729216152019 
0.524074074074074 0.3233282948247319 
0.6518518518518519 0.3230403800475059 
0.1962962962962963 0.33254156769596194 
0.39444444444444443 0.3250763488293179 
0.44814814814814813 0.32467851584896384 
0.21296296296296297 0.330541317664708 
0.37407407407407406 0.32699920823436274 
0.387037037037037 0.325503650919328 
0.6759259259259259 0.3227689175432643 
0.5 0.32363420427553447 
0.4685185185185185 0.32430720506730004 
0.48148148148148145 0.3239598498199372 
0.05185185185185185 0.3458432304038004 
0.9777777777777777 0.3230403800475059 
0.1388888888888889 0.35391923990498814 
0.20925925925925926 0.33661350525958594 
0.1425925925925926 0.3458432304038004 
0.7518518518518519 0.3233282948247319 
0.5370370370370371 0.3250763488293179 
0.6648148148148149 0.32467851584896384 
0.32222222222222224 0.333729216152019 
0.2740740740740741 0.3350752177355502 
0.4740740740740741 0.325503650919328 
0.4166666666666667 0.32646080760095014 
0.32592592592592595 0.33148588017946684 
0.6814814814814815 0.32430720506730004 
0.7333333333333333 0.3239598498199372 
0.37407407407407406 0.3275844263141589 
0.3351851851851852 0.32969121140142515 
0.3425925925925926 0.3289220676394073 
0.39814814814814814 0.32699920823436274 
0.7425925925925926 0.32363420427553447 
0.575925925925926 0.32467851584896384 
0.06851851851851852 0.3458432304038004 
0.12777777777777777 0.3404592240696753 
0.16111111111111112 0.333729216152019 
0.32222222222222224 0.325963822400877 
0.4666666666666667 0.325503650919328 
0.2388888888888889 0.32969121140142515 
0.17962962962962964 0.33148588017946684 
0.4740740740740741 0.3250763488293179 
0.25555555555555554 0.32699920823436274 
0.29814814814814816 0.32646080760095014 
0.0 0.026392187912377987 
0.5962962962962963 0.0012668250197941365 
0.2222222222222222 0.005881687591901347 
0.4388888888888889 0.0051824659900669605 
0.07777777777777778 0.015348072355198335 
0.018518518518518517 0.019866119628589946 
0.4703703703703704 0.002035968781812005 
0.5722222222222222 0.0016381358014579252 
0.003703703703703704 0.022802850356294598 
0.12222222222222222 0.013573125212080176 
0.13703703703703704 0.012034837688044439 
0.15185185185185185 0.009501187648456023 
0.17037037037037037 0.007500937617202236 
0.20555555555555555 0.006650831353919216 
0.15555555555555556 0.008445500131960909 
0.4425925925925926 0.004544046266652993 
0.46111111111111114 0.003958828186856676 
0.4666666666666667 0.0024632708718220274 
0.46296296296296297 0.0034204275534442255 
0.06111111111111111 0.35391923990498814 
0.6592592592592592 5.938242280285373E-4 
0.29074074074074074 0.33254156769596194 
0.2962962962962963 0.010688836104513098 
0.17407407407407408 0.33661350525958594 
0.2833333333333333 0.3350752177355502 
0.5092592592592593 0.0024632708718220274 
0.6111111111111112 0.002035968781812005 
0.4444444444444444 0.002923442353371084 
0.36666666666666664 0.003958828186856676 
0.4111111111111111 0.0034204275534442255 
0.1 0.34943256795988376 
0.13703703703703704 0.3404592240696753 
0.34629629629629627 0.0051824659900669605 
0.31851851851851853 0.005881687591901347 
0.1037037037037037 0.3458432304038004 
0.1259259259259259 0.3429064996760959 
0.6351851851851852 0.0016381358014579252 
0.3037037037037037 0.007500937617202236 
0.3148148148148148 0.006650831353919216 
0.11296296296296296 0.33661350525958594 
0.8888888888888888 0.3227689175432643 
0.387037037037037 0.32430720506730004 
0.6555555555555556 0.3239598498199372 
0.26851851851851855 0.325503650919328 
0.19444444444444445 0.32969121140142515 
0.24444444444444444 0.328222846037573 
0.1425925925925926 0.33254156769596194 
0.7611111111111111 0.3230403800475059 
0.6648148148148149 0.32363420427553447 
0.7481481481481481 0.3233282948247319 
0.12962962962962962 0.3350752177355502 
0.13148148148148148 0.333729216152019 
0.22592592592592592 0.3289220676394073 
0.4388888888888889 0.32467851584896384 
0.08333333333333333 0.3458432304038004 
0.1574074074074074 0.33254156769596194 
0.22962962962962963 0.3289220676394073 
0.3537037037037037 0.32646080760095014 
0.2111111111111111 0.330541317664708 
0.1814814814814815 0.33148588017946684 
0.3814814814814815 0.325963822400877 
0.40370370370370373 0.325503650919328 
0.42407407407407405 0.3250763488293179 
1.0 0.322270013481415 
0.06666666666666667 0.34943256795988376 
0.09814814814814815 0.3429064996760959 
0.14814814814814814 0.33661350525958594 
0.7944444444444444 0.32251253628925836 
0.4166666666666667 0.32363420427553447 
0.6092592592592593 0.3233282948247319 
0.6814814814814815 0.3227689175432643 
0.15185185185185185 0.333729216152019 
0.17222222222222222 0.33254156769596194 
0.2518518518518518 0.32646080760095014 
0.17592592592592593 0.330541317664708 
0.31851851851851853 0.325963822400877 
0.19444444444444445 0.328222846037573 
0.19074074074074074 0.32969121140142515 
0.35185185185185186 0.325503650919328 
0.6333333333333333 0.3230403800475059 
0.22592592592592592 0.3275844263141589 
0.3851851851851852 0.32467851584896384 
0.24444444444444444 0.32699920823436274 
0.3925925925925926 0.32430720506730004 
0.40925925925925927 0.3239598498199372 
0.337037037037037 0.32646080760095014 
0.05555555555555555 0.3404592240696753 
0.16111111111111112 0.3289220676394073 
0.25925925925925924 0.328222846037573 
0.08148148148148149 0.3383884524027041 
0.11296296296296296 0.3350752177355502 
0.29074074074074074 0.32699920823436274 
0.12777777777777777 0.33254156769596194 
0.12407407407407407 0.333729216152019 
0.27037037037037037 0.3275844263141589 
0.1388888888888889 0.330541317664708 
0.15 0.32969121140142515 
0.13518518518518519 0.33148588017946684 
0.27037037037037037 0.3250763488293179 
0.09259259259259259 0.3429064996760959 
0.17407407407407408 0.3350752177355502 
0.12407407407407407 0.33661350525958594 
0.2537037037037037 0.3275844263141589 
0.11481481481481481 0.3383884524027041 
0.20925925925925926 0.328222846037573 
0.18888888888888888 0.330541317664708 
0.18518518518518517 0.33254156769596194 
0.20555555555555555 0.3289220676394073 
0.2574074074074074 0.325963822400877 
0.26296296296296295 0.325503650919328 
0.07407407407407407 0.35391923990498814 
0.37592592592592594 0.325963822400877 
0.1925925925925926 0.333729216152019 
0.13148148148148148 0.3404592240696753 
0.17962962962962964 0.3383884524027041 
0.2740740740740741 0.330541317664708 
0.10555555555555556 0.3458432304038004 
0.07592592592592592 0.34943256795988376 
0.29444444444444445 0.32969121140142515 
0.3148148148148148 0.3289220676394073 
0.32222222222222224 0.328222846037573 
0.34074074074074073 0.3275844263141589 
0.35 0.32699920823436274 
0.362962962962963 0.32646080760095014 
0.8722222222222222 0.32251253628925836 
0.07222222222222222 0.3458432304038004 
0.1388888888888889 0.33661350525958594 
0.17777777777777778 0.330541317664708 
0.5444444444444444 0.3239598498199372 
0.7185185185185186 0.32363420427553447 
0.4166666666666667 0.32430720506730004 
0.2722222222222222 0.32646080760095014 
0.34629629629629627 0.325963822400877 
0.7851851851851852 0.3233282948247319 
0.8425925925925926 0.3230403800475059 
0.22962962962962963 0.3275844263141589 
0.37222222222222223 0.3250763488293179 
0.1925925925925926 0.32969121140142515 
0.2222222222222222 0.3289220676394073 
0.25555555555555554 0.32699920823436274 
0.3648148148148148 0.325503650919328 
0.22777777777777777 0.328222846037573 
0.9777777777777777 0.32251253628925836 
0.06481481481481481 0.34943256795988376 
0.25 0.32430720506730004 
0.4981481481481482 0.32363420427553447 
0.7314814814814815 0.3227689175432643 
0.07407407407407407 0.3429064996760959 
0.5222222222222223 0.3233282948247319 
0.7240740740740741 0.3230403800475059 
0.10555555555555556 0.33254156769596194 
0.09814814814814815 0.33661350525958594 
0.14629629629629629 0.330541317664708 
0.09259259259259259 0.3404592240696753 
0.15555555555555556 0.328222846037573 
0.0962962962962963 0.3383884524027041 
0.17407407407407408 0.32699920823436274 
0.22407407407407406 0.32646080760095014 
0.13518518518518519 0.33148588017946684 
0.2351851851851852 0.325963822400877 
0.24259259259259258 0.32467851584896384 
0.16296296296296298 0.3275844263141589 
0.027777777777777776 0.026392187912377987 
0.9148148148148149 0.0 
0.42407407407407405 0.0016381358014579252 
0.6462962962962963 0.0012668250197941365 
0.03333333333333333 0.022802850356294598 
0.7537037037037037 5.938242280285373E-4 
0.912962962962963 2.8791477722596616E-4 
0.11296296296296296 0.019866119628589946 
0.17037037037037037 0.013573125212080176 
0.18333333333333332 0.010688836104513098 
0.65 9.194697724312558E-4 
0.12777777777777777 0.015348072355198335 
0.2111111111111111 0.006650831353919216 
0.11851851851851852 0.01741884402216952 
0.20185185185185187 0.008445500131960909 
0.34814814814814815 0.0034204275534442255 
0.412962962962963 0.002923442353371084 
0.29259259259259257 0.003958828186856676 
0.2518518518518518 0.005881687591901347 
0.27037037037037037 0.004544046266652993 
0.25555555555555554 0.0051824659900669605 
0.4185185185185185 0.0024632708718220274 
0.4222222222222222 0.002035968781812005 
0.06851851851851852 0.35391923990498814 
0.9055555555555556 0.322270013481415 
0.2037037037037037 0.328222846037573 
0.5370370370370371 0.32699920823436274 
0.09259259259259259 0.3383884524027041 
0.07222222222222222 0.34943256795988376 
0.1425925925925926 0.33254156769596194 
0.7537037037037037 0.3230403800475059 
0.8740740740740741 0.3227689175432643 
0.6148148148148148 0.3239598498199372 
0.6925925925925925 0.32363420427553447 
0.15555555555555556 0.330541317664708 
0.17592592592592593 0.32969121140142515 
0.7296296296296296 0.3233282948247319 
0.19814814814814816 0.3289220676394073 
0.14444444444444443 0.33148588017946684 
0.587037037037037 0.32467851584896384 
0.8814814814814815 0.32251253628925836 
0.6074074074074074 0.32430720506730004 
0.5444444444444444 0.32646080760095014 
0.5592592592592592 0.325963822400877 
0.562962962962963 0.325503650919328 
0.5777777777777777 0.3250763488293179 
0.09814814814814815 0.3429064996760959 
0.7074074074074074 0.3230403800475059 
0.17777777777777778 0.333729216152019 
0.2814814814814815 0.32467851584896384 
0.5 0.32430720506730004 
0.10925925925925926 0.3404592240696753 
0.6759259259259259 0.32363420427553447 
0.5018518518518519 0.3239598498199372 
0.2111111111111111 0.32969121140142515 
0.21481481481481482 0.328222846037573 
0.2351851851851852 0.3275844263141589 
0.25925925925925924 0.3250763488293179 
0.24259259259259258 0.32699920823436274 
0.2537037037037037 0.32646080760095014 
0.25555555555555554 0.325963822400877 
0.2574074074074074 0.325503650919328 
0.05 0.3458432304038004 
0.6703703703703704 0.322270013481415 
0.16666666666666666 0.33661350525958594 
0.5259259259259259 0.3227689175432643 
0.3388888888888889 0.325963822400877 
0.5018518518518519 0.3233282948247319 
0.39814814814814814 0.32363420427553447 
0.2462962962962963 0.32699920823436274 
0.3537037037037037 0.32467851584896384 
0.19444444444444445 0.330541317664708 
0.18703703703703703 0.33254156769596194 
0.17037037037037037 0.3350752177355502 
0.18333333333333332 0.333729216152019 
0.3814814814814815 0.32430720506730004 
0.20185185185185187 0.32969121140142515 
0.21666666666666667 0.328222846037573 
0.23333333333333334 0.3275844263141589 
0.21481481481481482 0.3289220676394073 
0.3907407407407407 0.3239598498199372 
0.007407407407407408 0.6724729480073897 
0.5962962962962963 0.3230403800475059 
0.08888888888888889 0.3429064996760959 
0.011111111111111112 0.6688836104513063 
0.22777777777777777 0.3275844263141589 
0.3685185185185185 0.32699920823436274 
0.45740740740740743 0.325503650919328 
0.37037037037037035 0.32646080760095014 
0.1574074074074074 0.330541317664708 
0.2037037037037037 0.32969121140142515 
0.11481481481481481 0.3350752177355502 
0.14629629629629629 0.33148588017946684 
0.5407407407407407 0.32363420427553447 
0.5703703703703704 0.3233282948247319 
0.4703703703703704 0.32467851584896384 
0.4981481481481482 0.32430720506730004 
0.5259259259259259 0.3239598498199372 
0.20925925925925926 0.3289220676394073 
0.2222222222222222 0.328222846037573 
0.06666666666666667 0.3458432304038004 
0.687037037037037 0.322270013481415 
0.14814814814814814 0.330541317664708 
0.562962962962963 0.3233282948247319 
0.39444444444444443 0.32363420427553447 
0.2537037037037037 0.3250763488293179 
0.37037037037037035 0.3239598498199372 
0.6092592592592593 0.3227689175432643 
0.1685185185185185 0.3289220676394073 
0.21481481481481482 0.328222846037573 
0.6611111111111111 0.32251253628925836 
0.1648148148148148 0.32969121140142515 
0.24259259259259258 0.32646080760095014 
0.2462962962962963 0.325503650919328 
0.23148148148148148 0.3275844263141589 
0.2351851851851852 0.32699920823436274 
0.07777777777777778 0.3404592240696753 
0.30185185185185187 0.3250763488293179 
0.12962962962962962 0.3289220676394073 
0.23333333333333334 0.328222846037573 
0.08888888888888889 0.33661350525958594 
0.10555555555555556 0.33148588017946684 
0.07962962962962963 0.3383884524027041 
0.2518518518518518 0.3275844263141589 
0.26481481481481484 0.32646080760095014 
0.2833333333333333 0.325503650919328 
0.11666666666666667 0.32969121140142515 
0.10740740740740741 0.330541317664708 
0.02962962962962963 0.34943256795988376 
0.5555555555555556 0.32467851584896384 
0.16666666666666666 0.32699920823436274 
0.35185185185185186 0.32646080760095014 
0.05555555555555555 0.3404592240696753 
0.09259259259259259 0.3350752177355502 
0.45740740740740743 0.3250763488293179 
0.37407407407407406 0.325503650919328 
0.03333333333333333 0.3458432304038004 
0.046296296296296294 0.3429064996760959 
0.0962962962962963 0.333729216152019 
0.10185185185185185 0.33148588017946684 
0.14814814814814814 0.3275844263141589 
0.12222222222222222 0.3289220676394073 
0.10925925925925926 0.32969121140142515 
0.13703703703703704 0.328222846037573 
0.3592592592592593 0.325963822400877 
0.10555555555555556 0.330541317664708 
0.05 0.3429064996760959 
0.3851851851851852 0.3239598498199372 
0.12777777777777777 0.3383884524027041 
0.27037037037037037 0.328222846037573 
0.2111111111111111 0.3289220676394073 
0.17962962962962964 0.32969121140142515 
0.32222222222222224 0.32646080760095014 
0.1574074074074074 0.333729216152019 
0.16666666666666666 0.33148588017946684 
0.13518518518518519 0.33661350525958594 
0.14444444444444443 0.3350752177355502 
0.34074074074074073 0.325963822400877 
0.37037037037037035 0.32430720506730004 
0.35 0.325503650919328 
0.35555555555555557 0.3250763488293179 
0.362962962962963 0.32467851584896384 
0.016666666666666666 0.34943256795988376 
0.46111111111111114 0.3227689175432643 
0.024074074074074074 0.3458432304038004 
0.07962962962962963 0.33254156769596194 
0.16666666666666666 0.325503650919328 
0.3148148148148148 0.3250763488293179 
0.44074074074074077 0.32363420427553447 
0.387037037037037 0.3239598498199372 
0.08703703703703704 0.33148588017946684 
0.3388888888888889 0.32430720506730004 
0.10925925925925926 0.32969121140142515 
0.12962962962962962 0.3289220676394073 
0.10185185185185185 0.330541317664708 
0.1425925925925926 0.3275844263141589 
0.1537037037037037 0.32646080760095014 
0.3314814814814815 0.32467851584896384 
0.13333333333333333 0.328222846037573 
0.4537037037037037 0.3230403800475059 
0.16296296296296298 0.325963822400877 
0.11851851851851852 0.013573125212080176 
0.8759259259259259 0.0 
0.13333333333333333 0.007500937617202236 
0.6537037037037037 2.8791477722596616E-4 
0.18888888888888888 0.002035968781812005 
0.387037037037037 0.0016381358014579252 
0.4962962962962963 5.938242280285373E-4 
0.1648148148148148 0.004544046266652993 
0.4166666666666667 9.194697724312558E-4 
0.17407407407407408 0.002923442353371084 
0.15 0.005881687591901347 
0.1574074074074074 0.0051824659900669605 
0.3962962962962963 0.0012668250197941365 
0.1814814814814815 0.0024632708718220274 
0.05740740740740741 0.35391923990498814 
0.09259259259259259 0.33661350525958594 
0.06111111111111111 0.3458432304038004 
0.34444444444444444 0.32467851584896384 
0.05925925925925926 0.34943256795988376 
0.18518518518518517 0.328222846037573 
0.2759259259259259 0.3275844263141589 
0.07777777777777778 0.3404592240696753 
0.06296296296296296 0.3458432304038004 
0.30185185185185187 0.3250763488293179 
0.10740740740740741 0.3350752177355502 
0.14814814814814814 0.333729216152019 
0.09814814814814815 0.33661350525958594 
0.29074074074074074 0.32699920823436274 
0.17222222222222222 0.3289220676394073 
0.1574074074074074 0.33254156769596194 
0.1648148148148148 0.32969121140142515 
0.16111111111111112 0.33148588017946684 
0.16296296296296298 0.330541317664708 
0.04259259259259259 0.3458432304038004 
0.39444444444444443 0.0024632708718220274 
0.17222222222222222 0.012034837688044439 
0.21481481481481482 0.006650831353919216 
0.30185185185185187 0.005881687591901347 
0.32407407407407407 0.002923442353371084 
0.17777777777777778 0.009501187648456023 
0.1962962962962963 0.008445500131960909 
0.3074074074074074 0.0051824659900669605 
0.20555555555555555 0.007500937617202236 
0.10185185185185185 0.3383884524027041 
0.9018518518518519 0.3227689175432643 
0.12777777777777777 0.33661350525958594 
0.15185185185185185 0.33148588017946684 
0.6925925925925925 0.3230403800475059 
0.3962962962962963 0.32467851584896384 
0.5537037037037037 0.32430720506730004 
0.5833333333333334 0.32363420427553447 
0.6907407407407408 0.3233282948247319 
0.2611111111111111 0.325503650919328 
0.3425925925925926 0.3250763488293179 
0.17777777777777778 0.3289220676394073 
0.24259259259259258 0.325963822400877 
0.21481481481481482 0.328222846037573 
0.2388888888888889 0.32699920823436274 
0.16111111111111112 0.32969121140142515 
0.15925925925925927 0.330541317664708 
0.22962962962962963 0.3275844263141589 
0.575925925925926 0.3239598498199372 
0.06481481481481481 0.3458432304038004 
0.7555555555555555 0.3227689175432643 
0.3851851851851852 0.3233282948247319 
0.6925925925925925 0.3230403800475059 
0.08888888888888889 0.3383884524027041 
0.12962962962962962 0.32969121140142515 
0.12222222222222222 0.3350752177355502 
0.2759259259259259 0.32363420427553447 
0.12037037037037036 0.33661350525958594 
0.14629629629629629 0.3275844263141589 
0.1685185185185185 0.325963822400877 
0.23333333333333334 0.32430720506730004 
0.14074074074074075 0.3289220676394073 
0.17592592592592593 0.325503650919328 
0.2 0.3250763488293179 
0.20925925925925926 0.32467851584896384 
0.35555555555555557 0.325503650919328 
0.016666666666666666 0.6724729480073897 
0.1259259259259259 0.3429064996760959 
0.022222222222222223 0.6659468797236018 
0.2518518518518518 0.325963822400877 
0.1685185185185185 0.33148588017946684 
0.17592592592592593 0.330541317664708 
0.19814814814814816 0.3289220676394073 
0.21481481481481482 0.328222846037573 
0.23703703703703705 0.32646080760095014 
0.18703703703703703 0.32969121140142515 
0.2222222222222222 0.3275844263141589 
0.22962962962962963 0.32699920823436274 
0.06666666666666667 0.026392187912377987 
0.39444444444444443 0.013573125212080176 
0.18333333333333332 0.01741884402216952 
0.31296296296296294 0.015348072355198335 
0.1425925925925926 0.022802850356294598 
0.1574074074074074 0.019866119628589946 
0.12777777777777777 0.35391923990498814 
0.5185185185185185 0.3275844263141589 
0.14629629629629629 0.3458432304038004 
0.20185185185185187 0.3429064996760959 
0.4462962962962963 0.3289220676394073 
0.2351851851851852 0.3383884524027041 
0.3888888888888889 0.32969121140142515 
0.3388888888888889 0.330541317664708 
0.2740740740740741 0.3350752177355502 
0.22777777777777777 0.3404592240696753 
0.2537037037037037 0.33661350525958594 
0.3037037037037037 0.33254156769596194 
0.3111111111111111 0.33148588017946684 
0.14074074074074075 0.3458432304038004 
0.36666666666666664 0.330541317664708 
0.28888888888888886 0.33254156769596194 
0.2777777777777778 0.3350752177355502 
0.17962962962962964 0.33661350525958594 
0.17407407407407408 0.3383884524027041 
0.12777777777777777 0.34943256795988376 
0.7833333333333333 0.3275844263141589 
0.23148148148148148 0.33661350525958594 
0.5814814814814815 0.333729216152019 
0.13703703703703704 0.3458432304038004 
0.7518518518518519 0.330541317664708 
0.20925925925925926 0.3404592240696753 
0.65 0.33148588017946684 
0.18888888888888888 0.3429064996760959 
0.5851851851851851 0.33254156769596194 
0.774074074074074 0.3289220676394073 
0.7777777777777778 0.328222846037573 
0.48703703703703705 0.330541317664708 
0.13148148148148148 0.3458432304038004 
0.3296296296296296 0.33254156769596194 
0.4722222222222222 0.33148588017946684 
0.18888888888888888 0.3429064996760959 
0.24814814814814815 0.3383884524027041 
0.3055555555555556 0.33661350525958594 
0.23148148148148148 0.3404592240696753 
0.31666666666666665 0.3350752177355502 
0.2462962962962963 0.3404592240696753 
0.12962962962962962 0.35391923990498814 
0.13333333333333333 0.34943256795988376 
0.18518518518518517 0.3458432304038004 
0.22037037037037038 0.3429064996760959 
0.30185185185185187 0.330541317664708 
0.14814814814814814 0.3429064996760959 
0.1574074074074074 0.3404592240696753 
0.1814814814814815 0.3383884524027041 
0.2388888888888889 0.3350752177355502 
0.15555555555555556 0.35391923990498814 
0.32407407407407407 0.33254156769596194 
0.2851851851851852 0.33661350525958594 
0.1925925925925926 0.3383884524027041 
0.17407407407407408 0.3404592240696753 
0.16296296296296298 0.34943256795988376 
0.31296296296296294 0.3350752177355502 
0.1259259259259259 0.35391923990498814 
0.26481481481481484 0.33661350525958594 
0.19074074074074074 0.3404592240696753 
0.2537037037037037 0.3383884524027041 
0.15185185185185185 0.3458432304038004 
0.12962962962962962 0.34943256795988376 
0.13518518518518519 0.34943256795988376 
0.4685185185185185 0.330541317664708 
0.19074074074074074 0.3429064996760959 
0.27037037037037037 0.333729216152019 
0.37222222222222223 0.33254156769596194 
0.1388888888888889 0.3458432304038004 
0.20555555555555555 0.3404592240696753 
0.4111111111111111 0.33148588017946684 
0.25 0.3383884524027041 
0.2537037037037037 0.33661350525958594 
0.15555555555555556 0.34943256795988376 
0.35 0.330541317664708 
0.16111111111111112 0.3404592240696753 
0.25 0.3383884524027041 
0.25555555555555554 0.33661350525958594 
0.3388888888888889 0.33148588017946684 
0.09074074074074075 0.3429064996760959 
0.39444444444444443 0.330541317664708 
0.26296296296296295 0.33254156769596194 
0.2 0.3383884524027041 
0.2518518518518518 0.33661350525958594 
0.3574074074074074 0.33148588017946684 
0.14074074074074075 0.35391923990498814 
0.3851851851851852 0.3275844263141589 
0.15185185185185185 0.3458432304038004 
0.21851851851851853 0.3404592240696753 
0.32407407407407407 0.3350752177355502 
0.2222222222222222 0.3383884524027041 
0.2740740740740741 0.33661350525958594 
0.3592592592592593 0.330541317664708 
0.14444444444444443 0.34943256795988376 
0.3333333333333333 0.33148588017946684 
0.3296296296296296 0.33254156769596194 
0.362962962962963 0.330541317664708 
0.14444444444444443 0.34943256795988376 
0.2833333333333333 0.33254156769596194 
0.14814814814814814 0.3458432304038004 
0.35 0.33148588017946684 
0.21851851851851853 0.3429064996760959 
0.25555555555555554 0.3383884524027041 
0.22777777777777777 0.3404592240696753 
0.28888888888888886 0.33661350525958594 
0.1425925925925926 0.34943256795988376 
0.21296296296296297 0.3429064996760959 
0.2351851851851852 0.3383884524027041 
0.22037037037037038 0.3404592240696753 
0.28703703703703703 0.33148588017946684 
0.1 0.3596878181201223 
0.22777777777777777 0.33661350525958594 
0.10740740740740741 0.3458432304038004 
0.1037037037037037 0.34943256795988376 
0.17592592592592593 0.3383884524027041 
0.1574074074074074 0.3404592240696753 
0.24814814814814815 0.33254156769596194 
0.2388888888888889 0.333729216152019 
0.23148148148148148 0.3350752177355502 
0.3648148148148148 0.33148588017946684 
0.12777777777777777 0.3458432304038004 
0.20925925925925926 0.3429064996760959 
0.32407407407407407 0.33661350525958594 
0.3296296296296296 0.33254156769596194 
0.2611111111111111 0.3383884524027041 
0.23703703703703705 0.3404592240696753 
0.5037037037037037 0.330541317664708 
0.13703703703703704 0.35391923990498814 
0.26481481481481484 0.3383884524027041 
0.2037037037037037 0.3404592240696753 
0.3685185185185185 0.33148588017946684 
0.14444444444444443 0.34943256795988376 
0.34814814814814815 0.3350752177355502 
0.3592592592592593 0.33254156769596194 
0.13518518518518519 0.3429064996760959 
0.32037037037037036 0.33661350525958594 
0.15925925925925927 0.34943256795988376 
0.23148148148148148 0.3383884524027041 
0.1685185185185185 0.3458432304038004 
0.22407407407407406 0.3404592240696753 
0.16296296296296298 1.0 
0.8166666666666667 0.32699920823436274 
0.17592592592592593 0.34943256795988376 
0.16666666666666666 0.9955133280548957 
0.23703703703703705 0.3429064996760959 
0.40925925925925927 0.33661350525958594 
0.6666666666666666 0.3275844263141589 
0.587037037037037 0.32969121140142515 
0.5074074074074074 0.330541317664708 
0.5907407407407408 0.328222846037573 
0.4537037037037037 0.33148588017946684 
0.18703703703703703 0.3458432304038004 
0.43148148148148147 0.333729216152019 
0.11481481481481481 0.3404592240696753 
0.40555555555555556 0.325963822400877 
0.3962962962962963 0.328222846037573 
0.2388888888888889 0.32969121140142515 
0.20185185185185187 0.33148588017946684 
0.1425925925925926 0.3383884524027041 
0.19074074074074074 0.33661350525958594 
0.1962962962962963 0.3350752177355502 
0.22592592592592592 0.330541317664708 
0.07777777777777778 0.34943256795988376 
0.24259259259259258 0.33148588017946684 
0.1259259259259259 0.3383884524027041 
0.1925925925925926 0.33661350525958594 
0.09444444444444444 0.3458432304038004 
0.11666666666666667 0.34943256795988376 
0.5574074074074075 0.32646080760095014 
0.12962962962962962 0.3458432304038004 
0.2759259259259259 0.3404592240696753 
0.21481481481481482 0.3429064996760959 
0.34629629629629627 0.33661350525958594 
0.46111111111111114 0.3289220676394073 
0.3888888888888889 0.32969121140142515 
0.5351851851851852 0.328222846037573 
0.37407407407407406 0.330541317664708 
0.37037037037037035 0.33254156769596194 
0.35555555555555557 0.333729216152019 
0.5537037037037037 0.3275844263141589 
0.35 0.3350752177355502 
0.07222222222222222 0.9955133280548957 
0.25 0.33148588017946684 
0.08703703703703704 0.3458432304038004 
0.14814814814814814 0.3404592240696753 
0.18703703703703703 0.33661350525958594 
0.23333333333333334 0.333729216152019 
0.1537037037037037 0.3383884524027041 
0.24444444444444444 0.33254156769596194 
0.09814814814814815 0.35391923990498814 
0.65 0.32699920823436274 
0.16666666666666666 0.3383884524027041 
0.10185185185185185 0.3458432304038004 
0.2462962962962963 0.330541317664708 
0.4722222222222222 0.328222846037573 
0.3962962962962963 0.3289220676394073 
0.21666666666666667 0.33661350525958594 
0.23148148148148148 0.33148588017946684 
0.13518518518518519 0.3458432304038004 
0.48333333333333334 0.325503650919328 
0.16111111111111112 0.333729216152019 
0.26296296296296295 0.328222846037573 
0.3962962962962963 0.32699920823436274 
0.4685185185185185 0.32646080760095014 
0.17592592592592593 0.330541317664708 
0.21851851851851853 0.32969121140142515 
0.22037037037037038 0.3289220676394073 
0.47962962962962963 0.325963822400877 
0.5425925925925926 0.3250763488293179 
0.1 0.3458432304038004 
0.5111111111111111 0.32646080760095014 
0.3814814814814815 0.32699920823436274 
0.14814814814814814 0.3383884524027041 
0.10740740740740741 0.3429064996760959 
0.32222222222222224 0.3275844263141589 
0.20555555555555555 0.33661350525958594 
0.2722222222222222 0.3289220676394073 
0.13703703703703704 0.3404592240696753 
0.22962962962962963 0.33148588017946684 
0.21851851851851853 0.333729216152019 
0.31666666666666665 0.328222846037573 
0.25 0.330541317664708 
0.2074074074074074 0.3350752177355502 
0.5351851851851852 0.325503650919328 
0.28703703703703703 0.32699920823436274 
0.10185185185185185 0.3404592240696753 
0.12222222222222222 0.3383884524027041 
0.1814814814814815 0.33661350525958594 
0.25555555555555554 0.328222846037573 
0.1925925925925926 0.3350752177355502 
0.2796296296296296 0.3275844263141589 
0.2037037037037037 0.333729216152019 
0.21296296296296297 0.33148588017946684 
0.22407407407407406 0.330541317664708 
0.24259259259259258 0.3289220676394073 
0.2111111111111111 0.33254156769596194 
0.2351851851851852 0.32969121140142515 
0.4462962962962963 0.325963822400877 
0.12777777777777777 0.3458432304038004 
0.26296296296296295 0.3289220676394073 
0.4111111111111111 0.328222846037573 
0.23148148148148148 0.33254156769596194 
0.16666666666666666 0.3429064996760959 
0.2111111111111111 0.33661350525958594 
0.1925925925925926 0.3404592240696753 
0.24814814814814815 0.330541317664708 
0.20185185185185187 0.3383884524027041 
0.42777777777777776 0.32646080760095014 
0.42407407407407405 0.32699920823436274 
0.2722222222222222 0.3289220676394073 
0.10925925925925926 0.3458432304038004 
0.18518518518518517 0.3404592240696753 
0.18888888888888888 0.33661350525958594 
0.14814814814814814 0.3429064996760959 
0.22592592592592592 0.33254156769596194 
0.24259259259259258 0.330541317664708 
0.26481481481481484 0.32969121140142515 
0.23703703703703705 0.33148588017946684 
0.044444444444444446 0.022802850356294598 
0.30925925925925923 0.007500937617202236 
0.2518518518518518 0.009501187648456023 
0.1574074074074074 0.010688836104513098 
0.08148148148148149 0.012034837688044439 
0.06666666666666667 0.013573125212080176 
0.05925925925925926 0.01741884402216952 
0.053703703703703705 0.019866119628589946 
0.09814814814814815 0.3458432304038004 
0.2796296296296296 0.32646080760095014 
0.13148148148148148 0.3404592240696753 
0.18888888888888888 0.3383884524027041 
0.1925925925925926 0.333729216152019 
0.25555555555555554 0.32969121140142515 
0.21296296296296297 0.33148588017946684 
0.23703703703703705 0.330541317664708 
0.1962962962962963 0.33254156769596194 
0.2611111111111111 0.32699920823436274 
0.25925925925925924 0.3275844263141589 
0.12962962962962962 0.3404592240696753 
0.8333333333333334 0.3239598498199372 
0.19814814814814816 0.33661350525958594 
0.2777777777777778 0.33254156769596194 
0.6796296296296296 0.32430720506730004 
0.4462962962962963 0.325503650919328 
0.5370370370370371 0.3250763488293179 
0.13333333333333333 0.3383884524027041 
0.42407407407407405 0.32646080760095014 
0.29259259259259257 0.32969121140142515 
0.35185185185185186 0.3275844263141589 
0.29074074074074074 0.33148588017946684 
0.32407407407407407 0.3289220676394073 
0.34814814814814815 0.328222846037573 
0.10740740740740741 0.34943256795988376 
0.6851851851851852 0.32467851584896384 
0.14074074074074075 0.3383884524027041 
0.5444444444444444 0.328222846037573 
0.40925925925925927 0.3289220676394073 
0.28703703703703703 0.32969121140142515 
0.14629629629629629 0.333729216152019 
0.19814814814814816 0.330541317664708 
0.6018518518518519 0.3250763488293179 
0.1574074074074074 0.33254156769596194 
0.18518518518518517 0.33148588017946684 
0.5666666666666667 0.32699920823436274 
0.5777777777777777 0.325503650919328 
0.5703703703703704 0.325963822400877 
0.1037037037037037 0.34943256795988376 
0.7037037037037037 0.3239598498199372 
0.29814814814814816 0.32646080760095014 
0.5 0.325963822400877 
0.24259259259259258 0.33148588017946684 
0.5666666666666667 0.32430720506730004 
0.1574074074074074 0.3350752177355502 
0.12962962962962962 0.3404592240696753 
0.14814814814814814 0.33661350525958594 
0.1111111111111111 0.3458432304038004 
0.11481481481481481 0.3429064996760959 
0.5203703703703704 0.325503650919328 
0.2722222222222222 0.328222846037573 
0.5481481481481482 0.3250763488293179 
0.2574074074074074 0.3289220676394073 
0.2518518518518518 0.330541317664708 
0.5648148148148148 0.32467851584896384 
0.25555555555555554 0.32969121140142515 
0.10555555555555556 0.35391923990498814 
0.6759259259259259 0.32363420427553447 
0.4777777777777778 0.3239598498199372 
0.1111111111111111 0.3429064996760959 
0.24259259259259258 0.3350752177355502 
0.10925925925925926 0.34943256795988376 
0.2574074074074074 0.33148588017946684 
0.17962962962962964 0.33661350525958594 
0.1425925925925926 0.3383884524027041 
0.12037037037037036 0.3404592240696753 
0.3055555555555556 0.330541317664708 
0.35185185185185186 0.3289220676394073 
0.3851851851851852 0.3275844263141589 
0.3314814814814815 0.32969121140142515 
0.43148148148148147 0.3250763488293179 
0.42592592592592593 0.325963822400877 
0.4537037037037037 0.32467851584896384 
0.4074074074074074 0.32646080760095014 
0.4740740740740741 0.32430720506730004 
0.40185185185185185 0.32699920823436274 
0.11851851851851852 0.3458432304038004 
0.5648148148148148 0.3239598498199372 
0.1425925925925926 0.3404592240696753 
0.2722222222222222 0.3289220676394073 
0.3648148148148148 0.328222846037573 
0.22037037037037038 0.32969121140142515 
0.39444444444444443 0.32699920823436274 
0.45555555555555555 0.32646080760095014 
0.1685185185185185 0.3383884524027041 
0.3685185185185185 0.3275844263141589 
0.2111111111111111 0.33148588017946684 
0.1814814814814815 0.33661350525958594 
0.1962962962962963 0.33254156769596194 
0.18518518518518517 0.3350752177355502 
0.5370370370370371 0.32430720506730004 
0.512962962962963 0.32467851584896384 
0.1925925925925926 0.333729216152019 
0.4925925925925926 0.3250763488293179 
0.4666666666666667 0.325963822400877 
0.48518518518518516 0.325503650919328 
0.06851851851851852 0.9919239904988122 
0.6111111111111112 0.32646080760095014 
0.08888888888888889 0.3458432304038004 
0.15 0.3404592240696753 
0.37962962962962965 0.3383884524027041 
0.46111111111111114 0.3289220676394073 
0.587037037037037 0.328222846037573 
0.42592592592592593 0.33148588017946684 
0.3962962962962963 0.333729216152019 
0.11481481481481481 0.3383884524027041 
0.21481481481481482 0.32646080760095014 
0.14814814814814814 0.330541317664708 
0.18518518518518517 0.32969121140142515 
0.1388888888888889 0.333729216152019 
0.12222222222222222 0.3350752177355502 
0.20925925925925926 0.32699920823436274 
0.14074074074074075 0.33148588017946684 
0.20185185185185187 0.328222846037573 
0.11851851851851852 0.33661350525958594 
0.19074074074074074 0.3289220676394073 
0.10925925925925926 0.3458432304038004 
0.7277777777777777 0.32467851584896384 
0.4777777777777778 0.3250763488293179 
0.39444444444444443 0.3289220676394073 
0.13333333333333333 0.3404592240696753 
0.26666666666666666 0.32969121140142515 
0.1962962962962963 0.33254156769596194 
0.17962962962962964 0.33661350525958594 
0.4166666666666667 0.32646080760095014 
0.16296296296296298 0.3383884524027041 
0.45185185185185184 0.325503650919328 
0.22777777777777777 0.33148588017946684 
0.2388888888888889 0.330541317664708 
0.43148148148148147 0.325963822400877 
0.11666666666666667 0.3429064996760959 
0.6240740740740741 0.32646080760095014 
0.34814814814814815 0.32699920823436274 
0.1537037037037037 0.33148588017946684 
0.2574074074074074 0.330541317664708 
0.14814814814814814 0.3350752177355502 
0.2851851851851852 0.3289220676394073 
0.12962962962962962 0.3404592240696753 
0.13148148148148148 0.3383884524027041 
0.337037037037037 0.3275844263141589 
0.14444444444444443 0.33661350525958594 
0.2777777777777778 0.330541317664708 
0.16666666666666666 0.34943256795988376 
0.18703703703703703 0.3429064996760959 
0.22777777777777777 0.333729216152019 
0.21296296296296297 0.3383884524027041 
0.2611111111111111 0.33148588017946684 
0.1925925925925926 0.3404592240696753 
0.22407407407407406 0.3350752177355502 
0.6018518518518519 0.32699920823436274 
0.12407407407407407 0.34943256795988376 
0.21851851851851853 0.3383884524027041 
0.45185185185185184 0.330541317664708 
0.2833333333333333 0.33148588017946684 
0.14814814814814814 0.3458432304038004 
0.4703703703703704 0.3289220676394073 
0.5814814814814815 0.328222846037573 
0.2722222222222222 0.33254156769596194 
0.07962962962962963 0.3458432304038004 
0.06666666666666667 0.34943256795988376 
0.1425925925925926 0.35391923990498814 
0.40185185185185185 0.325963822400877 
0.17037037037037037 0.3383884524027041 
0.14444444444444443 0.34943256795988376 
0.2388888888888889 0.33661350525958594 
0.26851851851851855 0.330541317664708 
0.31851851851851853 0.32969121140142515 
0.2462962962962963 0.333729216152019 
0.37777777777777777 0.32646080760095014 
0.2574074074074074 0.33148588017946684 
0.32222222222222224 0.3289220676394073 
0.34444444444444444 0.328222846037573 
0.35555555555555557 0.3275844263141589 
0.10185185185185185 0.35391923990498814 
0.10740740740740741 0.3458432304038004 
0.17037037037037037 0.3404592240696753 
0.1425925925925926 0.3429064996760959 
0.13703703703703704 1.0 
0.4 0.330541317664708 
0.15185185185185185 0.34943256795988376 
0.14074074074074075 0.9955133280548957 
0.3111111111111111 0.33148588017946684 
0.19074074074074074 0.3404592240696753 
0.27037037037037037 0.3383884524027041 
0.2833333333333333 0.33661350525958594 
0.29814814814814816 0.33254156769596194 
0.28888888888888886 0.333729216152019 
0.1388888888888889 0.34943256795988376 
0.7518518518518519 0.328222846037573 
0.45740740740740743 0.330541317664708 
0.2 0.3404592240696753 
0.37222222222222223 0.3350752177355502 
0.6592592592592592 0.32969121140142515 
0.15555555555555556 0.3458432304038004 
0.27037037037037037 0.33661350525958594 
0.23703703703703705 0.3383884524027041 
0.7296296296296296 0.3289220676394073 
0.1388888888888889 0.3404592240696753 
0.48518518518518516 0.32646080760095014 
0.27037037037037037 0.33148588017946684 
0.19074074074074074 0.33661350525958594 
0.32592592592592595 0.32969121140142515 
0.4462962962962963 0.3289220676394073 
0.17407407407407408 0.3383884524027041 
0.31296296296296294 0.330541317664708 
0.4666666666666667 0.328222846037573 
0.4740740740740741 0.32699920823436274 
0.17592592592592593 0.34943256795988376 
0.6296296296296297 0.325503650919328 
0.31851851851851853 0.330541317664708 
0.44074074074074077 0.3289220676394073 
0.22037037037037038 0.3429064996760959 
0.22592592592592592 0.33661350525958594 
0.3037037037037037 0.333729216152019 
0.48333333333333334 0.328222846037573 
0.5666666666666667 0.32699920823436274 
0.2222222222222222 0.3404592240696753 
0.26481481481481484 0.3350752177355502 
0.5722222222222222 0.32646080760095014 
0.6222222222222222 0.325963822400877 
0.16296296296296298 0.3429064996760959 
0.17037037037037037 0.3404592240696753 
0.20925925925925926 0.3429064996760959 
0.13148148148148148 0.34943256795988376 
0.13703703703703704 0.3458432304038004 
0.17037037037037037 0.3458432304038004 
0.5944444444444444 0.32646080760095014 
0.26851851851851855 0.333729216152019 
0.5851851851851851 0.328222846037573 
0.2462962962962963 0.3404592240696753 
0.3611111111111111 0.330541317664708 
0.337037037037037 0.33254156769596194 
0.4981481481481482 0.3289220676394073 
0.43703703703703706 0.32969121140142515 
0.2574074074074074 0.33661350525958594 
0.25 0.3383884524027041 
0.30925925925925923 0.33148588017946684 
0.12222222222222222 0.3458432304038004 
0.23703703703703705 0.333729216152019 
0.22592592592592592 0.33661350525958594 
0.1648148148148148 0.3429064996760959 
0.29259259259259257 0.33254156769596194 
0.18703703703703703 0.3383884524027041 
0.17407407407407408 0.3404592240696753 
0.1814814814814815 0.3429064996760959 
0.12777777777777777 0.3458432304038004 
0.10555555555555556 0.34943256795988376 
0.15925925925925927 0.3429064996760959 
0.11296296296296296 0.3458432304038004 
0.1537037037037037 0.3458432304038004 
0.48518518518518516 0.3289220676394073 
0.2814814814814815 0.33254156769596194 
0.4425925925925926 0.33148588017946684 
0.1962962962962963 0.3383884524027041 
0.1925925925925926 0.3429064996760959 
0.2777777777777778 0.333729216152019 
0.46111111111111114 0.330541317664708 
0.15925925925925927 0.34943256795988376 
0.5722222222222222 0.3289220676394073 
0.4222222222222222 0.330541317664708 
0.2462962962962963 0.33661350525958594 
0.32592592592592595 0.3350752177355502 
0.18333333333333332 0.3429064996760959 
0.5 0.32969121140142515 
0.16666666666666666 0.3458432304038004 
0.22407407407407406 0.3404592240696753 
0.3925925925925926 0.33254156769596194 
0.3611111111111111 0.333729216152019 
0.2351851851851852 0.3383884524027041 
0.15925925925925927 0.3404592240696753 
0.8888888888888888 0.32430720506730004 
0.45555555555555555 0.32699920823436274 
0.32222222222222224 0.330541317664708 
0.2 0.3350752177355502 
0.6314814814814815 0.32646080760095014 
0.3648148148148148 0.328222846037573 
0.18333333333333332 0.33661350525958594 
0.762962962962963 0.32467851584896384 
0.7333333333333333 0.325963822400877 
0.7555555555555555 0.3250763488293179 
0.10740740740740741 0.35391923990498814 
0.40925925925925927 0.32467851584896384 
0.40185185185185185 0.32646080760095014 
0.26481481481481484 0.32699920823436274 
0.13148148148148148 0.34943256795988376 
0.1388888888888889 0.3429064996760959 
0.20555555555555555 0.33254156769596194 
0.17037037037037037 0.33661350525958594 
0.14629629629629629 0.3404592240696753 
0.1685185185185185 0.3383884524027041 
0.20925925925925926 0.330541317664708 
0.24259259259259258 0.328222846037573 
0.22407407407407406 0.3289220676394073 
0.22037037037037038 0.32969121140142515 
0.05 0.019866119628589946 
0.04259259259259259 0.03087885985748222 
0.13518518518518519 0.34943256795988376 
0.8870370370370371 0.3233282948247319 
0.2111111111111111 0.3404592240696753 
0.2222222222222222 0.333729216152019 
0.7092592592592593 0.32363420427553447 
0.1425925925925926 0.3458432304038004 
0.5518518518518518 0.3239598498199372 
0.37407407407407406 0.325963822400877 
0.49444444444444446 0.325503650919328 
0.29814814814814816 0.3289220676394073 
0.34629629629629627 0.328222846037573 
0.23148148148148148 0.33148588017946684 
0.26296296296296295 0.330541317664708 
0.3574074074074074 0.32646080760095014 
0.2796296296296296 0.32969121140142515 
0.22592592592592592 0.33254156769596194 
0.5018518518518519 0.3250763488293179 
0.5259259259259259 0.32467851584896384 
0.34814814814814815 0.3275844263141589 
0.5314814814814814 0.32430720506730004 
0.42592592592592593 0.325503650919328 
0.10555555555555556 0.9919239904988122 
0.11296296296296296 0.35391923990498814 
0.23703703703703705 0.328222846037573 
0.36666666666666664 0.3275844263141589 
0.37407407407407406 0.32699920823436274 
0.19814814814814816 0.3289220676394073 
0.13148148148148148 0.3429064996760959 
0.1685185185185185 0.3383884524027041 
0.18888888888888888 0.33661350525958594 
0.11666666666666667 0.3458432304038004 
0.19074074074074074 0.33254156769596194 
0.07222222222222222 0.34943256795988376 
0.46111111111111114 0.325503650919328 
0.07592592592592592 0.3429064996760959 
0.20555555555555555 0.33254156769596194 
0.2462962962962963 0.32699920823436274 
0.387037037037037 0.32646080760095014 
0.40370370370370373 0.325963822400877 
0.22407407407407406 0.33148588017946684 
0.22777777777777777 0.32969121140142515 
0.24259259259259258 0.328222846037573 
0.09444444444444444 0.3429064996760959 
0.04259259259259259 0.35391923990498814 
0.046296296296296294 0.3458432304038004 
0.040740740740740744 0.34943256795988376 
0.1 0.3404592240696753 
0.044444444444444446 0.3458432304038004 
0.09259259259259259 0.3429064996760959 
0.10555555555555556 0.34943256795988376 
0.32407407407407407 0.325963822400877 
0.2074074074074074 0.3404592240696753 
0.12222222222222222 0.3458432304038004 
0.21296296296296297 0.33661350525958594 
0.25555555555555554 0.3350752177355502 
0.2814814814814815 0.328222846037573 
0.26851851851851855 0.33254156769596194 
0.2722222222222222 0.330541317664708 
0.30185185185185187 0.32646080760095014 
0.29444444444444445 0.32699920823436274 
0.662962962962963 0.3250763488293179 
0.09444444444444444 0.35391923990498814 
0.23148148148148148 0.3429064996760959 
0.09814814814814815 0.3458432304038004 
0.32407407407407407 0.33254156769596194 
0.4648148148148148 0.32646080760095014 
0.6518518518518519 0.325963822400877 
0.37592592592592594 0.33148588017946684 
0.3962962962962963 0.32969121140142515 
0.4222222222222222 0.3289220676394073 
0.4462962962962963 0.328222846037573 
0.38333333333333336 0.330541317664708 
0.4537037037037037 0.3275844263141589 
0.07407407407407407 0.3458432304038004 
0.774074074074074 0.0016381358014579252 
0.1537037037037037 0.3404592240696753 
0.17592592592592593 0.013573125212080176 
0.37777777777777777 0.002035968781812005 
0.11481481481481481 0.3429064996760959 
0.2722222222222222 0.003958828186856676 
0.31666666666666665 0.0034204275534442255 
0.35 0.002923442353371084 
0.24259259259259258 0.004544046266652993 
0.3574074074074074 0.0024632708718220274 
0.1925925925925926 0.009501187648456023 
0.21851851851851853 0.006650831353919216 
0.2351851851851852 0.0051824659900669605 
0.1962962962962963 0.008445500131960909 
0.2111111111111111 0.007500937617202236 
0.06481481481481481 0.03087885985748222 
0.45555555555555555 0.002923442353371084 
0.29259259259259257 0.010688836104513098 
0.1962962962962963 0.015348072355198335 
0.2962962962962963 0.007500937617202236 
0.3537037037037037 0.005881687591901347 
0.1037037037037037 0.022802850356294598 
0.07222222222222222 0.026392187912377987 
0.2222222222222222 0.012034837688044439 
0.42777777777777776 0.0051824659900669605 
0.15 0.019866119628589946 
0.1537037037037037 0.01741884402216952 
0.20925925925925926 0.013573125212080176 
0.4351851851851852 0.004544046266652993 
0.44814814814814813 0.0034204275534442255 
0.2722222222222222 0.330541317664708 
0.09814814814814815 0.34943256795988376 
0.1925925925925926 0.33661350525958594 
0.13148148148148148 0.3404592240696753 
0.22407407407407406 0.33254156769596194 
0.12407407407407407 0.3429064996760959 
0.26666666666666666 0.33148588017946684 
0.05185185185185185 0.34943256795988376 
0.26851851851851855 0.330541317664708 
0.11851851851851852 0.3458432304038004 
0.2111111111111111 0.33148588017946684 
0.19074074074074074 0.3350752177355502 
0.14629629629629629 0.33661350525958594 
0.13703703703703704 0.3383884524027041 
0.12222222222222222 0.3429064996760959 
0.19444444444444445 0.33254156769596194 
0.09259259259259259 0.34943256795988376 
0.9092592592592592 0.3227689175432643 
0.5666666666666667 0.3233282948247319 
0.9018518518518519 0.3230403800475059 
0.2759259259259259 0.33661350525958594 
0.2814814814814815 0.33148588017946684 
0.1814814814814815 0.3383884524027041 
0.11851851851851852 0.3429064996760959 
0.10555555555555556 0.3458432304038004 
0.17592592592592593 0.3404592240696753 
0.4888888888888889 0.3239598498199372 
0.5592592592592592 0.32363420427553447 
0.37962962962962965 0.3275844263141589 
0.39814814814814814 0.32646080760095014 
0.34629629629629627 0.328222846037573 
0.29074074074074074 0.330541317664708 
0.4648148148148148 0.32430720506730004 
0.32222222222222224 0.3289220676394073 
0.3111111111111111 0.32969121140142515 
0.42592592592592593 0.325963822400877 
0.45 0.3250763488293179 
0.43333333333333335 0.325503650919328 
0.06481481481481481 0.34943256795988376 
0.362962962962963 0.325503650919328 
0.11666666666666667 0.3383884524027041 
0.25925925925925924 0.32646080760095014 
0.16111111111111112 0.33661350525958594 
0.18888888888888888 0.33254156769596194 
0.2351851851851852 0.32699920823436274 
0.22592592592592592 0.3289220676394073 
0.1962962962962963 0.33148588017946684 
0.2111111111111111 0.330541317664708 
0.21851851851851853 0.32969121140142515 
0.912962962962963 0.3233282948247319 
0.0962962962962963 0.9955133280548957 
0.12407407407407407 0.3458432304038004 
0.11296296296296296 0.9919239904988122 
0.6240740740740741 0.32363420427553447 
0.14629629629629629 0.3404592240696753 
0.3537037037037037 0.3383884524027041 
0.5092592592592593 0.3239598498199372 
0.45555555555555555 0.32699920823436274 
0.4203703703703704 0.3289220676394073 
0.3851851851851852 0.33148588017946684 
0.4166666666666667 0.32969121140142515 
0.3574074074074074 0.3350752177355502 
0.46296296296296297 0.325503650919328 
0.48518518518518516 0.32467851584896384 
0.4888888888888889 0.32430720506730004 
0.46111111111111114 0.325963822400877 
0.12222222222222222 0.3458432304038004 
0.44814814814814813 0.325503650919328 
0.17037037037037037 0.33661350525958594 
0.3388888888888889 0.325963822400877 
0.24444444444444444 0.333729216152019 
0.13333333333333333 0.3404592240696753 
0.2537037037037037 0.32969121140142515 
0.3037037037037037 0.32699920823436274 
0.2962962962962963 0.3289220676394073 
0.12962962962962962 0.3429064996760959 
0.24814814814814815 0.33148588017946684 
0.30185185185185187 0.328222846037573 
0.12407407407407407 0.35391923990498814 
0.30925925925925923 0.3289220676394073 
0.12962962962962962 0.3458432304038004 
0.15925925925925927 0.3404592240696753 
0.21851851851851853 0.33661350525958594 
0.2 0.3383884524027041 
0.26296296296296295 0.333729216152019 
0.13148148148148148 0.3429064996760959 
0.28888888888888886 0.33254156769596194 
0.2962962962962963 0.32969121140142515 
0.29259259259259257 0.330541317664708 
0.25925925925925924 0.32969121140142515 
0.10185185185185185 0.3429064996760959 
0.12037037037037036 0.3404592240696753 
0.19074074074074074 0.330541317664708 
0.1388888888888889 0.3350752177355502 
0.14444444444444443 0.33254156769596194 
0.1685185185185185 0.33148588017946684 
0.04814814814814815 0.34943256795988376 
0.42407407407407405 0.325503650919328 
0.12777777777777777 0.333729216152019 
0.05555555555555555 0.3458432304038004 
0.20555555555555555 0.3289220676394073 
0.3296296296296296 0.328222846037573 
0.37962962962962965 0.3275844263141589 
0.15185185185185185 0.33148588017946684 
0.19444444444444445 0.330541317664708 
0.38333333333333336 0.32646080760095014 
0.4166666666666667 0.325963822400877 
0.1388888888888889 0.33254156769596194 
0.2 0.32969121140142515 
0.1648148148148148 0.3596878181201223 
0.6555555555555556 0.330541317664708 
0.42592592592592593 0.3404592240696753 
0.2222222222222222 0.3458432304038004 
0.21481481481481482 0.34943256795988376 
0.6407407407407407 0.33148588017946684 
0.5222222222222223 0.33254156769596194 
0.45555555555555555 0.333729216152019 
0.4462962962962963 0.33661350525958594 
0.44814814814814813 0.3350752177355502 
0.18703703703703703 0.34943256795988376 
0.40925925925925927 0.33661350525958594 
0.19444444444444445 0.3458432304038004 
0.3388888888888889 0.3383884524027041 
0.2537037037037037 0.3429064996760959 
0.29074074074074074 0.3404592240696753 
0.14444444444444443 0.34943256795988376 
0.19814814814814816 0.3404592240696753 
0.19444444444444445 0.3429064996760959 
0.24074074074074073 0.3383884524027041 
0.1962962962962963 0.3458432304038004 
0.15555555555555556 0.3458432304038004 
0.14629629629629629 0.34943256795988376 
0.17407407407407408 0.35391923990498814 
0.17777777777777778 0.34943256795988376 
0.40370370370370373 0.33661350525958594 
0.17407407407407408 0.34943256795988376 
0.2537037037037037 0.3458432304038004 
0.30185185185185187 0.3404592240696753 
0.26296296296296295 0.3429064996760959 
0.3537037037037037 0.3383884524027041 
0.16111111111111112 0.34943256795988376 
0.32222222222222224 0.33661350525958594 
0.24444444444444444 0.3383884524027041 
0.1925925925925926 0.3404592240696753 
0.1648148148148148 0.3458432304038004 
0.18888888888888888 0.3429064996760959 
0.16666666666666666 0.34943256795988376 
0.36666666666666664 0.33254156769596194 
0.17037037037037037 0.9955133280548957 
0.17592592592592593 0.35391923990498814 
0.2833333333333333 0.3404592240696753 
0.18333333333333332 0.3458432304038004 
0.25555555555555554 0.3429064996760959 
0.17962962962962964 0.34943256795988376 
0.23333333333333334 0.3429064996760959 
0.14074074074074075 0.34943256795988376 
0.22962962962962963 0.3458432304038004 
0.24259259259259258 0.3429064996760959 
0.1685185185185185 0.35391923990498814 
0.17222222222222222 0.3458432304038004 
0.22592592592592592 0.3458432304038004 
0.16666666666666666 1.0 
0.17777777777777778 0.9955133280548957 
0.17962962962962964 0.35391923990498814 
0.18333333333333332 0.34943256795988376 
0.2796296296296296 0.33661350525958594 
0.17962962962962964 0.3404592240696753 
0.1962962962962963 0.3383884524027041 
0.17592592592592593 0.3596878181201223 
0.387037037037037 0.330541317664708 
0.2074074074074074 0.3429064996760959 
0.28703703703703703 0.3404592240696753 
0.18703703703703703 0.3458432304038004 
0.17962962962962964 0.35391923990498814 
0.29074074074074074 0.3383884524027041 
0.3592592592592593 0.33148588017946684 
0.31851851851851853 0.33661350525958594 
0.3351851851851852 0.333729216152019 
0.35185185185185186 0.33254156769596194 
0.22962962962962963 0.3429064996760959 
0.15925925925925927 0.34943256795988376 
0.2222222222222222 0.3458432304038004 
0.16666666666666666 0.34943256795988376 
0.17407407407407408 0.3458432304038004 
0.15185185185185185 0.35391923990498814 
0.6370370370370371 0.32969121140142515 
0.6129629629629629 0.33254156769596194 
0.37777777777777777 0.333729216152019 
0.2074074074074074 0.3429064996760959 
0.15555555555555556 0.34943256795988376 
0.24814814814814815 0.3383884524027041 
0.32592592592592595 0.3350752177355502 
0.24444444444444444 0.3404592240696753 
0.17962962962962964 0.35391923990498814 
0.22037037037037038 0.3429064996760959 
0.19444444444444445 0.3458432304038004 
0.18333333333333332 0.34943256795988376 
0.17962962962962964 1.0 
0.24259259259259258 0.3429064996760959 
0.18333333333333332 0.35391923990498814 
0.18703703703703703 0.34943256795988376 
0.2351851851851852 0.3458432304038004 
