666.0 4.1
759.0 4.055555555555555
706.0 4.083333333333333
756.0 4.0625
916.0 4.045454545454546
903.0 4.05
764.0 4.052631578947368
721.0 4.066666666666666
681.0 4.090909090909091
659.0 4.111111111111111
698.0 4.071428571428571
696.0 4.076923076923077
843.0 4.05
664.0 4.125
666.0 4.111111111111111
671.0 4.090909090909091
689.0 4.083333333333333
730.0 4.0588235294117645
728.0 4.066666666666666
757.0 4.055555555555555
758.0 4.052631578947368
661.0 6.125
860.0 4.043478260869565
663.0 6.111111111111111
847.0 4.0476190476190474
856.0 4.045454545454546
940.0 4.041666666666667
628.0 4.111111111111111
631.0 3.1
629.0 4.1
665.0 4.076923076923077
673.0 4.071428571428571
687.0 4.055555555555555
742.0 4.0476190476190474
716.0 4.052631578947368
738.0 4.05
646.0 4.125
647.0 4.1
1111.0 4.03030303030303
660.0 4.090909090909091
1020.0 4.03125
948.0 4.033333333333333
1016.0 4.032258064516129
904.0 4.035714285714286
942.0 4.0344827586206895
891.0 4.038461538461538
895.0 4.037037037037037
795.0 4.04
787.0 4.041666666666667
596.0 3.125
598.0 3.111111111111111
590.0 3.111111111111111
912.0 3.033333333333333
710.0 3.0476190476190474
632.0 3.076923076923077
600.0 3.090909090909091
844.0 3.0357142857142856
899.0 3.0344827586206895
592.0 3.1
656.0 3.0714285714285716
664.0 3.066666666666667
672.0 3.0588235294117645
682.0 3.0526315789473686
701.0 3.05
674.0 3.0555555555555554
842.0 3.037037037037037
946.0 3.03125
830.0 3.0384615384615383
788.0 3.0416666666666665
812.0 3.04
777.0 3.0454545454545454
605.0 3.111111111111111
1084.0 3.0294117647058822
819.0 3.0344827586206895
939.0 3.033333333333333
608.0 3.1
997.0 3.03125
1083.0 3.0303030303030303
651.0 3.090909090909091
682.0 3.0714285714285716
689.0 3.0625
941.0 3.032258064516129
659.0 3.076923076923077
704.0 3.05
654.0 3.0833333333333335
699.0 3.0555555555555554
778.0 3.04
813.0 3.0384615384615383
748.0 3.0416666666666665
726.0 3.0476190476190474
736.0 3.0434782608695654
728.0 3.0454545454545454
816.0 3.037037037037037
818.0 3.0357142857142856
594.0 5.111111111111111
596.0 5.1
617.0 4.090909090909091
599.0 4.111111111111111
603.0 4.1
654.0 3.0714285714285716
1063.0 3.0294117647058822
662.0 3.0526315789473686
943.0 3.0303030303030303
692.0 3.0357142857142856
799.0 3.0344827586206895
858.0 3.03125
679.0 3.0434782608695654
815.0 3.032258064516129
684.0 3.0384615384615383
671.0 3.0476190476190474
675.0 3.0454545454545454
804.0 3.033333333333333
688.0 3.037037037037037
626.0 3.111111111111111
870.0 4.043478260869565
831.0 4.0476190476190474
800.0 4.05
746.0 4.0588235294117645
687.0 4.071428571428571
684.0 4.076923076923077
659.0 4.111111111111111
661.0 4.1
753.0 4.052631578947368
670.0 4.090909090909091
675.0 4.083333333333333
719.0 4.066666666666666
658.0 4.125
736.0 4.0625
639.0 4.090909090909091
798.0 4.043478260869565
784.0 4.052631578947368
745.0 4.055555555555555
713.0 4.071428571428571
685.0 4.076923076923077
675.0 4.083333333333333
724.0 4.0588235294117645
719.0 4.0625
715.0 4.066666666666666
1031.0 4.041666666666667
809.0 4.038461538461538
632.0 4.111111111111111
629.0 6.111111111111111
637.0 4.1
851.0 4.037037037037037
677.0 4.0625
685.0 4.052631578947368
708.0 4.05
709.0 4.0476190476190474
883.0 4.035714285714286
745.0 4.041666666666667
645.0 4.083333333333333
656.0 4.076923076923077
728.0 4.045454545454546
741.0 4.043478260869565
614.0 3.1
757.0 3.0526315789473686
726.0 3.0588235294117645
675.0 3.0625
634.0 3.066666666666667
626.0 3.0714285714285716
622.0 3.0833333333333335
619.0 3.090909090909091
653.0 4.090909090909091
778.0 4.041666666666667
673.0 4.055555555555555
729.0 4.052631578947368
670.0 4.066666666666666
744.0 4.0476190476190474
660.0 4.083333333333333
661.0 4.076923076923077
772.0 4.043478260869565
668.0 4.071428571428571
633.0 4.1
626.0 4.111111111111111
807.0 4.038461538461538
794.0 4.04
930.0 4.037037037037037
762.0 4.052631578947368
899.0 4.04
926.0 4.038461538461538
757.0 4.055555555555555
718.0 4.0625
647.0 4.111111111111111
651.0 4.1
742.0 4.0588235294117645
676.0 4.083333333333333
1070.0 4.033333333333333
836.0 4.041666666666667
698.0 4.066666666666666
787.0 4.045454545454546
689.0 4.071428571428571
1002.0 4.0344827586206895
998.0 4.035714285714286
617.0 3.090909090909091
613.0 3.125
612.0 4.111111111111111
1008.0 3.0344827586206895
685.0 3.0714285714285716
794.0 3.0357142857142856
737.0 3.0416666666666665
761.0 3.04
779.0 3.0384615384615383
721.0 3.0434782608695654
783.0 3.037037037037037
694.0 3.0588235294117645
708.0 3.05
717.0 3.0454545454545454
696.0 3.0555555555555554
704.0 3.0526315789473686
625.0 3.125
836.0 3.0384615384615383
748.0 3.0625
696.0 3.076923076923077
750.0 3.0526315789473686
781.0 3.0476190476190474
646.0 3.1
629.0 3.111111111111111
710.0 3.066666666666667
821.0 3.0454545454545454
671.0 3.090909090909091
673.0 3.0833333333333335
703.0 3.0714285714285716
825.0 3.0434782608695654
832.0 3.04
616.0 4.111111111111111
620.0 4.1
944.0 4.052631578947368
936.0 4.055555555555555
668.0 4.111111111111111
720.0 4.076923076923077
674.0 4.1
764.0 4.071428571428571
694.0 4.083333333333333
692.0 4.090909090909091
788.0 4.0588235294117645
666.0 4.111111111111111
683.0 4.1
741.0 4.071428571428571
687.0 4.083333333333333
696.0 4.076923076923077
799.0 4.052631578947368
784.0 4.055555555555555
771.0 4.0625
780.0 4.0588235294117645
934.0 4.05
766.0 4.066666666666666
