0.09344490934449093 0.04098360655737728 
0.21338912133891214 0.021803278688524504 
0.14365411436541142 0.036721311475410086 
0.15760111576011157 0.03299180327868859 
0.18410041841004185 0.029701060752169602 
0.7377963737796374 0.01285245901639355 
0.3472803347280335 0.015965787598004523 
0.5606694560669456 0.01434426229508191 
0.2301255230125523 0.017734724292101378 
0.19665271966527198 0.024158757549611953 
0.02092050209205021 0.9616393442622945 
0.02789400278940028 0.9467213114754093 
0.02510460251046025 0.9535022354694482 
