0.6889818688981869 0.9052823315118396 
0.1101813110181311 0.9535022354694482 
0.3891213389121339 0.928073770491803 
0.45327754532775455 0.9094262295081967 
0.5746164574616457 0.9065573770491799 
0.41562064156206413 0.9168852459016389 
0.403068340306834 0.924783027965284 
0.4393305439330544 0.9128166915052162 

0.6094839609483961 0.8977049180327865 
0.07531380753138076 0.9467213114754093 
0.4407252440725244 0.9128166915052162 
0.5160390516039052 0.8992548435171382 
0.592747559274756 0.8984570877531336 
0.4602510460251046 0.9029960429621251 
0.45188284518828453 0.9065573770491799 
0.4490934449093445 0.9094262295081967 
0.496513249651325 0.9001024590163932 
0.4435146443514644 0.9110477548111189 
0.47419804741980476 0.9019672131147537 
0.4825662482566248 0.9010047593865677 

0.6708507670850767 0.9079344262295079 
0.06276150627615062 0.9535022354694482 
0.5244072524407253 0.9467213114754093 
0.5425383542538355 0.9318032786885241 
0.5397489539748954 0.9409836065573765 
0.5704323570432357 0.9218579234972673 
0.5606694560669456 0.928073770491803 
0.5788005578800558 0.9147540983606552 
0.595536959553696 0.9094262295081967 
0.5829846582984658 0.9128166915052162 
0.5913528591352859 0.9110477548111189 

0.09344490934449093 0.04098360655737728 
0.6861924686192469 0.01434426229508191 
0.3054393305439331 0.017734724292101378 
0.5271966527196653 0.015965787598004523 
0.21338912133891214 0.021803278688524504 
0.20920502092050208 0.0267759562841529 
0.14365411436541142 0.036721311475410086 
0.15760111576011157 0.03299180327868859 
0.18410041841004185 0.029701060752169602 

0.13249651324965134 0.928073770491803 
0.7545327754532776 0.9029960429621251 
0.4811715481171548 0.9065573770491799 
0.2649930264993027 0.9192407247627259 
0.6792189679218968 0.9052823315118396 
0.19386331938633194 0.924783027965284 
0.35564853556485354 0.9168852459016389 
0.41701534170153415 0.9128166915052162 
0.6834030683403068 0.9040983606557373 
0.45885634588563456 0.9094262295081967 
0.46443514644351463 0.9079344262295079 

0.07670850767085077 0.9715846994535512 
0.6722454672245467 0.9040983606557373 
0.1297071129707113 0.9616393442622945 
0.1492329149232915 0.9409836065573765 
0.3472803347280335 0.9128166915052162 
0.5313807531380753 0.9094262295081967 
0.5383542538354253 0.9079344262295079 
0.6555090655509066 0.9052823315118396 
0.18688981868898186 0.9318032786885241 
0.21338912133891214 0.9218579234972673 
0.28730822873082285 0.9192407247627259 
0.20781032078103207 0.924783027965284 
0.31659693165969316 0.9168852459016389 
0.3319386331938633 0.9147540983606552 

0.10460251046025104 0.05842026825633381 
0.7377963737796374 0.01285245901639355 
0.3472803347280335 0.015965787598004523 
0.5606694560669456 0.01434426229508191 
0.2301255230125523 0.017734724292101378 
0.15341701534170155 0.036721311475410086 
0.14504881450488144 0.04590163934426251 
0.19246861924686193 0.03299180327868859 
0.19665271966527198 0.024158757549611953 
0.10739191073919108 0.05163934426229527 
0.21338912133891214 0.021803278688524504 

0.6959553695955369 0.9019672131147537 
0.10320781032078104 0.9715846994535512 
0.1394700139470014 0.9616393442622945 
0.4769874476987448 0.924783027965284 
0.499302649930265 0.9128166915052162 
0.6304044630404463 0.9110477548111189 
0.4825662482566248 0.9218579234972673 
0.49372384937238495 0.9147540983606552 
0.6750348675034867 0.9052823315118396 
0.6317991631799164 0.9094262295081967 
0.6485355648535565 0.9079344262295079 
0.6624825662482566 0.9065573770491799 

0.026499302649930265 0.9535022354694482 
0.02092050209205021 0.9616393442622945 

0.022315202231520222 0.9616393442622945 
0.02789400278940028 0.9467213114754093 
0.02510460251046025 0.9535022354694482 

