1394.0 4.037037037037037 
979.0 4.090909090909091 
1179.0 4.0625 
1225.0 4.041666666666667 
1312.0 4.038461538461538 
1198.0 4.05 
1189.0 4.0588235294117645 
1215.0 4.045454545454546 

1337.0 4.0285714285714285 
954.0 4.083333333333333 
1216.0 4.045454545454546 
1270.0 4.03030303030303 
1325.0 4.029411764705882 
1230.0 4.0344827586206895 
1224.0 4.038461538461538 
1222.0 4.041666666666667 
1256.0 4.03125 
1218.0 4.043478260869565 
1240.0 4.033333333333333 
1246.0 4.032258064516129 

1381.0 4.04 
945.0 4.090909090909091 
1276.0 4.083333333333333 
1289.0 4.066666666666666 
1287.0 4.076923076923077 
1309.0 4.055555555555555 
1302.0 4.0625 
1315.0 4.0476190476190474 
1327.0 4.041666666666667 
1318.0 4.045454545454546 
1324.0 4.043478260869565 

967.0 3.0714285714285716 
1392.0 3.0416666666666665 
1119.0 3.0454545454545454 
1278.0 3.0434782608695654 
1053.0 3.05 
1050.0 3.0555555555555554 
1003.0 3.066666666666667 
1013.0 3.0625 
1032.0 3.0588235294117645 

995.0 4.0625 
1441.0 4.0344827586206895 
1245.0 4.038461538461538 
1090.0 4.052631578947368 
1387.0 4.037037037037037 
1039.0 4.0588235294117645 
1155.0 4.05 
1199.0 4.045454545454546 
1390.0 4.035714285714286 
1229.0 4.041666666666667 
1233.0 4.04 

955.0 4.111111111111111 
1382.0 4.035714285714286 
993.0 4.1 
1007.0 4.076923076923077 
1149.0 4.045454545454546 
1281.0 4.041666666666667 
1286.0 4.04 
1370.0 4.037037037037037 
1034.0 4.066666666666666 
1053.0 4.055555555555555 
1106.0 4.052631578947368 
1049.0 4.0588235294117645 
1127.0 4.05 
1138.0 4.0476190476190474 

975.0 3.090909090909091 
1429.0 3.04 
1149.0 3.0434782608695654 
1302.0 3.0416666666666665 
1065.0 3.0454545454545454 
1010.0 3.066666666666667 
1004.0 3.076923076923077 
1038.0 3.0625 
1041.0 3.0526315789473686 
977.0 3.0833333333333335 
1053.0 3.05 

1399.0 4.033333333333333 
974.0 4.111111111111111 
1000.0 4.1 
1242.0 4.0588235294117645 
1258.0 4.045454545454546 
1352.0 4.043478260869565 
1246.0 4.055555555555555 
1254.0 4.0476190476190474 
1384.0 4.037037037037037 
1353.0 4.041666666666667 
1365.0 4.04 
1375.0 4.038461538461538 

919.0 4.090909090909091 
915.0 4.1 

916.0 4.1 
920.0 4.083333333333333 
918.0 4.090909090909091 

