0.5384615384615384 0.14093086358224657 
0.514792899408284 0.14103203051620697 
0.4556213017751479 0.1410855894812447 
0.42011834319526625 0.14114129080488397 
0.0 0.14665572184517953 
0.011834319526627219 0.14619154414818494 
0.029585798816568046 0.14421878893595796 
0.08875739644970414 0.1420383752803389 
0.04142011834319527 0.14319839830894424 
0.08284023668639054 0.14273922252678786 
0.26627218934911245 0.14119926565193733 
0.11242603550295859 0.14194253292185005 
0.15976331360946747 0.1416037413290526 
0.20710059171597633 0.14132261639034827 
0.14792899408284024 0.14176487391587078 
0.22485207100591717 0.14125965611761773 
0.07692307692307693 0.1428824063728367 
