0.07100591715976332 0.5738848741589833 
0.5384615384615384 0.14093086358224657 
0.08875739644970414 0.1454024420632943 
0.17159763313609466 0.1420383752803389 
0.23076923076923078 0.14176487391587078 
0.514792899408284 0.14103203051620697 
0.4556213017751479 0.1410855894812447 
0.26627218934911245 0.1416037413290526 
0.3727810650887574 0.14125965611761773 
0.3136094674556213 0.14145693163884035 
0.42011834319526625 0.14114129080488397 
0.35502958579881655 0.14138831406624122 
0.14792899408284024 0.14273922252678786 
0.10059171597633136 0.14447610483320494 
0.13609467455621302 0.14356120386521565 
0.11834319526627218 0.14398205831049068 

0.07100591715976332 0.5732930475953152 
0.5976331360946746 0.567437742231365 
0.09467455621301775 0.5727708476861962 
0.10059171597633136 0.5708719389257639 
0.2781065088757396 0.5685932484132451 
0.17159763313609466 0.5689975322138534 
0.11834319526627218 0.5705912306742217 
0.5029585798816568 0.5675720574798571 
0.15976331360946747 0.569488448257449 
0.42011834319526625 0.5677975152183973 
0.31952662721893493 0.5680576587628668 
0.3668639053254438 0.5679666085223025 

0.0 0.14665572184517953 
0.4319526627218935 0.14119926565193733 
0.26627218934911245 0.14125965611761773 
0.011834319526627219 0.14619154414818494 
0.029585798816568046 0.14421878893595796 
0.08875739644970414 0.1420383752803389 
0.04142011834319527 0.14319839830894424 
0.17751479289940827 0.14168238937738056 
0.17159763313609466 0.14194253292185005 
0.08284023668639054 0.14273922252678786 

0.07100591715976332 0.5732930475953152 
0.4970414201183432 0.5677188671700694 
0.30177514792899407 0.5677975152183973 
0.09467455621301775 0.5727708476861962 
0.10059171597633136 0.5708719389257639 
0.1242603550295858 0.569488448257449 
0.20118343195266272 0.5681535011213557 
0.1301775147928994 0.5691502616496387 
0.1893491124260355 0.5682545241478706 

0.07100591715976332 0.5738848741589833 
1.0 0.567437742231365 
0.10059171597633136 0.5703339147769747 
0.5562130177514792 0.5675720574798571 
0.8106508875739645 0.5675034399072579 
0.5325443786982249 0.5677975152183973 
0.14201183431952663 0.5691502616496387 
0.33727810650887574 0.5679666085223025 
0.2603550295857988 0.5680576587628668 
0.20710059171597633 0.5688543483678046 
0.24260355029585798 0.568361159564748 
0.1893491124260355 0.5689975322138534 

0.029585798816568046 0.14447610483320494 
0.26627218934911245 0.14119926565193733 
0.05325443786982249 0.14319839830894424 
0.11242603550295859 0.14194253292185005 
0.03550295857988166 0.14421878893595796 
0.09467455621301775 0.1426047164895907 
0.15976331360946747 0.1416037413290526 
0.20710059171597633 0.14132261639034827 
0.14792899408284024 0.14176487391587078 
0.22485207100591717 0.14125965611761773 
0.07692307692307693 0.1428824063728367 

0.11834319526627218 1.0 
0.8875739644970414 0.993489907799651 
0.14792899408284024 0.9969870647667809 
0.6331360946745562 0.9936185657482745 
0.5384615384615384 0.9939126410594143 
0.1952662721893491 0.9954286499909777 
0.4319526627218935 0.9942686269623724 
0.1893491124260355 0.9964490406179918 
0.3254437869822485 0.9947083742542622 
0.25443786982248523 0.9951126580548699 
0.6035502958579881 0.9938339930110859 
0.15384615384615385 0.9967063565152388 

0.07100591715976332 0.5753416780080124 
0.5502958579881657 0.5675720574798571 
0.10059171597633136 0.5715175679043111 
0.23668639053254437 0.568473888434018 
0.378698224852071 0.568361159564748 
0.1242603550295858 0.5698786635741532 
0.4970414201183432 0.5679666085223025 
0.17159763313609466 0.569313524149961 
0.21301775147928995 0.5689975322138534 
0.4437869822485207 0.5681535011213557 
0.3905325443786982 0.5682545241478706 
0.23076923076923078 0.5685932484132451 

0.6094674556213018 0.14132261639034827 
0.01775147928994083 0.14619154414818494 
0.38461538461538464 0.14138831406624122 
0.047337278106508875 0.14475681308474714 
0.05917159763313609 0.14337332241643233 
0.029585798816568046 0.14577622726140033 
0.17751479289940827 0.1424781225722284 
0.3076923076923077 0.14168238937738056 
0.20710059171597633 0.14194253292185005 
0.11242603550295859 0.14273922252678786 
0.2781065088757396 0.14176487391587078 
0.1834319526627219 0.1420383752803389 
0.08875739644970414 0.1428824063728367 
0.07692307692307693 0.14319839830894424 

0.07100591715976332 0.5738848741589833 
0.5443786982248521 0.5675720574798571 
0.10059171597633136 0.5715175679043111 
0.21893491124260356 0.5708719389257639 
0.31952662721893493 0.5682545241478706 
0.4437869822485207 0.5676437940330291 
0.22485207100591717 0.5696763297062324 
0.30177514792899407 0.569313524149961 
0.13609467455621302 0.5711793812965006 
0.3905325443786982 0.5681535011213557 
0.4260355029585799 0.5680576587628668 
0.26627218934911245 0.569488448257449 

