MSI    MAC     Extensibility       Elegance
446.0  8.411111111111111  1.5  0.34801098045133344
587.0  9.014285714285716  1.5  0.34328867531699137
578.0  10.313501144164759  1.5  0.34328867531699137
517.0  10.579365079365079  1.5  0.34328867531699137
462.0  8.62878787878788  1.5  0.34328867531699137
480.0  7.296918767507003  2.0  0.3403116392575113
469.0  7.204761904761905  1.5  0.34328867531699137
476.0  6.483552631578947  2.0  0.3403116392575113
467.0  7.434065934065933  1.5  0.34328867531699137
