0.05917159763313609 0.347604485219164 
0.3333333333333333 0.3297655453618756 
0.10848126232741617 0.3440366972477063 

0.6134122287968442 0.3226299694189602 
0.09467455621301775 0.347604485219164 
0.21301775147928995 0.33081489476524545 
0.5325443786982249 0.3253058103975536 
0.39447731755424065 0.3258875149581173 
0.3234714003944773 0.3265221017514597 
0.29191321499013806 0.3297655453618756 
0.3096646942800789 0.3288266537904393 

0.09467455621301775 0.3520642201834862 
0.6173570019723866 0.3253058103975536 
0.13214990138067062 0.3440366972477063 
0.4280078895463511 0.32721712538226294 
0.5384615384615384 0.3258875149581173 
0.3826429980276134 0.3279816513761467 
0.15779092702169625 0.3411175979983319 
0.30177514792899407 0.33333333333333326 
0.20118343195266272 0.33868501529051975 
0.2504930966469428 0.33662667607621727 
0.32938856015779094 0.33081489476524545 
0.28402366863905326 0.3348623853211008 
0.3254437869822485 0.33199541284403666 

0.28402366863905326 0.3288266537904393 
0.15779092702169625 0.347604485219164 
0.20512820512820512 0.33868501529051975 
0.24260355029585798 0.33333333333333326 
0.25443786982248523 0.33081489476524545 
0.26627218934911245 0.3297655453618756 

0.05128205128205128 0.026503567787971503 
0.33727810650887574 0.006880733944954103 
0.14595660749506903 0.010894495412844067 
0.1992110453648915 0.009713977334052852 
0.30177514792899407 0.008664627930682945 
0.09664694280078895 0.020016680567139285 
0.1341222879684418 0.015525758645024786 
0.10650887573964497 0.017584097859327293 
0.31952662721893493 0.0077257363592468245 

0.05128205128205128 0.347604485219164 
0.1992110453648915 0.008664627930682945 
0.08481262327416174 0.017584097859327293 
0.1222879684418146 0.009713977334052852 
0.09861932938856016 0.013761467889908348 
0.11242603550295859 0.010894495412844067 
0.09467455621301775 0.015525758645024786 

0.11045364891518737 0.3440366972477063 
0.5108481262327417 0.323394495412844 
0.33530571992110453 0.3258875149581173 
0.14201183431952663 0.33868501529051975 
0.4358974358974359 0.3253058103975536 
0.22879684418145957 0.3288266537904393 
0.15976331360946747 0.33662667607621727 
0.3096646942800789 0.32721712538226294 
0.20118343195266272 0.33333333333333326 
0.21104536489151873 0.33199541284403666 
0.2603550295857988 0.3279816513761467 
0.47731755424063116 0.32381923207611285 
0.4556213017751479 0.3242766407904022 
0.4418145956607495 0.3247706422018349 

0.3037475345167653 0.3288266537904393 
0.07495069033530571 0.9833194328607171 
0.126232741617357 0.33868501529051975 
0.21893491124260356 0.3297655453618756 
0.1854043392504931 0.3348623853211008 
0.1893491124260355 0.33333333333333326 
0.20512820512820512 0.33199541284403666 
0.20710059171597633 0.33081489476524545 

0.4339250493096647 0.32381923207611285 
0.09664694280078895 0.3411175979983319 
0.19723865877712032 0.3348623853211008 
0.10059171597633136 0.33662667607621727 
0.378698224852071 0.3265221017514597 
0.2603550295857988 0.3279816513761467 
0.21696252465483234 0.3297655453618756 
0.40433925049309666 0.3242766407904022 
0.2485207100591716 0.3288266537904393 
0.40039447731755423 0.3253058103975536 

0.08678500986193294 0.33662667607621727 
0.14990138067061143 0.3288266537904393 
0.11439842209072978 0.3348623853211008 
0.126232741617357 0.33081489476524545 
0.13806706114398423 0.3297655453618756 

