625.0 4.111111111111111 
764.0 4.055555555555555 
650.0 4.1 

906.0 4.033333333333333 
643.0 4.111111111111111 
703.0 4.0588235294117645 
865.0 4.041666666666667 
795.0 4.043478260869565 
759.0 4.045454545454546 
743.0 4.055555555555555 
752.0 4.052631578947368 

643.0 4.125 
908.0 4.041666666666667 
662.0 4.1 
812.0 4.0476190476190474 
868.0 4.043478260869565 
789.0 4.05 
675.0 4.090909090909091 
748.0 4.066666666666666 
697.0 4.083333333333333 
722.0 4.076923076923077 
762.0 4.0588235294117645 
739.0 4.071428571428571 
760.0 4.0625 

739.0 4.052631578947368 
675.0 4.111111111111111 
699.0 4.083333333333333 
718.0 4.066666666666666 
724.0 4.0588235294117645 
730.0 4.055555555555555 

621.0 3.111111111111111 
766.0 3.05 
669.0 3.0625 
696.0 3.0588235294117645 
748.0 3.0555555555555554 
644.0 3.090909090909091 
663.0 3.076923076923077 
649.0 3.0833333333333335 
757.0 3.0526315789473686 

621.0 4.111111111111111 
696.0 3.0555555555555554 
638.0 3.0833333333333335 
657.0 3.0588235294117645 
645.0 3.0714285714285716 
652.0 3.0625 
643.0 3.076923076923077 

651.0 4.1 
854.0 4.035714285714286 
765.0 4.043478260869565 
667.0 4.083333333333333 
816.0 4.041666666666667 
711.0 4.052631578947368 
676.0 4.076923076923077 
752.0 4.0476190476190474 
697.0 4.066666666666666 
702.0 4.0625 
727.0 4.05 
837.0 4.037037037037037 
826.0 4.038461538461538 
819.0 4.04 

749.0 4.052631578947368 
633.0 6.090909090909091 
659.0 4.083333333333333 
706.0 4.055555555555555 
689.0 4.071428571428571 
691.0 4.066666666666666 
699.0 4.0625 
700.0 4.0588235294117645 

815.0 4.037037037037037 
644.0 4.090909090909091 
695.0 4.071428571428571 
646.0 4.076923076923077 
787.0 4.045454545454546 
727.0 4.05 
705.0 4.055555555555555 
800.0 4.038461538461538 
721.0 4.052631578947368 
798.0 4.041666666666667 

639.0 4.076923076923077 
671.0 4.052631578947368 
653.0 4.071428571428571 
659.0 4.0588235294117645 
665.0 4.055555555555555 

