817.0 563.0555555555555 
839.0 113.02380952380952 
815.0 565.0625 
841.0 111.02272727272727 
831.0 198.03030303030303 
833.0 194.02941176470588 
835.0 192.02777777777777 
837.0 188.02702702702703 
850.0 99.02 
810.0 584.0714285714286 
829.0 540.0555555555555 
830.0 200.03225806451613 
812.0 582.0625 
827.0 542.0625 
859.0 96.01960784313725 
855.0 96.02 
853.0 98.02083333333333 
838.0 115.02380952380952 
852.0 99.01960784313725 
848.0 101.02 
840.0 113.02272727272727 
842.0 109.02222222222223 
844.0 107.02127659574468 
846.0 103.02083333333333 
