0.15384615384615385 0.7397441738150013 
0.3418803418803419 0.02997376365752892 
0.13675213675213677 0.7429094389192016 
0.358974358974359 0.026817744148608994 
0.27350427350427353 0.1640422916984291 
0.2905982905982906 0.15773226077368183 
0.3076923076923077 0.15457537109108843 
0.3247863247863248 0.1482655617802185 
0.4358974358974359 0.007887567034457236 
0.09401709401709402 0.77288949065503 
0.2564102564102564 0.7034695785724019 
0.26495726495726496 0.16719968772277538 
0.1111111111111111 0.7697210962724272 
0.23931623931623933 0.7066348436766022 
0.5128205128205128 0.0031554795970978535 
0.47863247863247865 0.003156098089770361 
0.46153846153846156 0.00631172501649069 
0.3333333333333333 0.03312807628732017 
0.452991452991453 0.007886948541784728 
0.4188034188034188 0.011041879664248485 
0.3504273504273504 0.029972056778400244 
0.36752136752136755 0.02366263497522438 
0.38461538461538464 0.020506830944662536 
0.4017094017094017 0.014197506590968814 
