0.49572649572649574 0.007886948541784728 
0.09401709401709402 0.810741242212525 
0.2564102564102564 0.7129500404208302 
0.28205128205128205 0.2050514392802704 
0.36752136752136755 0.17508716516425876 
0.17094017094017094 0.7429094389192016 
0.37606837606837606 0.03312807628732017 
0.1282051282051282 0.8012584242015348 
0.3162393162393162 0.19242712264858344 
0.29914529914529914 0.1955840123311768 
0.46153846153846156 0.007887567034457236 
0.4017094017094017 0.020508322345433126 
0.42735042735042733 0.020506830944662536 
0.4358974358974359 0.011043193961177564 
0.39316239316239315 0.029972056778400244 

0.1282051282051282 0.810741242212525 
0.46153846153846156 0.007887567034457236 
0.2564102564102564 0.7129500404208302 
0.27350427350427353 0.2050514392802704 
0.17094017094017094 0.7429094389192016 
0.36752136752136755 0.03312807628732017 
0.358974358974359 0.17508716516425876 
0.3418803418803419 0.1861173133377135 
0.3076923076923077 0.1955840123311768 
0.4017094017094017 0.02366263497522438 
0.42735042735042733 0.017352518314871283 
0.4358974358974359 0.014197506590968814 

0.09401709401709402 0.810741242212525 
0.5042735042735043 0.007886353837291945 
0.23931623931623933 0.7097833579375886 
0.27350427350427353 0.2018940432559241 
0.15384615384615385 0.7397441738150013 
0.3162393162393162 0.15457537109108843 
0.3418803418803419 0.02997376365752892 
0.1111111111111111 0.8075728478299222 
0.13675213675213677 0.7429094389192016 
0.2905982905982906 0.1955840123311768 
0.29914529914529914 0.15773226077368183 
0.4358974358974359 0.011041879664248485 
0.4700854700854701 0.007886948541784728 
0.358974358974359 0.026817744148608994 
0.38461538461538464 0.02366263497522438 
0.4188034188034188 0.014197506590968814 
0.4017094017094017 0.020506830944662536 
0.41025641025641024 0.017352518314871283 

0.13675213675213677 0.810741242212525 
0.47863247863247865 0.007886948541784728 
0.2564102564102564 0.7444865952340972 
0.27350427350427353 0.1640422916984291 
0.358974358974359 0.02997376365752892 
0.2222222222222222 0.7807839379235461 
0.3418803418803419 0.14510906320958886 
0.17094017094017094 0.8107337319443589 
0.39316239316239315 0.020508322345433126 
0.4444444444444444 0.007887567034457236 
0.2905982905982906 0.15773226077368183 
0.3076923076923077 0.15457537109108843 
0.3247863247863248 0.1482655617802185 
0.41025641025641024 0.017352518314871283 
0.42735042735042733 0.011043193961177564 

0.1623931623931624 0.77288949065503 
0.5042735042735043 0.007886948541784728 
0.2564102564102564 0.7066348436766022 
0.29914529914529914 0.16719968772277538 
0.358974358974359 0.15457537109108843 
0.37606837606837606 0.03312807628732017 
0.4358974358974359 0.011043193961177564 
0.4700854700854701 0.007887567034457236 
0.4017094017094017 0.020508322345433126 
0.42735042735042733 0.020506830944662536 
0.3247863247863248 0.1640422916984291 
0.39316239316239315 0.029972056778400244 
0.3418803418803419 0.15773226077368183 

0.5213675213675214 0.007887567034457236 
0.1282051282051282 0.810741242212525 
0.2564102564102564 0.7129500404208302 
0.29914529914529914 0.16719968772277538 
0.3162393162393162 0.1640422916984291 
0.38461538461538464 0.02997376365752892 
0.18803418803418803 0.7397441738150013 
0.1452991452991453 0.8075728478299222 
0.17094017094017094 0.7429094389192016 
0.4700854700854701 0.011041879664248485 
0.5042735042735043 0.01104126117157598 
0.4358974358974359 0.020506830944662536 
0.452991452991453 0.014197506590968814 
0.4017094017094017 0.026817744148608994 
0.4188034188034188 0.02366263497522438 

0.5299145299145299 0.007886948541784728 
0.09401709401709402 0.810741242212525 
0.23931623931623933 0.7097833579375886 
0.27350427350427353 0.2018940432559241 
0.15384615384615385 0.7397441738150013 
0.3418803418803419 0.18296081476708384 
0.358974358974359 0.02997376365752892 
0.10256410256410256 0.8075728478299222 
0.41025641025641024 0.017352518314871283 
0.4444444444444444 0.014196836031311121 
0.46153846153846156 0.011041879664248485 
0.49572649572649574 0.007887567034457236 
0.37606837606837606 0.026817744148608994 
0.4017094017094017 0.020508322345433126 
0.2905982905982906 0.1955840123311768 
0.3076923076923077 0.19242712264858344 
0.3247863247863248 0.1861173133377135 

0.4358974358974359 0.007887567034457236 
0.09401709401709402 0.77288949065503 
0.2564102564102564 0.7034695785724019 
0.26495726495726496 0.16719968772277538 
0.1111111111111111 0.7697210962724272 
0.23931623931623933 0.7066348436766022 
0.3333333333333333 0.1482655617802185 
0.3504273504273504 0.02997376365752892 
0.3162393162393162 0.1640408860332643 
0.28205128205128205 0.1640422916984291 
0.36752136752136755 0.026817744148608994 
0.38461538461538464 0.020508322345433126 
0.4017094017094017 0.017352518314871283 
0.4188034188034188 0.011043193961177564 

0.5128205128205128 0.0031554795970978535 
0.1111111111111111 0.810741242212525 
0.27350427350427353 0.741321330129897 
0.2905982905982906 0.2050514392802704 
0.15384615384615385 0.7429094389192016 
0.37606837606837606 0.17508716516425876 
0.39316239316239315 0.025242294712842044 
0.47863247863247865 0.003156098089770361 
0.4358974358974359 0.00946673674039316 
0.46153846153846156 0.00631172501649069 
0.358974358974359 0.1861173133377135 
0.41025641025641024 0.022086275203922118 
0.4188034188034188 0.012622540770955003 
0.3076923076923077 0.2018940432559241 
0.3247863247863248 0.1955840123311768 
0.3418803418803419 0.19242712264858344 

0.5128205128205128 0.007886353837291945 
0.27350427350427353 0.2050514392802704 
0.3247863247863248 0.19242712264858344 
0.3333333333333333 0.03312807628732017 
0.452991452991453 0.007886948541784728 
0.4188034188034188 0.011041879664248485 
0.2905982905982906 0.2018940432559241 
0.3076923076923077 0.1955840123311768 
0.3504273504273504 0.029972056778400244 
0.36752136752136755 0.02366263497522438 
0.38461538461538464 0.020506830944662536 
0.4017094017094017 0.014197506590968814 

