857.0 99.01960784313725 
810.0 608.0714285714286 
829.0 546.0666666666667 
832.0 224.03225806451613 
842.0 205.03333333333333 
819.0 565.0625 
843.0 115.02380952380952 
814.0 602.0588235294117 
836.0 216.02777777777777 
834.0 218.02941176470588 
853.0 99.02 
846.0 107.02222222222223 
849.0 107.02127659574468 
850.0 101.02083333333333 
845.0 113.02272727272727 

814.0 608.0714285714286 
853.0 99.02 
829.0 546.0666666666667 
831.0 224.03225806451613 
819.0 565.0625 
842.0 115.02380952380952 
841.0 205.03333333333333 
839.0 212.02702702702703 
835.0 218.02941176470588 
846.0 109.02222222222223 
849.0 105.02127659574468 
850.0 103.02083333333333 

810.0 608.0714285714286 
858.0 99.01923076923077 
827.0 544.0588235294117 
831.0 222.03030303030303 
817.0 563.0555555555555 
836.0 192.02777777777777 
839.0 113.02380952380952 
812.0 606.0625 
815.0 565.0625 
833.0 218.02941176470588 
834.0 194.02941176470588 
850.0 101.02 
854.0 99.01960784313725 
841.0 111.02272727272727 
844.0 109.02222222222223 
848.0 103.02083333333333 
846.0 107.02127659574468 
847.0 105.02127659574468 

815.0 608.0714285714286 
855.0 99.01960784313725 
829.0 566.0625 
831.0 198.03030303030303 
841.0 113.02380952380952 
825.0 589.0769230769231 
839.0 186.02564102564102 
819.0 608.0666666666667 
845.0 107.02222222222223 
851.0 99.02 
833.0 194.02941176470588 
835.0 192.02777777777777 
837.0 188.02702702702703 
847.0 105.02127659574468 
849.0 101.02083333333333 

818.0 584.0714285714286 
858.0 99.01960784313725 
829.0 542.0625 
834.0 200.03225806451613 
841.0 192.02777777777777 
843.0 115.02380952380952 
850.0 101.02083333333333 
854.0 99.02 
846.0 107.02222222222223 
849.0 107.02127659574468 
837.0 198.03030303030303 
845.0 113.02272727272727 
839.0 194.02941176470588 

860.0 99.02 
814.0 608.0714285714286 
829.0 546.0666666666667 
834.0 200.03225806451613 
836.0 198.03030303030303 
844.0 113.02380952380952 
821.0 563.0555555555555 
816.0 606.0625 
819.0 565.0625 
854.0 101.02 
858.0 101.01960784313725 
850.0 107.02127659574468 
852.0 103.02083333333333 
846.0 111.02272727272727 
848.0 109.02222222222223 

861.0 99.01960784313725 
810.0 608.0714285714286 
827.0 544.0588235294117 
831.0 222.03030303030303 
817.0 563.0555555555555 
839.0 210.02564102564102 
841.0 113.02380952380952 
811.0 606.0625 
847.0 105.02127659574468 
851.0 103.0204081632653 
853.0 101.02 
857.0 99.02 
843.0 111.02272727272727 
846.0 107.02222222222223 
833.0 218.02941176470588 
835.0 216.02777777777777 
837.0 212.02702702702703 

850.0 99.02 
810.0 584.0714285714286 
829.0 540.0555555555555 
830.0 200.03225806451613 
812.0 582.0625 
827.0 542.0625 
838.0 188.02702702702703 
840.0 113.02380952380952 
836.0 198.02941176470588 
832.0 198.03030303030303 
842.0 111.02272727272727 
844.0 107.02222222222223 
846.0 105.02127659574468 
848.0 101.02083333333333 

859.0 96.01960784313725 
812.0 608.0714285714286 
831.0 564.0555555555555 
833.0 224.03225806451613 
817.0 565.0625 
843.0 205.03333333333333 
845.0 110.02380952380952 
855.0 96.02 
850.0 100.02127659574468 
853.0 98.02083333333333 
841.0 212.02702702702703 
847.0 108.02272727272727 
848.0 102.02222222222223 
835.0 222.03030303030303 
837.0 218.02941176470588 
839.0 216.02777777777777 

859.0 99.01923076923077 
831.0 224.03225806451613 
837.0 216.02777777777777 
838.0 115.02380952380952 
852.0 99.01960784313725 
848.0 101.02 
833.0 222.03030303030303 
835.0 218.02941176470588 
840.0 113.02272727272727 
842.0 109.02222222222223 
844.0 107.02127659574468 
846.0 103.02083333333333 

