1547.0 95.01408450704226 
1596.0 95.01388888888889 
1728.0 95.01162790697674 
1600.0 95.01369863013699 
1521.0 95.01515151515152 
1472.0 97.0204081632653 
1722.0 95.01219512195122 
1659.0 95.01234567901234 
1747.0 95.01136363636364 
1789.0 95.01123595505618 
1640.0 95.01298701298701 
1488.0 95.01923076923077 
1807.0 95.01052631578948 
1459.0 109.02 
1809.0 93.01282051282051 
1474.0 96.02 
1489.0 95.01818181818182 
1481.0 95.02 
1463.0 103.02173913043478 
1457.0 109.02325581395348 
1461.0 103.02222222222223 
1466.0 99.02173913043478 
1468.0 97.02173913043478 
2920.0 89.00826446280992 
1958.0 89.015625 
2609.0 89.00862068965517 
2397.0 89.01030927835052 
2566.0 89.0091743119266 
2370.0 89.01176470588236 
2265.0 89.01204819277109 
2253.0 89.01234567901234 
2154.0 89.01282051282051 
1998.0 89.01351351351352 
2076.0 89.01315789473684 
2107.0 89.01298701298701 
2395.0 89.01052631578948 
1981.0 89.01408450704226 
2587.0 89.00884955752213 
