1461.0 112.02439024390245 
2189.0 95.01136363636364 
1465.0 104.02325581395348 
1462.0 110.02173913043478 
1960.0 95.01315789473684 
1771.0 95.01351351351352 
1469.0 104.0204081632653 
1470.0 100.01886792452831 
1474.0 96.02 
1472.0 98.02 
2141.0 95.01162790697674 
2059.0 95.0125 
1676.0 95.01492537313433 
1747.0 95.01470588235294 
1605.0 95.015625 
1672.0 95.01538461538462 
1489.0 95.01818181818182 
1547.0 95.01785714285714 
2003.0 95.0126582278481 
1553.0 95.01612903225806 
1481.0 95.02 
1758.0 95.01388888888889 
1751.0 95.01449275362319 
1765.0 95.01369863013699 
1468.0 104.02173913043478 
1549.0 95.01639344262296 
