1458.0 111.02439024390245 
2128.0 97.00854700854701 
1474.0 97.01886792452831 
1470.0 103.02 
1469.0 107.0204081632653 
1854.0 97.009009009009 
2027.0 97.00869565217391 
1462.0 109.02173913043478 
1460.0 109.02439024390245 
1465.0 107.02083333333333 
2036.0 97.00862068965517 
1731.0 97.01 
1788.0 97.00961538461539 
1499.0 97.01754385964912 
1554.0 97.01666666666667 
1662.0 97.01369863013699 
1625.0 97.01388888888889 
1816.0 97.00952380952381 
1667.0 97.0126582278481 
1840.0 97.00943396226415 
1689.0 97.0125 
1590.0 97.01538461538462 
1696.0 97.01204819277109 
1714.0 97.01136363636364 
1484.0 97.01851851851852 
1611.0 97.01449275362319 
1577.0 97.015625 
1566.0 97.01612903225806 
1722.0 97.01098901098901 
1845.0 97.0091743119266 
1596.0 97.01515151515152 
1605.0 97.01470588235294 
