1460.0 109.02222222222223 
2811.0 95.00704225352112 
1466.0 103.02173913043478 
1469.0 103.02127659574468 
1470.0 99.0204081632653 
2097.0 95.00869565217391 
2364.0 95.00819672131148 
1476.0 97.02 
1472.0 97.0204081632653 
1485.0 95.02 
2685.0 95.00735294117646 
2550.0 95.00757575757575 
1910.0 95.01010101010101 
1828.0 95.01030927835052 
2451.0 95.0079365079365 
2374.0 95.00806451612904 
2475.0 95.00763358778626 
2089.0 95.00909090909092 
2016.0 95.00925925925925 
2001.0 95.00952380952381 
1722.0 95.01219512195122 
1659.0 95.01234567901234 
1599.0 95.01449275362319 
1944.0 95.00970873786407 
1524.0 95.01886792452831 
1583.0 95.01515151515152 
1747.0 95.01136363636364 
1789.0 95.01123595505618 
1640.0 95.01298701298701 
1488.0 95.01923076923077 
1918.0 95.00980392156863 
1532.0 95.01694915254237 
1557.0 95.01639344262296 
2471.0 95.0077519379845 
1807.0 95.01052631578948 
