0.037269025994362666 0.1580902052582757 
0.05261509552145318 0.15808505889468086 
0.09395552771688068 0.15802557650615612 
0.05386783589101159 0.15808005352734908 
0.02912621359223301 0.1581182763324285 
0.013780144065142498 0.21087299073072197 
0.09207641716254306 0.15804049891721475 
0.07234575634199812 0.15804445980410045 
0.09990604447228311 0.15801862401918587 
0.11305981835264642 0.15801526495244725 
0.06639523958659568 0.15806133215343263 
0.018791105543376135 0.1582255942082285 
0.11869715001565925 0.15799659561310062 
0.009708737864077669 0.5265607810385048 
0.11932352020043846 0.10544053043981058 
0.014406514249921704 0.1845540419894595 
0.019104290635765738 0.15819799818302263 
0.01659880989664892 0.1582458312933791 
0.01096147823363608 0.3687572702719286 
0.009082367679298466 0.5266464356779803 
0.010335108048856874 0.36876997955245827 
0.011901033510804886 0.263524427487607 
0.01252740369558409 0.21090800609544622 
0.4672721578452866 8.78261318684242E-5 
0.1659880989664892 2.8146869510141387E-4 
0.3698715941121203 9.71978227690057E-5 
0.30347635452552457 1.4162156994515114E-4 
0.3564046351393674 1.1176263413171103E-4 
0.2950203570310053 1.7991126410560763E-4 
0.2621359223300971 1.8736929690398127E-4 
0.25837770122142184 1.951956276180101E-4 
0.22737237707485125 2.0768765548896095E-4 
0.17851550266207328 2.2591926373306148E-4 
0.20294393986846226 2.1656357002866998E-4 
0.21265267773253993 2.1206797695018405E-4 
0.3028499843407454 1.4733143661819183E-4 
0.17319135609145006 2.4094108179324933E-4 
0.36298152207954903 1.032189268343291E-4 
