1459.0 109.02 
2375.0 100.00763358778626 
1470.0 102.01818181818182 
1467.0 106.01851851851852 
1472.0 100.01818181818182 
1466.0 108.01886792452831 
2217.0 100.00806451612904 
2374.0 100.0077519379845 
1463.0 109.01960784313725 
1465.0 108.01960784313725 
1846.0 100.01041666666667 
1947.0 100.01020408163265 
2041.0 100.00990099009901 
1818.0 100.01136363636364 
1733.0 100.01162790697674 
1554.0 100.01369863013699 
1630.0 100.01333333333334 
2105.0 100.00925925925925 
2165.0 100.0091743119266 
1699.0 100.0126582278481 
2096.0 100.00980392156863 
1648.0 100.01298701298701 
1545.0 100.01470588235294 
1506.0 100.01666666666667 
1705.0 100.01176470588236 
1482.0 100.01694915254237 
1839.0 100.01098901098901 
2209.0 100.00847457627118 
2198.0 100.00862068965517 
2184.0 100.00877192982456 
2199.0 100.00854700854701 
2174.0 100.00892857142857 
