1461.0 108.02272727272727 
2920.0 89.00826446280992 
1463.0 103.02222222222223 
1958.0 89.015625 
1954.0 93.015625 
2609.0 89.00862068965517 
1482.0 97.02173913043478 
1481.0 101.02173913043478 
1485.0 95.0204081632653 
1665.0 95.01351351351352 
2397.0 89.01030927835052 
2566.0 89.0091743119266 
1829.0 95.01333333333334 
2370.0 89.01176470588236 
2265.0 89.01204819277109 
2253.0 89.01234567901234 
2154.0 89.01282051282051 
1638.0 95.01639344262296 
1543.0 95.01960784313725 
1480.0 102.02173913043478 
1899.0 94.01724137931035 
1939.0 94.015625 
1834.0 95.01315789473684 
1466.0 103.02173913043478 
1998.0 89.01351351351352 
2076.0 89.01315789473684 
1539.0 95.02 
2107.0 89.01298701298701 
1912.0 94.01666666666667 
2395.0 89.01052631578948 
1981.0 89.01408450704226 
2587.0 89.00884955752213 
1932.0 94.01612903225806 
