1471.0 114.02380952380952 
2916.0 95.00689655172414 
1477.0 103.02127659574468 
1475.0 108.02222222222223 
1473.0 109.02380952380952 
1483.0 101.01886792452831 
1485.0 97.02 
2109.0 95.0078125 
2368.0 95.0077519379845 
2698.0 95.00719424460432 
2506.0 95.0072463768116 
2707.0 95.00714285714285 
2888.0 95.00709219858156 
1487.0 95.02 
1481.0 103.01960784313725 
1823.0 95.01075268817205 
2451.0 95.00746268656717 
1899.0 95.01052631578948 
2016.0 95.00892857142857 
2079.0 95.00884955752213 
1547.0 95.01408450704226 
1951.0 95.01010101010101 
1809.0 95.0111111111111 
1753.0 95.01136363636364 
1675.0 95.0126582278481 
2004.0 95.00943396226415 
1596.0 95.01388888888889 
1728.0 95.01162790697674 
1903.0 95.01020408163265 
1600.0 95.01369863013699 
1962.0 95.01 
1521.0 95.01515151515152 
1641.0 95.01351351351352 
1494.0 95.01886792452831 
1643.0 95.01333333333334 
1674.0 95.01298701298701 
2089.0 95.00862068965517 
2915.0 95.00699300699301 

1460.0 109.02222222222223 
2811.0 95.00704225352112 
1466.0 103.02173913043478 
1469.0 103.02127659574468 
1470.0 99.0204081632653 
2097.0 95.00869565217391 
2364.0 95.00819672131148 
1476.0 97.02 
1472.0 97.0204081632653 
1485.0 95.02 
2685.0 95.00735294117646 
2550.0 95.00757575757575 
1910.0 95.01010101010101 
1828.0 95.01030927835052 
2451.0 95.0079365079365 
2374.0 95.00806451612904 
2475.0 95.00763358778626 
2089.0 95.00909090909092 
2016.0 95.00925925925925 
2001.0 95.00952380952381 
1722.0 95.01219512195122 
1659.0 95.01234567901234 
1599.0 95.01449275362319 
1944.0 95.00970873786407 
1524.0 95.01886792452831 
1583.0 95.01515151515152 
1747.0 95.01136363636364 
1789.0 95.01123595505618 
1640.0 95.01298701298701 
1488.0 95.01923076923077 
1918.0 95.00980392156863 
1532.0 95.01694915254237 
1557.0 95.01639344262296 
2471.0 95.0077519379845 
1807.0 95.01052631578948 

1458.0 111.02439024390245 
2128.0 97.00854700854701 
1474.0 97.01886792452831 
1470.0 103.02 
1469.0 107.0204081632653 
1854.0 97.009009009009 
2027.0 97.00869565217391 
1462.0 109.02173913043478 
1460.0 109.02439024390245 
1465.0 107.02083333333333 
2036.0 97.00862068965517 
1731.0 97.01 
1788.0 97.00961538461539 
1499.0 97.01754385964912 
1554.0 97.01666666666667 
1662.0 97.01369863013699 
1625.0 97.01388888888889 
1816.0 97.00952380952381 
1667.0 97.0126582278481 
1840.0 97.00943396226415 
1689.0 97.0125 
1590.0 97.01538461538462 
1696.0 97.01204819277109 
1714.0 97.01136363636364 
1484.0 97.01851851851852 
1611.0 97.01449275362319 
1577.0 97.015625 
1566.0 97.01612903225806 
1722.0 97.01098901098901 
1845.0 97.0091743119266 
1596.0 97.01515151515152 
1605.0 97.01470588235294 

1459.0 109.02 
2375.0 100.00763358778626 
1470.0 102.01818181818182 
1467.0 106.01851851851852 
1472.0 100.01818181818182 
1466.0 108.01886792452831 
2217.0 100.00806451612904 
2374.0 100.0077519379845 
1463.0 109.01960784313725 
1465.0 108.01960784313725 
1846.0 100.01041666666667 
1947.0 100.01020408163265 
2041.0 100.00990099009901 
1818.0 100.01136363636364 
1733.0 100.01162790697674 
1554.0 100.01369863013699 
1630.0 100.01333333333334 
2105.0 100.00925925925925 
2165.0 100.0091743119266 
1699.0 100.0126582278481 
2096.0 100.00980392156863 
1648.0 100.01298701298701 
1545.0 100.01470588235294 
1506.0 100.01666666666667 
1705.0 100.01176470588236 
1482.0 100.01694915254237 
1839.0 100.01098901098901 
2209.0 100.00847457627118 
2198.0 100.00862068965517 
2184.0 100.00877192982456 
2199.0 100.00854700854701 
2174.0 100.00892857142857 

1460.0 109.02380952380952 
1809.0 93.01282051282051 
1466.0 101.02083333333333 
1465.0 107.02222222222223 
1804.0 95.01176470588236 
1484.0 97.02127659574468 
1739.0 95.0125 
1540.0 95.01886792452831 
1604.0 95.01851851851852 
1680.0 95.01333333333334 
1733.0 95.01298701298701 
1486.0 95.02083333333333 
1462.0 107.02272727272727 
1494.0 95.02 
1609.0 95.01818181818182 
1646.0 95.01492537313433 
1677.0 95.01470588235294 

2077.0 100.00952380952381 
1457.0 115.02439024390245 
1461.0 113.02325581395348 
1462.0 109.02325581395348 
1468.0 106.0204081632653 
1470.0 102.02 
1780.0 100.0125 
1903.0 100.01162790697674 
1536.0 100.015625 
1643.0 100.01515151515152 
2068.0 100.00980392156863 
1971.0 100.00990099009901 
1472.0 100.01923076923077 
1466.0 108.02083333333333 
1693.0 100.01298701298701 
1776.0 100.0126582278481 
1530.0 100.01851851851852 
1476.0 100.01886792452831 
1649.0 100.01428571428572 
1686.0 100.01369863013699 
1937.0 100.01098901098901 
1910.0 100.0111111111111 
1950.0 100.01020408163265 
1963.0 100.01010101010101 
1688.0 100.01315789473684 
1532.0 100.01612903225806 
1647.0 100.01492537313433 
1907.0 100.01123595505618 
1904.0 100.01149425287356 

1461.0 112.02439024390245 
2189.0 95.01136363636364 
1465.0 104.02325581395348 
1462.0 110.02173913043478 
1960.0 95.01315789473684 
1771.0 95.01351351351352 
1469.0 104.0204081632653 
1470.0 100.01886792452831 
1474.0 96.02 
1472.0 98.02 
2141.0 95.01162790697674 
2059.0 95.0125 
1676.0 95.01492537313433 
1747.0 95.01470588235294 
1605.0 95.015625 
1672.0 95.01538461538462 
1489.0 95.01818181818182 
1547.0 95.01785714285714 
2003.0 95.0126582278481 
1553.0 95.01612903225806 
1481.0 95.02 
1758.0 95.01388888888889 
1751.0 95.01449275362319 
1765.0 95.01369863013699 
1468.0 104.02173913043478 
1549.0 95.01639344262296 

1459.0 109.02272727272727 
2033.0 97.01369863013699 
1463.0 103.02173913043478 
1468.0 103.02127659574468 
1480.0 97.02127659574468 
1927.0 97.01408450704226 
1720.0 97.01515151515152 
1945.0 97.01388888888889 
1626.0 97.01724137931035 
1708.0 97.01694915254237 
1496.0 97.01960784313725 
1550.0 97.01923076923077 
1584.0 97.01886792452831 
1619.0 97.01851851851852 
1483.0 97.0204081632653 
1493.0 97.02 
1716.0 97.01666666666667 
1623.0 97.01818181818182 
1624.0 97.01785714285714 

1457.0 109.02325581395348 
3287.0 97.00680272108843 
1461.0 103.02222222222223 
1465.0 103.02173913043478 
1466.0 99.02173913043478 
3143.0 97.0072463768116 
2736.0 97.00746268656717 
2281.0 97.01098901098901 
1955.0 97.01123595505618 
1468.0 97.02173913043478 
2448.0 97.00869565217391 
2571.0 97.00840336134453 
3170.0 97.00709219858156 
1838.0 97.0126582278481 
1635.0 97.01612903225806 
2639.0 97.00833333333334 
2437.0 97.009009009009 
1907.0 97.01204819277109 
1782.0 97.01298701298701 
1579.0 97.01694915254237 
2382.0 97.00925925925925 
1694.0 97.01538461538462 
1853.0 97.01219512195122 
2693.0 97.00763358778626 
2290.0 97.01020408163265 
1485.0 97.01960784313725 
1531.0 97.01851851851852 
1648.0 97.01587301587301 
1547.0 97.01754385964912 
1702.0 97.01428571428572 
1746.0 97.01351351351352 
2334.0 97.00970873786407 
1915.0 97.01149425287356 
2350.0 97.00934579439253 
2723.0 97.00751879699249 
1575.0 97.01724137931035 

1461.0 108.02272727272727 
2920.0 89.00826446280992 
1463.0 103.02222222222223 
1958.0 89.015625 
1954.0 93.015625 
2609.0 89.00862068965517 
1482.0 97.02173913043478 
1481.0 101.02173913043478 
1485.0 95.0204081632653 
1665.0 95.01351351351352 
2397.0 89.01030927835052 
2566.0 89.0091743119266 
1829.0 95.01333333333334 
2370.0 89.01176470588236 
2265.0 89.01204819277109 
2253.0 89.01234567901234 
2154.0 89.01282051282051 
1638.0 95.01639344262296 
1543.0 95.01960784313725 
1480.0 102.02173913043478 
1899.0 94.01724137931035 
1939.0 94.015625 
1834.0 95.01315789473684 
1466.0 103.02173913043478 
1998.0 89.01351351351352 
2076.0 89.01315789473684 
1539.0 95.02 
2107.0 89.01298701298701 
1912.0 94.01666666666667 
2395.0 89.01052631578948 
1981.0 89.01408450704226 
2587.0 89.00884955752213 
1932.0 94.01612903225806 

