0.013466958972752897 0.6582020562739395 
0.46601941747572817 0.15790110301529267 
0.01534606952709051 0.3687451018118472 
0.014719699342311305 0.5003110330328603 
0.014093329157532102 0.5266610027935374 
0.017225180081428124 0.3160653125898285 
0.017851550266207328 0.2108622526855399 
0.21327904791731914 0.1579251999755207 
0.29439398684622614 0.1579236066972566 
0.39774506733479487 0.1579089347823072 
0.3376135295959912 0.1579103062874002 
0.4005637331663013 0.15790758287014375 
0.4572502348888193 0.15790625013403972 
0.018477920450986535 0.1582458312933791 
0.01659880989664892 0.36870119991665135 
0.1237081114938929 0.15800255106543706 
0.32038834951456313 0.1579159970100254 
0.14751017851550266 0.15799659561310062 
0.1841528343250861 0.1579545618178154 
0.20388349514563106 0.15795248310331675 
0.037269025994362666 0.1580902052582757 
0.16379580331976198 0.1579854065814382 
0.11932352020043846 0.15801198053163612 
0.10178515502662074 0.15801862401918587 
0.07735671782023176 0.15805268240472456 
0.1803946132164109 0.15796785774640182 
0.05261509552145318 0.15808505889468086 
0.09395552771688068 0.15802557650615612 
0.14876291888506107 0.15798811820900938 
0.05386783589101159 0.15808005352734908 
0.1672408393360476 0.15798274918641853 
0.02912621359223301 0.1581182763324285 
0.06670842467898529 0.15807518344021548 
0.02067021609771375 0.15821604841334608 
0.06733479486376448 0.15807044322207206 
0.07704353272784216 0.15806133215343263 
0.2070153460695271 0.15794646199925144 
0.4657062323833385 0.15790364058082895 

0.010021922956467273 0.5266192437289408 
0.43313498277481993 0.15790493616886644 
0.011901033510804886 0.3687572702719286 
0.012840588787973693 0.3687451018118472 
0.013153773880363295 0.2634894121228828 
0.2095208268086439 0.1579484341289887 
0.2931412464766677 0.157935308150737 
0.015032884434700909 0.2108622526855399 
0.013780144065142498 0.21087299073072197 
0.017851550266207328 0.1582458312933791 
0.39367366113373004 0.15791310980516388 
0.3513936736611337 0.15791897170594288 
0.15095521453178828 0.1579854065814382 
0.1252740369558409 0.15799088574642758 
0.32038834951456313 0.15792846240244232 
0.29627309740056373 0.1579318300689423 
0.32790479173191356 0.1579204931153055 
0.2070153460695271 0.1579588326312403 
0.1841528343250861 0.15796326162293964 
0.1794550579392421 0.1579702214670394 
0.09207641716254306 0.15804049891721475 
0.07234575634199812 0.15804445980410045 
0.05355465079862198 0.1581009454953428 
0.16160350767303477 0.15797508660077866 
0.030065768869401818 0.15821604841334608 
0.04854368932038835 0.1581182763324285 
0.09990604447228311 0.15801862401918587 
0.11305981835264642 0.15801526495244725 
0.06639523958659568 0.15806133215343263 
0.018791105543376135 0.1582255942082285 
0.1534606952709051 0.15797759071373302 
0.032571249608518635 0.15816556895566217 
0.040400876918258694 0.15815094922201642 
0.32665205136235514 0.1579236066972566 
0.11869715001565925 0.15799659561310062 

0.009395552771688067 0.5792927018922583 
0.2192295646727216 0.2105609449732944 
0.014406514249921704 0.21083246980550688 
0.013153773880363295 0.36871151686202236 
0.012840588787973693 0.473955097691526 
0.13341684935797057 0.2105730993787902 
0.18759787034137176 0.21056485552114954 
0.010648293141246476 0.5266065344484111 
0.010021922956467273 0.5266762805000976 
0.011587848418415283 0.47396628315525735 
0.19041653617287818 0.21056288339141224 
0.09489508299404949 0.21059917057857935 
0.11274663326025681 0.21058905203600384 
0.02223614155966176 0.21079763602769 
0.03946132164108988 0.2107745586498864 
0.07328531161916693 0.2106964749195099 
0.061697463200751645 0.21070148028684166 
0.12151581584716567 0.2105866428592002 
0.07485123708111494 0.2106691037968854 
0.12903225806451613 0.21058427913856265 
0.08174130911368618 0.21066494110531947 
0.050735984967115566 0.2107408301746351 
0.08393360476041341 0.21065305486554722 
0.08957093642342624 0.2106350454113467 
0.017538365173817728 0.21082327755858288 
0.05731287190729721 0.21071736688750362 
0.046664578766050735 0.21074715426374466 
0.04321954274976511 0.21076041445058744 
0.09207641716254306 0.21062518968805874 
0.13059818352646413 0.21057744820277496 
0.05261509552145318 0.21073469772458933 
0.0554337613529596 0.21072297392303138 

0.009708737864077669 0.5265607810385048 
0.2965862824929533 0.28946154659570755 
0.013153773880363295 0.34235547305558545 
0.012214218603194488 0.4475971738233065 
0.013780144065142498 0.2897390516634247 
0.011901033510804886 0.5002227874623913 
0.24710303789539617 0.2894728835493443 
0.29627309740056373 0.28946466017765865 
0.01096147823363608 0.5265504640931338 
0.011587848418415283 0.5002422533970534 
0.13091136861885375 0.28953476442127724 
0.16254306295020357 0.2895291716894114 
0.19198246163482618 0.28952119789348424 
0.12214218603194488 0.2895596774995879 
0.0955214531788287 0.28956662998655813 
0.03946132164108988 0.2896211070077511 
0.06326338866269965 0.2896114967024741 
0.21202630754776072 0.2895043151033417 
0.23081741309113687 0.28950208029101615 
0.0848731600375822 0.2895937358851266 
0.2092076417162543 0.28951864419413503 
0.0689007203257125 0.28960238563383467 
0.036642655809583466 0.2896476060112726 
0.024428437206388976 0.2896991907381276 
0.08675227059191983 0.28957022892099005 
0.01691199498903852 0.2897066224360642 
0.12871907297212654 0.28954982177629995 
0.24459755715627937 0.2894836714979619 
0.24115252113999375 0.28948751547965346 
0.2367679298465393 0.2894914943378954 
0.24146570623238334 0.2894855770615356 
0.2336360789226433 0.28949561529821743 

0.010021922956467273 0.5266610027935374 
0.11932352020043846 0.10544053043981058 
0.011901033510804886 0.3161170189787749 
0.011587848418415283 0.47400282233677987 
0.11775759473849044 0.15802917544058803 
0.017538365173817728 0.2108958376353648 
0.0974005637331663 0.15804851971315867 
0.035076730347635456 0.15821604841334608 
0.055120576260569994 0.15820685616642205 
0.07892264328217977 0.15807044322207206 
0.0955214531788287 0.15806133215343263 
0.01816473535859693 0.15826775480229247 
0.010648293141246476 0.47401610931187865 
0.02067021609771375 0.1582458312933791 
0.05668650172251801 0.15819799818302263 
0.06827435014093329 0.1581123269405932 
0.07798308800501096 0.15810655253087055 

0.20325712496085185 0.28951127494744144 
0.009082367679298466 0.68452554467658 
0.010335108048856874 0.631879278462302 
0.010648293141246476 0.5266464356779803 
0.01252740369558409 0.44764688699544564 
0.013153773880363295 0.34240330616594195 
0.11024115252113999 0.2895895731935607 
0.14876291888506107 0.28956662998655813 
0.03382398997807704 0.28967178635198587 
0.06733479486376448 0.28965932981283055 
0.20043845912934544 0.28951864419413503 
0.17005950516755403 0.28952119789348424 
0.013780144065142498 0.28976664768863053 
0.011901033510804886 0.5002744938513377 
0.0829940494832446 0.28960238563383467 
0.10898841215158159 0.2895937358851266 
0.03194487942373943 0.28974790964682406 
0.015032884434700909 0.2897571018937481 
0.0692139054181021 0.28963655214123235 
0.08080175383651739 0.2896211070077511 
0.15941121202630754 0.28954982177629995 
0.15095521453178828 0.28955303401203814 
0.16348261822737237 0.2895291716894114 
0.1675540244284372 0.28952646006184024 
0.08142812402129658 0.28960688122691314 
0.032571249608518635 0.28968504653882865 
0.0685875352333229 0.28965338042099525 
0.1500156592546195 0.2895563184328493 
0.14907610397745066 0.28956311378625127 

0.010335108048856874 0.6056009125883388 
0.2383338553084873 0.15801862401918587 
0.011587848418415283 0.3951053821975783 
0.010648293141246476 0.5529147451444915 
0.1666144691512684 0.1580658277465111 
0.10742248668963357 0.15807518344021548 
0.012840588787973693 0.3950304656032848 
0.013153773880363295 0.2897571018937481 
0.014406514249921704 0.1845540419894595 
0.013780144065142498 0.23717046338162032 
0.22330097087378642 0.15802557650615612 
0.19761979329783902 0.15804851971315867 
0.07766990291262135 0.1581123269405932 
0.09990604447228311 0.15810655253087055 
0.0554337613529596 0.15813073287158386 
0.07641716254306295 0.1581244087824743 
0.019104290635765738 0.15819799818302263 
0.037269025994362666 0.1581894565561732 
0.1800814281240213 0.15805268240472456 
0.03914813654870028 0.1581439930584266 
0.01659880989664892 0.1582458312933791 
0.10335108048856874 0.15808505889468086 
0.10115878484184153 0.1581009454953428 
0.10554337613529596 0.15808005352734908 
0.01252740369558409 0.39506548096800903 
0.03789539617914187 0.15815094922201642 

0.009708737864077669 0.5266325307040395 
0.18947698089570936 0.2106964749195099 
0.01096147823363608 0.3687572702719286 
0.01252740369558409 0.3687451018118472 
0.016285624804259317 0.2108958376353648 
0.15627936110241153 0.2107066266504365 
0.09145004697776386 0.21073469772458933 
0.16191669276542436 0.21070148028684166 
0.06201064829314125 0.2107896783112061 
0.08769182586908864 0.210781990347823 
0.021296586282492952 0.2108519357401689 
0.038208581271531476 0.2108420156003893 
0.04885687441277795 0.21083246980550688 
0.05981835264641403 0.21082327755858288 
0.017225180081428124 0.21087299073072197 
0.020357031005324145 0.2108622526855399 
0.09019730660820545 0.2107745586498864 
0.06107109301597244 0.21081441957518343 
0.06138427810836204 0.21080587794833403 

0.009082367679298466 0.5266464356779803 
0.5822110867522706 0.21051505589131958 
0.010335108048856874 0.36876997955245827 
0.011587848418415283 0.3687572702719286 
0.011901033510804886 0.263524427487607 
0.5371124334481678 0.21052672767956102 
0.40964610084559977 0.21053241840218623 
0.26714688380833074 0.21062518968805874 
0.1650485436893204 0.21063168634460805 
0.01252740369558409 0.21090800609544622 
0.3194487942373943 0.21056485552114954 
0.3579705606013154 0.2105571658724257 
0.5455684309426871 0.21052267152620052 
0.12840588787973692 0.2106691037968854 
0.06482931412464767 0.21076041445058744 
0.3792671468838083 0.21055532356075257 
0.31600375822110865 0.2105730993787902 
0.1500156592546195 0.21065305486554722 
0.1108675227059192 0.21067775354559343 
0.04729094895082994 0.210781990347823 
0.29877857813968056 0.21057968301510044 
0.0833072345756342 0.2107408301746351 
0.13310366426558096 0.21065692030937555 
0.39617914187284686 0.21053691450746634 
0.26996554963983715 0.21060453960117018 
0.017851550266207328 0.2108519357401689 
0.03225806451612903 0.21082327755858288 
0.0689007203257125 0.21075367911758783 
0.037269025994362666 0.21079763602769 
0.08581271531475101 0.2107119200529911 
0.09959285937989351 0.2106916048323763 
0.28374569370497965 0.21059150799293946 
0.1525211399937363 0.21063848169801008 
0.2887566551832133 0.21058195959961934 
0.40557469464453494 0.21053389456707777 
0.04603820858127153 0.2107896783112061 

0.010335108048856874 0.500324320007959 
0.4672721578452866 8.78261318684242E-5 
0.01096147823363608 0.36876997955245827 
0.1659880989664892 2.8146869510141387E-4 
0.16473535859693078 0.10551431147942304 
0.3698715941121203 9.71978227690057E-5 
0.01691199498903852 0.21090800609544622 
0.01659880989664892 0.31614084887976784 
0.017851550266207328 0.15825656933856114 
0.07422486689633573 0.15807518344021548 
0.30347635452552457 1.4162156994515114E-4 
0.3564046351393674 1.1176263413171103E-4 
0.1255872220482305 0.15807044322207206 
0.2950203570310053 1.7991126410560763E-4 
0.2621359223300971 1.8736929690398127E-4 
0.25837770122142184 1.951956276180101E-4 
0.22737237707485125 2.0768765548896095E-4 
0.06576886940181648 0.15815094922201642 
0.03601628562480426 0.1582355143480081 
0.016285624804259317 0.34244905957584826 
0.14751017851550266 0.13186504622296488 
0.16003758221108674 0.13182252217550344 
0.1271531475101785 0.1580658277465111 
0.011901033510804886 0.3687572702719286 
0.17851550266207328 2.2591926373306148E-4 
0.20294393986846226 2.1656357002866998E-4 
0.03476354525524585 0.1582458312933791 
0.21265267773253993 2.1206797695018405E-4 
0.1515815847165675 0.13184992656164515 
0.3028499843407454 1.4733143661819183E-4 
0.17319135609145006 2.4094108179324933E-4 
0.36298152207954903 1.032189268343291E-4 
0.15784528656435953 0.13183578236234622 

