1434.0 465.03125 
3329.0 95.0054347826087 
1453.0 109.02083333333333 
3219.0 95.00657894736842 
2556.0 95.00662251655629 
2345.0 95.0068493150685 
2201.0 95.00757575757575 
1916.0 95.01 
1561.0 95.01315789473684 
1674.0 95.0126582278481 
1779.0 95.01030927835052 
1857.0 95.01020408163265 
1985.0 95.00952380952381 
2140.0 95.0078125 
1730.0 95.01098901098901 
2088.0 95.00813008130082 
2133.0 95.008 
1724.0 95.01234567901234 
1680.0 95.0125 
1509.0 95.01639344262296 
1548.0 95.01492537313433 
1462.0 95.01818181818182 
1456.0 103.01851851851852 
1489.0 95.01694915254237 
2034.0 95.00925925925925 
2061.0 95.00884955752213 
2009.0 95.00943396226415 
1460.0 97.01785714285714 
1457.0 101.01886792452831 
2081.0 95.00869565217391 
1495.0 95.01666666666667 
1554.0 95.01470588235294 
