1443.0 465.03333333333336 
2386.0 97.0068493150685 
1449.0 464.0344827586207 
1457.0 109.02127659574468 
1981.0 97.00826446280992 
2120.0 97.00806451612904 
2246.0 97.00709219858156 
2374.0 97.00704225352112 
2126.0 97.00763358778626 
2237.0 97.00751879699249 
1645.0 97.01149425287356 
1743.0 97.01136363636364 
1900.0 97.00943396226415 
1971.0 97.0091743119266 
1554.0 97.01333333333334 
1618.0 97.0126582278481 
1891.0 97.01020408163265 
1830.0 97.01041666666667 
1496.0 97.01538461538462 
1551.0 97.01428571428572 
1812.0 97.01086956521739 
1771.0 97.01098901098901 
1463.0 97.01923076923077 
1638.0 97.0125 
1492.0 97.01666666666667 
1473.0 97.01785714285714 
1459.0 103.02 
1462.0 103.01818181818182 
1755.0 97.0111111111111 
1444.0 464.0357142857143 
1974.0 97.00869565217391 
1469.0 97.01886792452831 
1644.0 97.01234567901234 
1749.0 97.01123595505618 
