1441.0 465.0357142857143 
2757.0 95.00574712643679 
1451.0 464.03125 
1457.0 111.02222222222223 
2307.0 95.00636942675159 
2550.0 95.00621118012423 
2075.0 95.00740740740741 
2204.0 95.00714285714285 
2643.0 95.00591715976331 
1831.0 95.01010101010101 
1921.0 95.00877192982456 
1479.0 95.01694915254237 
2005.0 95.0077519379845 
2291.0 95.00699300699301 
2214.0 95.00704225352112 
1546.0 95.01639344262296 
1619.0 95.0126582278481 
1555.0 95.01298701298701 
1770.0 95.01041666666667 
1672.0 95.01204819277109 
1722.0 95.01190476190476 
2599.0 95.00613496932516 
1640.0 95.01234567901234 
1953.0 95.00854700854701 
1754.0 95.01149425287356 
1725.0 95.01162790697674 
1474.0 105.01886792452831 
1460.0 105.02 
1992.0 95.00826446280992 
1972.0 95.00847457627118 
1478.0 99.01851851851852 
1475.0 101.01754385964912 
1463.0 105.01923076923077 
2293.0 95.00662251655629 
1446.0 464.03225806451616 
1998.0 95.008 
1444.0 465.0344827586207 
1548.0 95.01449275362319 
1553.0 95.01315789473684 
1547.0 95.01587301587301 
