2450.0 95.0079365079365 
1449.0 465.02941176470586 
1471.0 109.02127659574468 
1460.0 462.03333333333336 
2356.0 95.009009009009 
2028.0 95.00925925925925 
2370.0 95.008 
1900.0 95.01 
1979.0 95.00990099009901 
1564.0 95.01449275362319 
1631.0 95.01428571428572 
1482.0 95.01886792452831 
2025.0 95.00980392156863 
1527.0 95.01851851851852 
1740.0 95.01219512195122 
1781.0 95.01204819277109 
1682.0 95.01333333333334 
1647.0 95.01388888888889 
1710.0 95.0125 
1809.0 95.01190476190476 
1835.0 95.01162790697674 
1857.0 95.0111111111111 
1473.0 103.02 
1550.0 95.01724137931035 
1530.0 95.01818181818182 
1874.0 95.01098901098901 
1478.0 101.0204081632653 
1893.0 95.01041666666667 
1880.0 95.01086956521739 
1480.0 97.01960784313725 
1452.0 463.0357142857143 
1459.0 463.03225806451616 
1456.0 463.03333333333336 
1560.0 95.01492537313433 
1551.0 95.01666666666667 
1555.0 95.01639344262296 
1556.0 95.01587301587301 
