1434.0 470.03846153846155 
2256.0 95.00628930817611 
1453.0 467.0416666666667 
1457.0 109.02439024390245 
2079.0 95.0068493150685 
2222.0 95.00680272108843 
2007.0 95.00714285714285 
1933.0 95.0072463768116 
1495.0 95.01666666666667 
1557.0 95.01639344262296 
2063.0 95.00704225352112 
1711.0 95.01149425287356 
1765.0 95.01030927835052 
1824.0 95.00961538461539 
1772.0 95.01020408163265 
1643.0 95.01190476190476 
1692.0 95.01176470588236 
1889.0 95.00833333333334 
1845.0 95.00847457627118 
1603.0 95.01234567901234 
1641.0 95.01204819277109 
1460.0 103.02173913043478 
2250.0 95.00657894736842 
1700.0 95.01162790697674 
2231.0 95.00666666666666 
1479.0 95.01851851851852 
1459.0 109.02325581395348 
1476.0 103.01886792452831 
1477.0 97.01960784313725 
1564.0 95.015625 
1577.0 95.01470588235294 
1902.0 95.00813008130082 
1491.0 95.01754385964912 
1472.0 103.02083333333333 
1591.0 95.01369863013699 
1580.0 95.01449275362319 
1910.0 95.0079365079365 
1916.0 95.00740740740741 
1831.0 95.00925925925925 
1923.0 95.00735294117646 
1926.0 95.00729927007299 
1597.0 95.0125 
1837.0 95.0091743119266 
1839.0 95.00854700854701 
2225.0 95.00675675675676 
1474.0 103.02 
