1447.0 465.03225806451616 
2739.0 95.00689655172414 
1465.0 101.01818181818182 
2246.0 95.00833333333334 
1955.0 95.00840336134453 
2271.0 95.0079365079365 
2501.0 95.00769230769231 
1662.0 95.01149425287356 
1843.0 95.01075268817205 
2575.0 95.00699300699301 
1563.0 95.01282051282051 
1654.0 95.0125 
1536.0 95.01612903225806 
1479.0 95.01639344262296 
1865.0 95.00952380952381 
1911.0 95.00925925925925 
1927.0 95.00847457627118 
2527.0 95.00763358778626 
1864.0 95.01041666666667 
2556.0 95.0072463768116 
2538.0 95.00757575757575 
2574.0 95.00704225352112 
1467.0 97.01818181818182 
1548.0 95.01538461538462 
1468.0 95.01818181818182 
1559.0 95.01428571428572 
1469.0 95.01694915254237 
1553.0 95.01470588235294 
1475.0 95.01666666666667 
1658.0 95.01234567901234 
1660.0 95.01219512195122 
