0.09707822808671066 0.020272422623720764 
0.06597549481621112 0.020275779916090742 
0.03958529688972667 0.02028482442504376 
0.036443606660383286 0.02028623114827072 
0.03832862079798932 0.02028551606396368 
0.027961043041156142 0.954423108517403 
0.7703424442349984 0.02025555506785229 
0.030160226201696512 0.9392226203520048 
0.3785736726358781 0.020257874356784212 
0.611372918630223 0.020257547429437306 
0.37480364436066604 0.020258856141669505 
0.7062519635563933 0.02025585776532763 
0.029217719132893498 0.9392253422858188 
0.06346214263273642 0.02027620139435364 
0.061262959472196045 0.020280013023861586 
0.06283380458686773 0.02027663396414976 
0.23342758404021363 0.020260315341169535 
0.028903550109959156 0.9543996696428941 
0.12880929940307886 0.02027025586056002 
0.15017279296261388 0.020266131481261704 
0.1420043983663211 0.02026654992881058 
0.13917687715991203 0.020266984019258517 
0.05780710021991831 0.020283507017577196 
0.05969211435752435 0.02028227068133938 
0.02827521206409048 0.9544110110337857 
0.2836946277097078 0.020259246834797098 
0.22808671065032987 0.020260664435374772 
0.2054665409990575 0.020261407507325923 
0.18221803330191644 0.020261669556854607 
0.22306000628338046 0.020261152839474113 
0.12943763744894754 0.020269422981053442 
0.1316368206094879 0.020269156686245206 
0.09110901665095822 0.020273461785644802 
0.16839459629280554 0.02026442107690567 
0.15457115928369464 0.020264778619059173 
0.07854225573358467 0.020274577922526175 
0.09048067860508954 0.02027382486631708 
0.28180961357210177 0.02025998002699871 
0.27584040213634936 0.020260202079494034 
0.17247879359095195 0.020263906565026208 
0.17499214577442665 0.02026341655371241 
0.17687715991203268 0.020262077189454778 
0.17907634307257306 0.02026193931372234 
0.18001885014137606 0.020261803450774364 
0.07665724159597864 0.020274968570434676 
0.1526861451460886 0.020264961974009715 
0.02544769085768143 0.9569398576677984 
0.6207979893182533 0.02025708369010288 
0.031416902293433864 0.05573564181498124 
0.11844172164624568 0.020271143655198862 
0.03424442349984291 0.020289351516156046 
0.032359409362236885 0.04054139141457321 
0.03361608545397424 0.025351326527470328 
0.03267357838517122 0.03547947900647682 
0.5262331134150173 0.020257627775988645 
0.04241281809613572 0.02028415509705671 
0.5149230285893811 0.020257791223830285 
0.5256047753691486 0.020257709035568994 
