1434.0 465.03225806451616 
2096.0 95.00671140939598 
1456.0 109.02222222222223 
1445.0 464.02777777777777 
2084.0 95.00751879699249 
1989.0 95.008 
1611.0 95.0125 
1929.0 95.00813008130082 
1671.0 95.01204819277109 
1875.0 95.00892857142857 
1552.0 95.01449275362319 
1605.0 95.01408450704226 
1763.0 95.01063829787235 
1716.0 95.01149425287356 
1831.0 95.009009009009 
1673.0 95.01190476190476 
1805.0 95.0091743119266 
1796.0 95.00934579439253 
1473.0 95.01754385964912 
1523.0 95.01639344262296 
1496.0 95.01694915254237 
1500.0 95.01666666666667 
1459.0 103.02 
1537.0 95.01587301587301 
1464.0 97.01960784313725 
1467.0 97.01785714285714 
1470.0 95.01851851851852 
1543.0 95.01538461538462 
1438.0 465.03125 
1443.0 464.03225806451616 
1548.0 95.01470588235294 
1609.0 95.01388888888889 
