2450.0 95.0079365079365 
1449.0 465.02941176470586 
1471.0 109.02127659574468 
1460.0 462.03333333333336 
2356.0 95.009009009009 
2028.0 95.00925925925925 
2370.0 95.008 
1900.0 95.01 
1979.0 95.00990099009901 
1564.0 95.01449275362319 
1631.0 95.01428571428572 
1482.0 95.01886792452831 
2025.0 95.00980392156863 
1527.0 95.01851851851852 
1740.0 95.01219512195122 
1781.0 95.01204819277109 
1682.0 95.01333333333334 
1647.0 95.01388888888889 
1710.0 95.0125 
1809.0 95.01190476190476 
1835.0 95.01162790697674 
1857.0 95.0111111111111 
1473.0 103.02 
1550.0 95.01724137931035 
1530.0 95.01818181818182 
1874.0 95.01098901098901 
1478.0 101.0204081632653 
1893.0 95.01041666666667 
1880.0 95.01086956521739 
1480.0 97.01960784313725 
1452.0 463.0357142857143 
1459.0 463.03225806451616 
1456.0 463.03333333333336 
1560.0 95.01492537313433 
1551.0 95.01666666666667 
1555.0 95.01639344262296 
1556.0 95.01587301587301 

1447.0 465.03225806451616 
2739.0 95.00689655172414 
1465.0 101.01818181818182 
2246.0 95.00833333333334 
1955.0 95.00840336134453 
2271.0 95.0079365079365 
2501.0 95.00769230769231 
1662.0 95.01149425287356 
1843.0 95.01075268817205 
2575.0 95.00699300699301 
1563.0 95.01282051282051 
1654.0 95.0125 
1536.0 95.01612903225806 
1479.0 95.01639344262296 
1865.0 95.00952380952381 
1911.0 95.00925925925925 
1927.0 95.00847457627118 
2527.0 95.00763358778626 
1864.0 95.01041666666667 
2556.0 95.0072463768116 
2538.0 95.00757575757575 
2574.0 95.00704225352112 
1467.0 97.01818181818182 
1548.0 95.01538461538462 
1468.0 95.01818181818182 
1559.0 95.01428571428572 
1469.0 95.01694915254237 
1553.0 95.01470588235294 
1475.0 95.01666666666667 
1658.0 95.01234567901234 
1660.0 95.01219512195122 

1442.0 464.037037037037 
3805.0 95.0048309178744 
1474.0 103.0204081632653 
1449.0 458.03225806451616 
2558.0 95.00574712643679 
3224.0 95.00571428571429 
3573.0 95.00558659217877 
3299.0 95.00561797752809 
1872.0 95.00934579439253 
2145.0 95.00862068965517 
2546.0 95.00613496932516 
2292.0 95.00662251655629 
3601.0 95.0049504950495 
2171.0 95.00763358778626 
2265.0 95.0072463768116 
1569.0 95.01515151515152 
1637.0 95.01470588235294 
1652.0 95.01408450704226 
1708.0 95.01388888888889 
1562.0 95.01666666666667 
1508.0 95.01694915254237 
1766.0 95.01219512195122 
1820.0 95.01204819277109 
1446.0 458.03333333333336 
1481.0 97.02127659574468 
1726.0 95.0126582278481 
1821.0 95.01162790697674 
1857.0 95.01136363636364 
3578.0 95.00546448087432 
1492.0 95.01785714285714 
1483.0 95.02083333333333 
2158.0 95.00833333333334 
1714.0 95.01369863013699 
1643.0 95.01428571428572 
2274.0 95.00714285714285 
1864.0 95.01098901098901 
2285.0 95.00689655172414 
1486.0 95.01886792452831 
2279.0 95.00699300699301 

1443.0 465.03333333333336 
2386.0 97.0068493150685 
1449.0 464.0344827586207 
1457.0 109.02127659574468 
1981.0 97.00826446280992 
2120.0 97.00806451612904 
2246.0 97.00709219858156 
2374.0 97.00704225352112 
2126.0 97.00763358778626 
2237.0 97.00751879699249 
1645.0 97.01149425287356 
1743.0 97.01136363636364 
1900.0 97.00943396226415 
1971.0 97.0091743119266 
1554.0 97.01333333333334 
1618.0 97.0126582278481 
1891.0 97.01020408163265 
1830.0 97.01041666666667 
1496.0 97.01538461538462 
1551.0 97.01428571428572 
1812.0 97.01086956521739 
1771.0 97.01098901098901 
1463.0 97.01923076923077 
1638.0 97.0125 
1492.0 97.01666666666667 
1473.0 97.01785714285714 
1459.0 103.02 
1462.0 103.01818181818182 
1755.0 97.0111111111111 
1444.0 464.0357142857143 
1974.0 97.00869565217391 
1469.0 97.01886792452831 
1644.0 97.01234567901234 
1749.0 97.01123595505618 

1441.0 465.0357142857143 
2757.0 95.00574712643679 
1451.0 464.03125 
1457.0 111.02222222222223 
2307.0 95.00636942675159 
2550.0 95.00621118012423 
2075.0 95.00740740740741 
2204.0 95.00714285714285 
2643.0 95.00591715976331 
1831.0 95.01010101010101 
1921.0 95.00877192982456 
1479.0 95.01694915254237 
2005.0 95.0077519379845 
2291.0 95.00699300699301 
2214.0 95.00704225352112 
1546.0 95.01639344262296 
1619.0 95.0126582278481 
1555.0 95.01298701298701 
1770.0 95.01041666666667 
1672.0 95.01204819277109 
1722.0 95.01190476190476 
2599.0 95.00613496932516 
1640.0 95.01234567901234 
1953.0 95.00854700854701 
1754.0 95.01149425287356 
1725.0 95.01162790697674 
1474.0 105.01886792452831 
1460.0 105.02 
1992.0 95.00826446280992 
1972.0 95.00847457627118 
1478.0 99.01851851851852 
1475.0 101.01754385964912 
1463.0 105.01923076923077 
2293.0 95.00662251655629 
1446.0 464.03225806451616 
1998.0 95.008 
1444.0 465.0344827586207 
1548.0 95.01449275362319 
1553.0 95.01315789473684 
1547.0 95.01587301587301 

1434.0 465.03225806451616 
2096.0 95.00671140939598 
1456.0 109.02222222222223 
1445.0 464.02777777777777 
2084.0 95.00751879699249 
1989.0 95.008 
1611.0 95.0125 
1929.0 95.00813008130082 
1671.0 95.01204819277109 
1875.0 95.00892857142857 
1552.0 95.01449275362319 
1605.0 95.01408450704226 
1763.0 95.01063829787235 
1716.0 95.01149425287356 
1831.0 95.009009009009 
1673.0 95.01190476190476 
1805.0 95.0091743119266 
1796.0 95.00934579439253 
1473.0 95.01754385964912 
1523.0 95.01639344262296 
1496.0 95.01694915254237 
1500.0 95.01666666666667 
1459.0 103.02 
1537.0 95.01587301587301 
1464.0 97.01960784313725 
1467.0 97.01785714285714 
1470.0 95.01851851851852 
1543.0 95.01538461538462 
1438.0 465.03125 
1443.0 464.03225806451616 
1548.0 95.01470588235294 
1609.0 95.01388888888889 

1441.0 467.03225806451616 
3122.0 97.00507614213198 
1459.0 116.02127659574468 
1454.0 467.02941176470586 
2755.0 97.00578034682081 
3060.0 97.00561797752809 
2485.0 97.0072463768116 
2365.0 97.00729927007299 
1682.0 97.01149425287356 
1782.0 97.01123595505618 
2270.0 97.00746268656717 
1854.0 97.01075268817205 
1945.0 97.01041666666667 
2521.0 97.00671140939598 
2611.0 97.00653594771242 
2665.0 97.0060606060606 
2240.0 97.00806451612904 
2152.0 97.00819672131148 
2009.0 97.00970873786407 
2087.0 97.00847457627118 
1490.0 97.01754385964912 
1540.0 97.01724137931035 
2616.0 97.00632911392405 
2663.0 97.00617283950618 
1617.0 97.01612903225806 
1573.0 97.01639344262296 
1474.0 97.01851851851852 
1811.0 97.0111111111111 
1982.0 97.01020408163265 
1466.0 109.02127659574468 
1655.0 97.01470588235294 
1619.0 97.01515151515152 
2115.0 97.00840336134453 
2148.0 97.00826446280992 
1471.0 103.02083333333333 
3109.0 97.00526315789473 
3077.0 97.00546448087432 
2492.0 97.00694444444444 
1565.0 97.01694915254237 
1986.0 97.01010101010101 
2247.0 97.00769230769231 
2266.0 97.00763358778626 
1661.0 97.01282051282051 
1669.0 97.0126582278481 
1674.0 97.0125 

1434.0 470.03846153846155 
2256.0 95.00628930817611 
1453.0 467.0416666666667 
1457.0 109.02439024390245 
2079.0 95.0068493150685 
2222.0 95.00680272108843 
2007.0 95.00714285714285 
1933.0 95.0072463768116 
1495.0 95.01666666666667 
1557.0 95.01639344262296 
2063.0 95.00704225352112 
1711.0 95.01149425287356 
1765.0 95.01030927835052 
1824.0 95.00961538461539 
1772.0 95.01020408163265 
1643.0 95.01190476190476 
1692.0 95.01176470588236 
1889.0 95.00833333333334 
1845.0 95.00847457627118 
1603.0 95.01234567901234 
1641.0 95.01204819277109 
1460.0 103.02173913043478 
2250.0 95.00657894736842 
1700.0 95.01162790697674 
2231.0 95.00666666666666 
1479.0 95.01851851851852 
1459.0 109.02325581395348 
1476.0 103.01886792452831 
1477.0 97.01960784313725 
1564.0 95.015625 
1577.0 95.01470588235294 
1902.0 95.00813008130082 
1491.0 95.01754385964912 
1472.0 103.02083333333333 
1591.0 95.01369863013699 
1580.0 95.01449275362319 
1910.0 95.0079365079365 
1916.0 95.00740740740741 
1831.0 95.00925925925925 
1923.0 95.00735294117646 
1926.0 95.00729927007299 
1597.0 95.0125 
1837.0 95.0091743119266 
1839.0 95.00854700854701 
2225.0 95.00675675675676 
1474.0 103.02 

1434.0 465.03125 
3329.0 95.0054347826087 
1453.0 109.02083333333333 
3219.0 95.00657894736842 
2556.0 95.00662251655629 
2345.0 95.0068493150685 
2201.0 95.00757575757575 
1916.0 95.01 
1561.0 95.01315789473684 
1674.0 95.0126582278481 
1779.0 95.01030927835052 
1857.0 95.01020408163265 
1985.0 95.00952380952381 
2140.0 95.0078125 
1730.0 95.01098901098901 
2088.0 95.00813008130082 
2133.0 95.008 
1724.0 95.01234567901234 
1680.0 95.0125 
1509.0 95.01639344262296 
1548.0 95.01492537313433 
1462.0 95.01818181818182 
1456.0 103.01851851851852 
1489.0 95.01694915254237 
2034.0 95.00925925925925 
2061.0 95.00884955752213 
2009.0 95.00943396226415 
1460.0 97.01785714285714 
1457.0 101.01886792452831 
2081.0 95.00869565217391 
1495.0 95.01666666666667 
1554.0 95.01470588235294 

1456.0 465.03225806451616 
3028.0 95.00564971751412 
1471.0 109.02127659574468 
2815.0 95.00649350649351 
2454.0 95.00689655172414 
2979.0 95.00591715976331 
2155.0 95.00854700854701 
2300.0 95.00847457627118 
2028.0 95.00892857142857 
1880.0 95.01086956521739 
1981.0 95.01075268817205 
2335.0 95.00826446280992 
2417.0 95.0078125 
1718.0 95.01298701298701 
1795.0 95.01176470588236 
1632.0 95.01388888888889 
1704.0 95.01369863013699 
1864.0 95.01162790697674 
1615.0 95.01449275362319 
1555.0 95.01492537313433 
1544.0 95.01587301587301 
1488.0 95.01612903225806 
2992.0 95.00571428571429 
2304.0 95.00840336134453 
3026.0 95.00568181818181 
2334.0 95.00833333333334 
1473.0 103.02 
1475.0 101.01960784313725 
1477.0 97.01923076923077 
2436.0 95.00729927007299 
2005.0 95.00990099009901 
1988.0 95.01052631578948 
2020.0 95.009009009009 
2430.0 95.0077519379845 
1479.0 95.01851851851852 
1710.0 95.01351351351352 
1548.0 95.01515151515152 
2431.0 95.00735294117646 
1482.0 95.01694915254237 
1486.0 95.01666666666667 

