0.0019723865877712033 0.026503567787971503 
0.045364891518737675 0.020016680567139285 
0.05128205128205128 0.017584097859327293 
0.6291913214990138 8.600917431192985E-4 
0.1814595660749507 0.0031757233592095858 
0.15384615384615385 0.006116207951070314 
0.07100591715976332 0.015525758645024786 
0.07495069033530571 0.013761467889908348 
0.08284023668639054 0.01223241590214077 
0.08678500986193294 0.010894495412844067 
0.09664694280078895 0.009713977334052852 
0.10848126232741617 0.008664627930682945 
0.13609467455621302 0.006880733944954103 
0.1242603550295858 0.0077257363592468245 
0.9546351084812623 5.560189046427817E-4 
0.4181459566074951 0.0018981335020562945 
0.3767258382642998 0.0027183146449202343 
0.41222879684418146 0.0022935779816513676 
0.4714003944773176 0.0011837821840781529 
