0.0019723865877712033 0.026503567787971503 
0.9388560157790927 0.0011837821840781529 
0.6094674556213018 0.0022935779816513676 
0.9132149901380671 0.0015290519877675785 
0.045364891518737675 0.020016680567139285 
0.4556213017751479 0.0031757233592095858 
0.11439842209072978 0.009713977334052852 
0.32938856015779094 0.0036697247706422454 
0.22090729783037474 0.008664627930682945 
0.09072978303747535 0.013761467889908348 
0.10256410256410256 0.010894495412844067 
0.05128205128205128 0.017584097859327293 
0.27416173570019725 0.006116207951070314 
0.29980276134122286 0.00420489296636084 
0.07889546351084813 0.015525758645024786 
0.2445759368836292 0.006880733944954103 
0.22879684418145957 0.0077257363592468245 

0.06903353057199212 0.3440366972477063 
0.5128205128205128 0.0011837821840781529 
0.1222879684418146 0.013761467889908348 
0.22485207100591717 0.0036697247706422454 
0.40433925049309666 0.0031757233592095858 
0.4556213017751479 0.0022935779816513676 
0.48717948717948717 0.0015290519877675785 
0.1992110453648915 0.006116207951070314 
0.17357001972386588 0.0077257363592468245 
0.42998027613412226 0.0027183146449202343 
0.15384615384615385 0.008664627930682945 
0.14201183431952663 0.009713977334052852 
0.1301775147928994 0.01223241590214077 

0.05719921104536489 0.022935779816513818 
0.9388560157790927 8.600917431192985E-4 
0.6390532544378699 0.0011837821840781529 
0.10059171597633136 0.017584097859327293 
0.40828402366863903 0.0031757233592095858 
0.5877712031558185 0.0018981335020562945 
0.10650887573964497 0.015525758645024786 
0.23274161735700197 0.006116207951070314 
0.16568047337278108 0.013761467889908348 
0.1794871794871795 0.01223241590214077 
0.1913214990138067 0.009713977334052852 
0.20315581854043394 0.0077257363592468245 
0.32741617357001973 0.00420489296636084 
0.40631163708086787 0.0036697247706422454 
0.2958579881656805 0.004786597526924705 
0.6134122287968442 0.0015290519877675785 

0.06903353057199212 0.3440366972477063 
0.3609467455621302 0.0031757233592095858 
0.10650887573964497 0.33662667607621727 
0.1282051282051282 0.010894495412844067 
0.2583826429980276 0.0036697247706422454 
0.21893491124260356 0.0054211843202669075 
0.1893491124260355 0.006116207951070314 
0.2465483234714004 0.00420489296636084 
0.15187376725838264 0.0077257363592468245 
0.17751479289940827 0.006880733944954103 
0.14003944773175542 0.008664627930682945 

0.08086785009861933 0.347604485219164 
0.4911242603550296 0.3216569363358354 
0.1834319526627219 0.3288266537904393 
0.3767258382642998 0.3258875149581173 
0.10848126232741617 0.33868501529051975 
0.4418145956607495 0.3219610091743119 
0.15779092702169625 0.33199541284403666 
0.1282051282051282 0.3348623853211008 
0.378698224852071 0.3242766407904022 
0.17159763313609466 0.33081489476524545 
0.11637080867850098 0.33662667607621727 
0.40433925049309666 0.32381923207611285 
0.42209072978303747 0.3226299694189602 
0.41420118343195267 0.323394495412844 
0.4161735700197239 0.32299905093324893 

0.571992110453649 0.3216569363358354 
0.09072978303747535 0.33662667607621727 
0.4457593688362919 0.323394495412844 
0.3254437869822485 0.32721712538226294 
0.13609467455621302 0.3297655453618756 
0.21301775147928995 0.3288266537904393 
0.5226824457593688 0.3222846996152708 
0.38461538461538464 0.3247706422018349 
0.26627218934911245 0.3279816513761467 
0.1242603550295858 0.33333333333333326 
0.1341222879684418 0.33081489476524545 
0.1203155818540434 0.3348623853211008 
0.398422090729783 0.3242766407904022 
0.4240631163708087 0.32381923207611285 

0.08481262327416174 0.026503567787971503 
0.6291913214990138 8.600917431192985E-4 
0.09270216962524655 0.022935779816513818 
0.4832347140039448 0.0018981335020562945 
0.5897435897435898 0.0015290519877675785 
0.14990138067061143 0.020016680567139285 
0.16765285996055226 0.017584097859327293 
0.22090729783037474 0.013761467889908348 
0.3057199211045365 0.006116207951070314 
0.24260355029585798 0.01223241590214077 
0.3668639053254438 0.0054211843202669075 
0.26232741617357 0.0077257363592468245 
0.2465483234714004 0.009713977334052852 
0.39250493096646943 0.004786597526924705 
0.40433925049309666 0.0036697247706422454 
0.28994082840236685 0.006880733944954103 
0.4516765285996055 0.0022935779816513676 
0.5996055226824457 0.0011837821840781529 
0.4260355029585799 0.0031757233592095858 
0.4418145956607495 0.0027183146449202343 

0.05325443786982249 0.020016680567139285 
0.893491124260355 0.0011837821840781529 
0.1814595660749507 0.0031757233592095858 
0.6015779092702169 0.0015290519877675785 
0.3806706114398422 0.0027183146449202343 
0.46153846153846156 0.0018981335020562945 
0.15384615384615385 0.006116207951070314 
0.0631163708086785 0.017584097859327293 
0.07100591715976332 0.015525758645024786 
0.07495069033530571 0.013761467889908348 
0.4358974358974359 0.0022935779816513676 
0.08284023668639054 0.01223241590214077 
0.08678500986193294 0.010894495412844067 
0.09664694280078895 0.009713977334052852 
0.10848126232741617 0.008664627930682945 
0.13609467455621302 0.006880733944954103 
0.1242603550295858 0.0077257363592468245 

0.1222879684418146 0.33868501529051975 
0.9546351084812623 5.560189046427817E-4 
0.14201183431952663 0.3348623853211008 
0.1814595660749507 0.013761467889908348 
0.6548323471400395 8.600917431192985E-4 
0.4181459566074951 0.0018981335020562945 
0.6015779092702169 0.0015290519877675785 
0.3234714003944773 0.0031757233592095858 
0.3767258382642998 0.0027183146449202343 
0.20118343195266272 0.009713977334052852 
0.23865877712031558 0.0077257363592468245 
0.41222879684418146 0.0022935779816513676 
0.2504930966469428 0.006880733944954103 
0.28205128205128205 0.006116207951070314 
0.6272189349112426 0.0011837821840781529 
0.31952662721893493 0.00420489296636084 
0.2978303747534517 0.0054211843202669075 
0.1854043392504931 0.010894495412844067 

0.07100591715976332 0.020016680567139285 
0.7593688362919132 8.600917431192985E-4 
0.4714003944773176 0.0011837821840781529 
0.10059171597633136 0.015525758645024786 
0.1854043392504931 0.004786597526924705 
0.14201183431952663 0.010894495412844067 
0.10650887573964497 0.013761467889908348 
0.27218934911242604 0.00420489296636084 
0.35502958579881655 0.0031757233592095858 
0.1814595660749507 0.006880733944954103 
0.42998027613412226 0.0027183146449202343 
0.2879684418145957 0.0036697247706422454 
0.4477317554240631 0.0022935779816513676 
0.15187376725838264 0.009713977334052852 
0.16568047337278108 0.0077257363592468245 
0.15976331360946747 0.008664627930682945 

