0.6086956521739131 2.467657645022506E-7 
0.5 0.009164915746059973 
0.5507246376811594 0.005237340134855844 
0.5144927536231884 0.009164553385701461 
0.15217391304347827 0.6322034751529084 
0.09420289855072464 0.6701709050331826 
0.10869565217391304 0.6525014892313888 
0.12318840579710146 0.6413721064863369 
0.5652173913043478 0.0039278756803738995 
0.5797101449275363 0.001309894369446839 
0.5942028985507246 5.034021595897992E-7 
0.37681159420289856 0.3298892235581024 
0.4927536231884058 0.020290483509588893 
0.5362318840579711 0.007855361881320645 
0.391304347826087 0.32595541534873185 
0.3333333333333333 0.3717541048251097 
0.47101449275362317 0.02421923723386106 
0.15942028985507245 0.6322007483912107 
0.5579710144927537 0.004582601181098194 
0.2971014492753623 0.38681078714554956 
0.35507246376811596 0.34101441128515775 
0.427536231884058 0.12435291847402026 
0.45652173913043476 0.11322679852074341 
0.3188405797101449 0.37568064166995274 
0.021739130434782608 0.6917668576798195 
0.13768115942028986 0.634832073429595 
0.06521739130434782 0.6767042260611298 
0.036231884057971016 0.6806374749347676 
0.050724637681159424 0.6767073423602131 
