806.0 1600.076923076923 
860.0 101.01960784313725 
818.0 1481.0555555555557 
820.0 675.0909090909091 
839.0 274.03846153846155 
836.0 599.0909090909091 
846.0 137.02702702702703 
828.0 605.1111111111111 
830.0 599.1 
822.0 669.0833333333334 
808.0 1598.0666666666666 
810.0 1491.076923076923 
848.0 115.02380952380952 
812.0 1485.0666666666666 
850.0 113.02272727272727 
852.0 109.02222222222223 
854.0 107.02127659574468 
856.0 103.02083333333333 
814.0 1483.0588235294117 
858.0 101.02 
816.0 1481.0588235294117 
