907.0 103.02 
787.0 1142.090909090909 
835.0 1060.0526315789473 
842.0 154.02777777777777 
903.0 106.02127659574468 
856.0 107.02083333333333 
799.0 1067.0625 
818.0 1063.0555555555557 
822.0 1063.0526315789473 
789.0 1125.0833333333333 
791.0 1098.0833333333333 
844.0 132.02439024390245 
793.0 1081.076923076923 
846.0 130.02325581395348 
848.0 115.02380952380952 
795.0 1073.0714285714287 
797.0 1067.0666666666666 
852.0 113.02222222222223 
854.0 107.02127659574468 
850.0 113.02272727272727 
905.0 105.02083333333333 
