0.6086956521739131 2.467657645022506E-7 
0.07971014492753623 0.6813010505087794 
0.18115942028985507 0.6322007483912107 
0.5 0.009164915746059973 
0.5507246376811594 0.005237340134855844 
0.5144927536231884 0.009164553385701461 
0.15217391304347827 0.6322034751529084 
0.09420289855072464 0.6701709050331826 
0.10869565217391304 0.6525014892313888 
0.12318840579710146 0.6413721064863369 
0.13768115942028986 0.6361331282968348 
0.5652173913043478 0.0039278756803738995 
0.5797101449275363 0.001309894369446839 
0.5942028985507246 5.034021595897992E-7 

0.6086956521739131 2.467657645022506E-7 
0.10144927536231885 0.6813010505087794 
0.3188405797101449 0.3756855994184942 
0.45652173913043476 0.1132277307469649 
0.16666666666666666 0.6322007483912107 
0.39855072463768115 0.32595541534873185 
0.5072463768115942 0.023564323117973202 
0.37681159420289856 0.3298892235581024 
0.35507246376811596 0.37174990980711314 
0.5217391304347826 0.009164915746059973 
0.11594202898550725 0.6701709050331826 
0.12318840579710146 0.6413721064863369 
0.5507246376811594 0.005237340134855844 
0.34057971014492755 0.3717541048251097 
0.13768115942028986 0.6361331282968348 
0.15217391304347827 0.6322034751529084 
0.5797101449275363 0.0039275855993422155 
0.5942028985507246 5.034021595897992E-7 
0.5652173913043478 0.0039278756803738995 

0.9492753623188406 0.0013093490171072779 
0.07971014492753623 0.6813010505087794 
0.427536231884058 0.6276133306190831 
0.4782608695652174 0.03469000215344256 
0.9202898550724637 0.0032734528729000557 
0.5797101449275363 0.0039275855993422155 
0.16666666666666666 0.6322007483912107 
0.30434782608695654 0.6295785125584856 
0.3333333333333333 0.6295765990415046 
0.09420289855072464 0.6701709050331826 
0.10869565217391304 0.6525014892313888 
0.4927536231884058 0.020290483509588893 
0.12318840579710146 0.6413721064863369 
0.5072463768115942 0.01898089549780912 
0.5217391304347826 0.009164915746059973 
0.13768115942028986 0.6361331282968348 
0.15217391304347827 0.6322034751529084 
0.5507246376811594 0.00785503136475122 
0.5652173913043478 0.0039278756803738995 
0.5362318840579711 0.007855361881320645 
0.9347826086956522 0.002618739984394527 

0.9492753623188406 0.0013093490171072779 
0.18115942028985507 0.6884905486244537 
0.5144927536231884 0.020290882547886132 
0.8913043478260869 0.007200939073846802 
0.39855072463768115 0.6302350740025852 
0.5 0.3062845564607472 
0.41304347826086957 0.38744934515769075 
0.2971014492753623 0.6322007483912107 
0.4855072463768116 0.3599544023622809 
0.4420289855072464 0.38482438256326784 
0.45652173913043476 0.3625785517119869 
0.2536231884057971 0.6649277318256839 
0.26811594202898553 0.6413685107566255 
0.2246376811594203 0.6832433214079665 
0.2391304347826087 0.670166710015186 
0.2826086956521739 0.6361300119977514 
0.1956521739130435 0.6845604160498993 
0.9202898550724637 0.005236721295321588 
0.9347826086956522 0.001964038935931111 
0.21014492753623187 0.6832457273741704 
0.9057971014492754 0.005891446796045882 

0.21739130434782608 0.9810175435652619 
0.6086956521739131 2.467657645022506E-7 
0.30434782608695654 0.9031272460825525 
0.3188405797101449 0.3756855994184942 
0.45652173913043476 0.1132277307469649 
0.43478260869565216 0.3259494660504821 
0.5072463768115942 0.023564323117973202 
0.37681159420289856 0.3298892235581024 
0.391304347826087 0.32595541534873185 
0.3333333333333333 0.3717541048251097 
0.2318840579710145 0.9797019859215196 
0.2463768115942029 0.9096854575506129 
0.5217391304347826 0.009164915746059973 
0.2608695652173913 0.9057522086769753 
0.5362318840579711 0.007855361881320645 
0.5507246376811594 0.005237340134855844 
0.5652173913043478 0.0039278756803738995 
0.5797101449275363 0.001309894369446839 
0.2753623188405797 0.9044382303341258 
0.5942028985507246 5.034021595897992E-7 
0.2898550724637681 0.9031293847191781 

0.9492753623188406 0.0013093490171072779 
0.2028985507246377 0.9999958049820035 
0.47101449275362317 0.02421923723386106 
0.38405797101449274 0.38745246145677387 
0.37681159420289856 0.9319182139291378 
0.8478260869565217 0.011128963243252315 
0.427536231884058 0.3678166609334754 
0.36231884057971014 0.9332306952263493 
0.30434782608695654 0.9338814823515593 
0.21739130434782608 0.996065672407449 
0.2318840579710145 0.94174857938712 
0.41304347826086957 0.3848265211998936 
0.2463768115942029 0.9378189262431936 
0.2753623188405797 0.9365049479003441 
0.9202898550724637 0.001964317176920683 
0.8623188405797102 0.009819338553533816 
0.8768115942028986 0.0072012849632799285 
0.8913043478260869 0.005891762942329689 
0.9057971014492754 0.0032737555661505055 
0.2898550724637681 0.9351939636487708 

0.6086956521739131 2.467657645022506E-7 
0.12318840579710146 0.6524936984836809 
0.4492753623188406 0.3697866413846916 
0.15942028985507245 0.6322007483912107 
0.45652173913043476 0.1132277307469649 
0.5072463768115942 0.023564323117973202 
0.5217391304347826 0.009164915746059973 
0.13768115942028986 0.6413653944575423 
0.14492753623188406 0.6361300119977514 
0.5797101449275363 0.0039275855993422155 
0.5942028985507246 5.034021595897992E-7 
0.5507246376811594 0.00785503136475122 
0.5362318840579711 0.007855361881320645 
0.5652173913043478 0.0039278756803738995 
0.13043478260869565 0.6472551997248068 
0.5579710144927537 0.004582601181098194 

0.6086956521739131 2.467657645022506E-7 
0.2971014492753623 0.38681078714554956 
0.35507246376811596 0.34101441128515775 
0.427536231884058 0.12435291847402026 
0.45652173913043476 0.11322679852074341 
0.4782608695652174 0.034689510845028554 
0.3188405797101449 0.37568064166995274 
0.4927536231884058 0.020290483509588893 
0.5217391304347826 0.009164915746059973 
0.5362318840579711 0.007855361881320645 
0.5507246376811594 0.005237340134855844 
0.5652173913043478 0.0039278756803738995 
0.5797101449275363 0.001309894369446839 
0.5942028985507246 5.034021595897992E-7 

0.10869565217391304 0.6760607103004472 
0.6086956521739131 2.467657645022506E-7 
0.5072463768115942 0.01898089549780912 
0.18115942028985507 0.6322007483912107 
0.5362318840579711 0.007855361881320645 
0.12318840579710146 0.6649313275553953 
0.13768115942028986 0.6472619117536015 
0.15217391304347827 0.6361331282968348 
0.16666666666666666 0.6322034751529084 
0.5507246376811594 0.00785503136475122 
0.5652173913043478 0.0039278756803738995 
0.5797101449275363 0.0039275855993422155 
0.5942028985507246 5.034021595897992E-7 

0.6086956521739131 2.467657645022506E-7 
0.021739130434782608 0.6917668576798195 
0.42028985507246375 0.3809160241297435 
0.2971014492753623 0.3868167364437993 
0.427536231884058 0.12435392527833945 
0.13768115942028986 0.634832073429595 
0.45652173913043476 0.1132277307469649 
0.4782608695652174 0.03469000215344256 
0.12318840579710146 0.6459572611566503 
0.06521739130434782 0.6767042260611298 
0.4927536231884058 0.020290483509588893 
0.036231884057971016 0.6806374749347676 
0.5072463768115942 0.01898089549780912 
0.5217391304347826 0.009164915746059973 
0.050724637681159424 0.6767073423602131 
0.5362318840579711 0.007855361881320645 
0.5507246376811594 0.005237340134855844 
0.5652173913043478 0.0039278756803738995 
0.5797101449275363 0.001309894369446839 
0.5942028985507246 5.034021595897992E-7 

