1432.0 470.0263157894737 
3858.0 95.00354609929079 
1437.0 469.02564102564105 
1454.0 114.02127659574468 
3639.0 95.00361010830325 
3634.0 95.0036231884058 
3442.0 95.00367647058823 
3166.0 95.00377358490566 
3356.0 95.00374531835206 
2412.0 95.00531914893617 
2568.0 95.00526315789473 
2771.0 95.00454545454545 
2925.0 95.00448430493273 
2577.0 95.005 
2691.0 95.00490196078431 
2402.0 95.00549450549451 
2293.0 95.00555555555556 
2023.0 95.00714285714285 
1929.0 95.00735294117646 
1709.0 95.01063829787235 
2180.0 95.00636942675159 
2099.0 95.00645161290322 
1632.0 95.01086956521739 
3024.0 95.00403225806451 
3098.0 95.004 
3369.0 95.0037037037037 
2983.0 95.00413223140495 
1758.0 95.0091743119266 
1826.0 95.00909090909092 
1560.0 95.01449275362319 
1500.0 95.01470588235294 
1869.0 95.00826446280992 
2930.0 95.00440528634361 
2743.0 95.00478468899522 
2213.0 95.00574712643679 
1921.0 95.00813008130082 
2697.0 95.0048076923077 
1465.0 97.01886792452831 
2257.0 95.00571428571429 
2060.0 95.00649350649351 
3001.0 95.00411522633745 
1617.0 95.01219512195122 
1577.0 95.01369863013699 
1461.0 103.02 
1459.0 110.02127659574468 
1460.0 106.0204081632653 
2283.0 95.00561797752809 
1480.0 95.01754385964912 
1838.0 95.00892857142857 
1862.0 95.00840336134453 
3108.0 95.00396825396825 
3130.0 95.00383141762453 
3153.0 95.00381679389314 
1471.0 95.01851851851852 
1717.0 95.01030927835052 
1496.0 95.01492537313433 
2030.0 95.00709219858156 
2752.0 95.0046511627907 
1457.0 112.02 
2042.0 95.00694444444444 
2056.0 95.00653594771242 
1730.0 95.00980392156863 
2203.0 95.00591715976331 
2190.0 95.00628930817611 
3121.0 95.00390625 
1742.0 95.00943396226415 
1748.0 95.00934579439253 
