4213.0 95.0031847133758 
1435.0 465.025 
1449.0 464.0208333333333 
1454.0 109.02 
3818.0 95.00324675324676 
4118.0 95.0032154340836 
3479.0 95.00361010830325 
3237.0 95.0036496350365 
3727.0 95.00355871886121 
3509.0 95.00357142857143 
3009.0 95.00378787878788 
3181.0 95.00375939849624 
2842.0 95.00413223140495 
2288.0 95.00490196078431 
2387.0 95.00478468899522 
4122.0 95.00320512820512 
1913.0 95.00854700854701 
2177.0 95.00621118012423 
2559.0 95.00471698113208 
2472.0 95.0047619047619 
1827.0 95.00862068965517 
1676.0 95.01 
2261.0 95.00617283950618 
2053.0 95.00636942675159 
1755.0 95.00990099009901 
2920.0 95.0040650406504 
2773.0 95.00414937759336 
2044.0 95.0068493150685 
2127.0 95.00632911392405 
1979.0 95.00806451612904 
3809.0 95.00342465753425 
1649.0 95.01162790697674 
1590.0 95.01176470588236 
1971.0 95.00819672131148 
1921.0 95.00847457627118 
3752.0 95.00343642611683 
2618.0 95.00456621004567 
2674.0 95.00452488687783 
1463.0 103.01960784313725 
1455.0 103.02 
2167.0 95.00628930817611 
1541.0 95.01388888888889 
1464.0 97.01960784313725 
2571.0 95.00467289719626 
1496.0 95.01428571428572 
2607.0 95.00460829493088 
2766.0 95.00431034482759 
2720.0 95.00434782608696 
2731.0 95.00432900432901 
1469.0 95.01818181818182 
2949.0 95.00398406374502 
1805.0 95.00877192982456 
3736.0 95.00348432055749 
2696.0 95.00444444444445 
2965.0 95.003861003861 
2988.0 95.00384615384615 
1654.0 95.01098901098901 
1820.0 95.00869565217391 
1545.0 95.01351351351352 
3002.0 95.00380228136882 
1467.0 97.01886792452831 
1562.0 95.01333333333334 
1671.0 95.01010101010101 
1485.0 95.01492537313433 
1575.0 95.01204819277109 
3494.0 95.00358422939068 
1781.0 95.00943396226415 
2265.0 95.00613496932516 
1795.0 95.009009009009 
1767.0 95.00980392156863 
3195.0 95.00369003690037 
2951.0 95.00396825396825 
3209.0 95.00367647058823 
3223.0 95.00366300366301 
2275.0 95.00588235294117 
2687.0 95.00450450450451 
