1432.0 465.02702702702703 
4415.0 95.00276243093923 
1446.0 464.0217391304348 
1449.0 109.02083333333333 
3820.0 95.00289855072464 
4072.0 95.0028901734104 
3505.0 95.00316455696202 
3730.0 95.00313479623824 
2916.0 95.00418410041841 
2694.0 95.00425531914894 
4284.0 95.0028818443804 
3057.0 95.00404858299595 
2039.0 95.00645161290322 
2142.0 95.00625 
2640.0 95.00450450450451 
2539.0 95.0047619047619 
3357.0 95.0032894736842 
3457.0 95.0032362459547 
2304.0 95.00520833333333 
2397.0 95.005 
2208.0 95.00581395348837 
1761.0 95.00806451612904 
1842.0 95.0079365079365 
4344.0 95.0028653295129 
1562.0 95.01298701298701 
1638.0 95.0126582278481 
1912.0 95.00694444444444 
1716.0 95.01149425287356 
1645.0 95.01190476190476 
1983.0 95.00680272108843 
2471.0 95.0048076923077 
2144.0 95.00588235294117 
2409.0 95.00490196078431 
3197.0 95.00361010830325 
1455.0 103.02083333333333 
2245.0 95.0054347826087 
3251.0 95.00347222222223 
1460.0 103.01754385964912 
1461.0 97.01694915254237 
3291.0 95.00340136054422 
3342.0 95.00333333333333 
3148.0 95.00366300366301 
2685.0 95.00432900432901 
1483.0 95.01470588235294 
3210.0 95.00359712230215 
4361.0 95.00279329608938 
4397.0 95.00277008310249 
1531.0 95.01408450704226 
3750.0 95.00308641975309 
1881.0 95.00769230769231 
3140.0 95.00371747211896 
3120.0 95.00392156862745 
3485.0 95.00319488817891 
3092.0 95.00401606425703 
1735.0 95.01052631578948 
1889.0 95.00757575757575 
2005.0 95.00657894736842 
2032.0 95.00649350649351 
1743.0 95.01020408163265 
3236.0 95.00353356890459 
1507.0 95.01449275362319 
3068.0 95.00403225806451 
1908.0 95.00699300699301 
3802.0 95.00299401197604 
3780.0 95.00301204819277 
1860.0 95.0078125 
1444.0 465.02222222222224 
1527.0 95.01428571428572 
1464.0 97.01666666666667 
2226.0 95.00558659217877 
3761.0 95.00305810397553 
