1439.0 465.0243902439024 
3351.0 95.00320512820512 
1455.0 464.0208333333333 
1463.0 110.0204081632653 
3189.0 95.00381679389314 
2953.0 95.00383141762453 
2600.0 95.0042194092827 
2776.0 95.00420168067227 
2444.0 95.00478468899522 
2308.0 95.0048076923077 
2901.0 95.00409836065573 
2148.0 95.00502512562814 
2214.0 95.0049504950495 
1563.0 95.01136363636364 
1599.0 95.01063829787235 
1662.0 95.00990099009901 
1837.0 95.00709219858156 
1897.0 95.00694444444444 
2262.0 95.00492610837438 
1504.0 95.01333333333334 
1703.0 95.00869565217391 
1752.0 95.00847457627118 
1931.0 95.0068493150685 
3227.0 95.00369003690037 
2596.0 95.00434782608696 
1806.0 95.008 
1765.0 95.00806451612904 
1470.0 98.01923076923077 
2557.0 95.00438596491227 
3194.0 95.00378787878788 
2007.0 95.00602409638554 
2044.0 95.00595238095238 
3294.0 95.00337837837837 
1467.0 104.01724137931035 
2274.0 95.00490196078431 
1567.0 95.0111111111111 
2467.0 95.0046511627907 
1828.0 95.00740740740741 
2511.0 95.00454545454545 
2540.0 95.00440528634361 
1485.0 95.01428571428572 
2940.0 95.00384615384615 
3314.0 95.003367003367 
3339.0 95.0032154340836 
1983.0 95.00641025641026 
1959.0 95.00653594771242 
1667.0 95.00980392156863 
2110.0 95.00518134715026 
2132.0 95.00515463917526 
2489.0 95.00462962962963 
2295.0 95.00485436893204 
1483.0 97.01449275362319 
2090.0 95.00549450549451 
2064.0 95.00574712643679 
2070.0 95.00552486187846 
3238.0 95.00353356890459 
3258.0 95.00352112676056 
1502.0 95.01351351351352 
1480.0 98.01666666666667 
1697.0 95.00884955752213 
1685.0 95.0091743119266 
1943.0 95.00666666666666 
3279.0 95.00340136054422 
3274.0 95.00343642611683 
2928.0 95.00396825396825 
2913.0 95.00398406374502 
2457.0 95.00469483568075 
1448.0 464.0232558139535 
