1433.0 467.03225806451616 
3945.0 97.0031847133758 
1451.0 466.02272727272725 
1454.0 111.02127659574468 
2737.0 97.0042194092827 
2922.0 97.00418410041841 
3898.0 97.00327868852459 
3732.0 97.003367003367 
2606.0 97.00425531914894 
3067.0 97.00416666666666 
1885.0 97.0060975609756 
2131.0 97.00523560209425 
3466.0 97.00348432055749 
2259.0 97.00520833333333 
3594.0 97.00342465753425 
2007.0 97.00595238095238 
2478.0 97.00448430493273 
2591.0 97.00432900432901 
3676.0 97.00341296928327 
2400.0 97.0045871559633 
1672.0 97.00763358778626 
1744.0 97.00746268656717 
3138.0 97.00409836065573 
3210.0 97.00395256916995 
1456.0 105.02 
1832.0 97.00714285714285 
3264.0 97.00390625 
2289.0 97.00515463917526 
1506.0 97.01315789473684 
1555.0 97.0125 
1784.0 97.00729927007299 
1460.0 103.01923076923077 
1877.0 97.0068493150685 
1840.0 97.00694444444444 
3407.0 97.00358422939068 
2349.0 97.00492610837438 
2309.0 97.00502512562814 
1467.0 97.01666666666667 
1657.0 97.00806451612904 
3354.0 97.00371747211896 
3321.0 97.00374531835206 
3908.0 97.00326797385621 
1462.0 99.01923076923077 
3701.0 97.00340136054422 
3377.0 97.0036496350365 
1616.0 97.00862068965517 
3449.0 97.00354609929079 
3421.0 97.00355871886121 
2104.0 97.00555555555556 
1438.0 466.0238095238095 
2053.0 97.00574712643679 
2029.0 97.00591715976331 
1639.0 97.00854700854701 
2359.0 97.00473933649289 
2382.0 97.0046511627907 
3931.0 97.00324675324676 
2082.0 97.00561797752809 
1576.0 97.01176470588236 
1487.0 97.01515151515152 
3284.0 97.00389105058366 
3304.0 97.00380228136882 
2073.0 97.00564971751412 
1592.0 97.00990099009901 
1610.0 97.00869565217391 
