1419.0 470.02702702702703 
4475.0 95.00326797385621 
1443.0 469.0232558139535 
1452.0 109.02127659574468 
3557.0 95.00373134328358 
3930.0 95.00367647058823 
3249.0 95.00411522633745 
3039.0 95.00418410041841 
3257.0 95.00408163265305 
3456.0 95.0040650406504 
4100.0 95.00366300366301 
1916.0 95.00657894736842 
2080.0 95.00649350649351 
2707.0 95.00454545454545 
4457.0 95.003300330033 
4308.0 95.00340136054422 
2851.0 95.00450450450451 
4287.0 95.00346020761246 
4180.0 95.00348432055749 
2109.0 95.0060606060606 
2554.0 95.0047619047619 
2196.0 95.00602409638554 
2641.0 95.00469483568075 
2957.0 95.00425531914894 
3036.0 95.0042194092827 
1568.0 95.0126582278481 
1634.0 95.01075268817205 
1739.0 95.00970873786407 
2540.0 95.00492610837438 
2489.0 95.0049504950495 
2888.0 95.00432900432901 
4133.0 95.0034965034965 
1804.0 95.0091743119266 
1752.0 95.00943396226415 
1687.0 95.01010101010101 
2389.0 95.00537634408602 
2337.0 95.00546448087432 
1456.0 103.02 
2247.0 95.00595238095238 
2691.0 95.00467289719626 
2293.0 95.00584795321637 
2932.0 95.00429184549357 
2430.0 95.00523560209425 
1479.0 95.01666666666667 
1519.0 95.01492537313433 
1822.0 95.00869565217391 
1859.0 95.00826446280992 
1459.0 101.01923076923077 
1460.0 97.01886792452831 
2478.0 95.0049751243781 
1879.0 95.00806451612904 
4123.0 95.00350877192983 
2326.0 95.00558659217877 
1463.0 95.01818181818182 
3545.0 95.00389105058366 
3490.0 95.00401606425703 
3520.0 95.00396825396825 
1529.0 95.01408450704226 
1666.0 95.01052631578948 
1638.0 95.01063829787235 
1892.0 95.00763358778626 
2454.0 95.0050505050505 
1422.0 470.0263157894737 
2872.0 95.00444444444445 
3469.0 95.00403225806451 
1548.0 95.01388888888889 
2099.0 95.00641025641026 
3526.0 95.00395256916995 
1682.0 95.01030927835052 
