1431.0 465.02702702702703 
4400.0 95.00301204819277 
1448.0 458.0243902439024 
1452.0 109.01960784313725 
3456.0 95.0032894736842 
3883.0 95.00324675324676 
3893.0 95.0032154340836 
4148.0 95.0031746031746 
2624.0 95.00431034482759 
2867.0 95.0042194092827 
3186.0 95.00390625 
2990.0 95.00392156862745 
4348.0 95.0030487804878 
2078.0 95.00632911392405 
1958.0 95.00645161290322 
2431.0 95.00478468899522 
2528.0 95.00473933649289 
4254.0 95.00307692307692 
2221.0 95.0054347826087 
2302.0 95.00540540540541 
2105.0 95.00561797752809 
2185.0 95.00555555555556 
3276.0 95.0036231884058 
3353.0 95.00361010830325 
1686.0 95.00980392156863 
1759.0 95.00961538461539 
1830.0 95.00826446280992 
2412.0 95.00490196078431 
2344.0 95.0049751243781 
1642.0 95.01219512195122 
1577.0 95.01234567901234 
1439.0 459.02564102564105 
4206.0 95.0031545741325 
1462.0 97.01923076923077 
1886.0 95.0079365079365 
1458.0 103.01694915254237 
1455.0 103.01754385964912 
1467.0 95.01818181818182 
1438.0 464.025 
2615.0 95.00440528634361 
3420.0 95.00340136054422 
3209.0 95.00380228136882 
2952.0 95.00396825396825 
1500.0 95.01492537313433 
1536.0 95.01470588235294 
3451.0 95.00332225913621 
2899.0 95.00418410041841 
2580.0 95.00467289719626 
1816.0 95.00862068965517 
1950.0 95.00653594771242 
2561.0 95.00471698113208 
1925.0 95.00662251655629 
4223.0 95.00308641975309 
1894.0 95.00787401574803 
3383.0 95.00359712230215 
1546.0 95.01388888888889 
3248.0 95.0036496350365 
3384.0 95.00352112676056 
3409.0 95.00343642611683 
3225.0 95.00374531835206 
2942.0 95.0040650406504 
2902.0 95.00416666666666 
2921.0 95.00409836065573 
1466.0 97.01754385964912 
1666.0 95.01052631578948 
2318.0 95.005291005291 
2338.0 95.005 
1665.0 95.01149425287356 
1778.0 95.00909090909092 
1797.0 95.009009009009 
1565.0 95.0126582278481 
2920.0 95.00413223140495 
1647.0 95.01162790697674 
