1437.0 466.025 
3208.0 94.00434782608696 
1447.0 465.0238095238095 
1465.0 110.01785714285714 
2997.0 94.00444444444445 
2402.0 97.00578034682081 
2278.0 97.00581395348837 
2192.0 97.00649350649351 
2074.0 97.00657894736842 
2730.0 95.00478468899522 
2818.0 95.00469483568075 
2967.0 94.0046511627907 
2893.0 95.00448430493273 
1941.0 97.00719424460432 
2001.0 97.00709219858156 
2569.0 95.0051282051282 
2555.0 97.00507614213198 
2473.0 97.00549450549451 
1496.0 97.015625 
1546.0 97.01449275362319 
1542.0 97.01470588235294 
2614.0 95.00507614213198 
2511.0 97.00510204081633 
1767.0 97.00934579439253 
1724.0 97.00943396226415 
1588.0 97.01428571428572 
2432.0 97.00552486187846 
2859.0 95.00460829493088 
1470.0 98.01923076923077 
1625.0 97.01234567901234 
2659.0 95.00492610837438 
2692.0 95.00490196078431 
1893.0 97.00787401574803 
2251.0 97.0059880239521 
2032.0 97.00704225352112 
2220.0 97.00621118012423 
1476.0 97.01886792452831 
1466.0 104.02 
1467.0 104.01886792452831 
1833.0 97.00833333333334 
2195.0 97.00628930817611 
1805.0 97.00877192982456 
1667.0 97.01176470588236 
2486.0 97.0054347826087 
1640.0 97.01204819277109 
2259.0 97.00584795321637 
2051.0 97.00689655172414 
1868.0 97.0079365079365 
1917.0 97.00735294117646 
1844.0 97.008 
2655.0 95.005 
2716.0 95.00487804878048 
1782.0 97.00884955752213 
2557.0 95.00518134715026 
2635.0 95.0050505050505 
2071.0 97.00662251655629 
2873.0 95.0045871559633 
1607.0 97.01351351351352 
1685.0 97.01123595505618 
1692.0 97.01030927835052 
1709.0 97.00970873786407 
1900.0 97.0077519379845 
2416.0 97.00564971751412 
2046.0 97.00694444444444 
2500.0 97.0051282051282 
