2600.0 95.0042194092827 
2308.0 95.0048076923077 
2148.0 95.00502512562814 
2214.0 95.0049504950495 
1563.0 95.01136363636364 
1599.0 95.01063829787235 
1662.0 95.00990099009901 
1837.0 95.00709219858156 
1897.0 95.00694444444444 
2262.0 95.00492610837438 
1504.0 95.01333333333334 
1703.0 95.00869565217391 
1752.0 95.00847457627118 
1806.0 95.008 
2007.0 95.00602409638554 
2044.0 95.00595238095238 
2274.0 95.00490196078431 
1567.0 95.0111111111111 
2467.0 95.0046511627907 
1828.0 95.00740740740741 
2511.0 95.00454545454545 
1485.0 95.01428571428572 
1983.0 95.00641025641026 
1667.0 95.00980392156863 
2110.0 95.00518134715026 
2132.0 95.00515463917526 
2489.0 95.00462962962963 
2295.0 95.00485436893204 
2090.0 95.00549450549451 
2064.0 95.00574712643679 
2070.0 95.00552486187846 
1502.0 95.01351351351352 
1697.0 95.00884955752213 
1685.0 95.0091743119266 
2457.0 95.00469483568075 
1419.0 470.02702702702703 
1916.0 95.00657894736842 
1460.0 97.01886792452831 
1463.0 95.01818181818182 
1422.0 470.0263157894737 
3022.0 90.00377358490566 
2898.0 91.0046511627907 
3007.0 90.00403225806451 
2948.0 90.00408163265305 
1461.0 97.01612903225806 
2933.0 90.00409836065573 
2900.0 90.0046511627907 
2923.0 90.00416666666666 
2908.0 90.00456621004567 
2917.0 90.00418410041841 
2574.0 95.0042735042735 
2888.0 95.0037037037037 
1479.0 95.01470588235294 
2862.0 95.00390625 
2792.0 95.00411522633745 
2737.0 95.00418410041841 
2538.0 95.00431034482759 
1458.0 101.01923076923077 
1435.0 465.025 
2387.0 95.00478468899522 
2773.0 95.00414937759336 
1431.0 465.02702702702703 
1448.0 458.0243902439024 
1452.0 109.01960784313725 
1958.0 95.00645161290322 
1439.0 459.02564102564105 
1455.0 103.01754385964912 
1438.0 464.025 
1950.0 95.00653594771242 
1449.0 109.02083333333333 
1761.0 95.00806451612904 
1562.0 95.01298701298701 
