1439.0 465.0243902439024 
3351.0 95.00320512820512 
1455.0 464.0208333333333 
1463.0 110.0204081632653 
3189.0 95.00381679389314 
2953.0 95.00383141762453 
2600.0 95.0042194092827 
2776.0 95.00420168067227 
2444.0 95.00478468899522 
2308.0 95.0048076923077 
2901.0 95.00409836065573 
2148.0 95.00502512562814 
2214.0 95.0049504950495 
1563.0 95.01136363636364 
1599.0 95.01063829787235 
1662.0 95.00990099009901 
1837.0 95.00709219858156 
1897.0 95.00694444444444 
2262.0 95.00492610837438 
1504.0 95.01333333333334 
1703.0 95.00869565217391 
1752.0 95.00847457627118 
1931.0 95.0068493150685 
3227.0 95.00369003690037 
2596.0 95.00434782608696 
1806.0 95.008 
1765.0 95.00806451612904 
1470.0 98.01923076923077 
2557.0 95.00438596491227 
3194.0 95.00378787878788 
2007.0 95.00602409638554 
2044.0 95.00595238095238 
3294.0 95.00337837837837 
1467.0 104.01724137931035 
2274.0 95.00490196078431 
1567.0 95.0111111111111 
2467.0 95.0046511627907 
1828.0 95.00740740740741 
2511.0 95.00454545454545 
2540.0 95.00440528634361 
1485.0 95.01428571428572 
2940.0 95.00384615384615 
3314.0 95.003367003367 
3339.0 95.0032154340836 
1983.0 95.00641025641026 
1959.0 95.00653594771242 
1667.0 95.00980392156863 
2110.0 95.00518134715026 
2132.0 95.00515463917526 
2489.0 95.00462962962963 
2295.0 95.00485436893204 
1483.0 97.01449275362319 
2090.0 95.00549450549451 
2064.0 95.00574712643679 
2070.0 95.00552486187846 
3238.0 95.00353356890459 
3258.0 95.00352112676056 
1502.0 95.01351351351352 
1480.0 98.01666666666667 
1697.0 95.00884955752213 
1685.0 95.0091743119266 
1943.0 95.00666666666666 
3279.0 95.00340136054422 
3274.0 95.00343642611683 
2928.0 95.00396825396825 
2913.0 95.00398406374502 
2457.0 95.00469483568075 
1448.0 464.0232558139535 

1437.0 466.025 
3208.0 94.00434782608696 
1447.0 465.0238095238095 
1465.0 110.01785714285714 
2997.0 94.00444444444445 
2402.0 97.00578034682081 
2278.0 97.00581395348837 
2192.0 97.00649350649351 
2074.0 97.00657894736842 
2730.0 95.00478468899522 
2818.0 95.00469483568075 
2967.0 94.0046511627907 
2893.0 95.00448430493273 
1941.0 97.00719424460432 
2001.0 97.00709219858156 
2569.0 95.0051282051282 
2555.0 97.00507614213198 
2473.0 97.00549450549451 
1496.0 97.015625 
1546.0 97.01449275362319 
1542.0 97.01470588235294 
2614.0 95.00507614213198 
2511.0 97.00510204081633 
1767.0 97.00934579439253 
1724.0 97.00943396226415 
1588.0 97.01428571428572 
2432.0 97.00552486187846 
2859.0 95.00460829493088 
1470.0 98.01923076923077 
1625.0 97.01234567901234 
2659.0 95.00492610837438 
2692.0 95.00490196078431 
1893.0 97.00787401574803 
2251.0 97.0059880239521 
2032.0 97.00704225352112 
2220.0 97.00621118012423 
1476.0 97.01886792452831 
1466.0 104.02 
1467.0 104.01886792452831 
1833.0 97.00833333333334 
2195.0 97.00628930817611 
1805.0 97.00877192982456 
1667.0 97.01176470588236 
2486.0 97.0054347826087 
1640.0 97.01204819277109 
2259.0 97.00584795321637 
2051.0 97.00689655172414 
1868.0 97.0079365079365 
1917.0 97.00735294117646 
1844.0 97.008 
2655.0 95.005 
2716.0 95.00487804878048 
1782.0 97.00884955752213 
2557.0 95.00518134715026 
2635.0 95.0050505050505 
2071.0 97.00662251655629 
2873.0 95.0045871559633 
1607.0 97.01351351351352 
1685.0 97.01123595505618 
1692.0 97.01030927835052 
1709.0 97.00970873786407 
1900.0 97.0077519379845 
2416.0 97.00564971751412 
2046.0 97.00694444444444 
2500.0 97.0051282051282 

1419.0 470.02702702702703 
4475.0 95.00326797385621 
1443.0 469.0232558139535 
1452.0 109.02127659574468 
3557.0 95.00373134328358 
3930.0 95.00367647058823 
3249.0 95.00411522633745 
3039.0 95.00418410041841 
3257.0 95.00408163265305 
3456.0 95.0040650406504 
4100.0 95.00366300366301 
1916.0 95.00657894736842 
2080.0 95.00649350649351 
2707.0 95.00454545454545 
4457.0 95.003300330033 
4308.0 95.00340136054422 
2851.0 95.00450450450451 
4287.0 95.00346020761246 
4180.0 95.00348432055749 
2109.0 95.0060606060606 
2554.0 95.0047619047619 
2196.0 95.00602409638554 
2641.0 95.00469483568075 
2957.0 95.00425531914894 
3036.0 95.0042194092827 
1568.0 95.0126582278481 
1634.0 95.01075268817205 
1739.0 95.00970873786407 
2540.0 95.00492610837438 
2489.0 95.0049504950495 
2888.0 95.00432900432901 
4133.0 95.0034965034965 
1804.0 95.0091743119266 
1752.0 95.00943396226415 
1687.0 95.01010101010101 
2389.0 95.00537634408602 
2337.0 95.00546448087432 
1456.0 103.02 
2247.0 95.00595238095238 
2691.0 95.00467289719626 
2293.0 95.00584795321637 
2932.0 95.00429184549357 
2430.0 95.00523560209425 
1479.0 95.01666666666667 
1519.0 95.01492537313433 
1822.0 95.00869565217391 
1859.0 95.00826446280992 
1459.0 101.01923076923077 
1460.0 97.01886792452831 
2478.0 95.0049751243781 
1879.0 95.00806451612904 
4123.0 95.00350877192983 
2326.0 95.00558659217877 
1463.0 95.01818181818182 
3545.0 95.00389105058366 
3490.0 95.00401606425703 
3520.0 95.00396825396825 
1529.0 95.01408450704226 
1666.0 95.01052631578948 
1638.0 95.01063829787235 
1892.0 95.00763358778626 
2454.0 95.0050505050505 
1422.0 470.0263157894737 
2872.0 95.00444444444445 
3469.0 95.00403225806451 
1548.0 95.01388888888889 
2099.0 95.00641025641026 
3526.0 95.00395256916995 
1682.0 95.01030927835052 

1437.0 465.03125 
3022.0 90.00377358490566 
1450.0 464.0285714285714 
1455.0 109.01754385964912 
2425.0 96.00467289719626 
2576.0 96.00440528634361 
2090.0 96.00704225352112 
1955.0 96.00729927007299 
2802.0 96.00409836065573 
2692.0 96.00411522633745 
2898.0 91.0046511627907 
1935.0 96.00746268656717 
1844.0 96.00763358778626 
2265.0 96.00552486187846 
2187.0 96.00571428571429 
2652.0 96.00436681222708 
1783.0 96.00884955752213 
1720.0 96.009009009009 
3007.0 90.00403225806451 
2948.0 90.00408163265305 
1793.0 96.00840336134453 
1843.0 96.00769230769231 
1549.0 96.01234567901234 
1504.0 96.0126582278481 
2308.0 96.00537634408602 
2310.0 96.00534759358288 
2351.0 96.00515463917526 
1551.0 96.01190476190476 
1591.0 96.01176470588236 
1705.0 96.00943396226415 
1665.0 96.00961538461539 
1648.0 96.01063829787235 
1609.0 96.01086956521739 
2411.0 96.0049504950495 
2374.0 96.0050505050505 
1461.0 97.01612903225806 
2094.0 96.00699300699301 
2125.0 96.00689655172414 
1458.0 103.01639344262296 
1457.0 103.01785714285714 
2666.0 96.0042372881356 
2174.0 96.00588235294117 
2154.0 96.0059880239521 
1474.0 96.01538461538462 
2933.0 90.00409836065573 
1718.0 96.0091743119266 
2900.0 90.0046511627907 
1469.0 97.01515151515152 
2138.0 96.00636942675159 
2150.0 96.00602409638554 
1439.0 464.030303030303 
1491.0 96.01470588235294 
1481.0 96.01515151515152 
1658.0 96.00980392156863 
2923.0 90.00416666666666 
1500.0 96.01315789473684 
2129.0 96.00653594771242 
1792.0 96.00854700854701 
1600.0 96.01136363636364 
2908.0 90.00456621004567 
2178.0 96.00584795321637 
2917.0 90.00418410041841 
1443.0 464.02941176470586 
1606.0 96.01123595505618 

1446.0 465.0285714285714 
4366.0 94.00305810397553 
1451.0 464.03225806451616 
1454.0 109.02083333333333 
4018.0 94.00331125827815 
3663.0 94.003367003367 
4072.0 94.00306748466258 
3352.0 94.00342465753425 
3562.0 94.00337837837837 
2308.0 95.0051282051282 
2731.0 95.00425531914894 
2574.0 95.0042735042735 
2463.0 95.0050505050505 
3319.0 94.0036231884058 
3178.0 94.00363636363636 
2888.0 95.0037037037037 
2996.0 94.00409836065573 
2296.0 95.00546448087432 
2189.0 95.00561797752809 
3092.0 94.00367647058823 
1479.0 95.01470588235294 
1552.0 95.01388888888889 
2862.0 95.00390625 
2792.0 95.00411522633745 
1848.0 95.00892857142857 
1912.0 95.00877192982456 
1567.0 95.01282051282051 
2170.0 95.00595238095238 
1625.0 95.0126582278481 
2112.0 95.0059880239521 
1749.0 95.00970873786407 
1805.0 95.00943396226415 
2737.0 95.00418410041841 
1456.0 103.01960784313725 
2477.0 95.00487804878048 
1953.0 95.00840336134453 
2511.0 95.00478468899522 
1743.0 95.01030927835052 
1699.0 95.01149425287356 
2011.0 95.0079365079365 
1967.0 95.00819672131148 
1921.0 95.00854700854701 
2538.0 95.00431034482759 
3049.0 94.00383141762453 
1461.0 101.01886792452831 
3041.0 94.00393700787401 
1463.0 97.01923076923077 
1680.0 95.01190476190476 
1650.0 95.01219512195122 
1465.0 95.01851851851852 
3077.0 94.0037037037037 
3015.0 94.00401606425703 
2033.0 95.00704225352112 
2058.0 95.00653594771242 
2079.0 95.00636942675159 
2012.0 95.00763358778626 
1458.0 101.01923076923077 
2093.0 95.00602409638554 
3335.0 94.00346020761246 
4035.0 94.00325732899023 
1642.0 95.01234567901234 
4052.0 94.0031055900621 
4055.0 94.0030959752322 
2523.0 95.0047619047619 

4213.0 95.0031847133758 
1435.0 465.025 
1449.0 464.0208333333333 
1454.0 109.02 
3818.0 95.00324675324676 
4118.0 95.0032154340836 
3479.0 95.00361010830325 
3237.0 95.0036496350365 
3727.0 95.00355871886121 
3509.0 95.00357142857143 
3009.0 95.00378787878788 
3181.0 95.00375939849624 
2842.0 95.00413223140495 
2288.0 95.00490196078431 
2387.0 95.00478468899522 
4122.0 95.00320512820512 
1913.0 95.00854700854701 
2177.0 95.00621118012423 
2559.0 95.00471698113208 
2472.0 95.0047619047619 
1827.0 95.00862068965517 
1676.0 95.01 
2261.0 95.00617283950618 
2053.0 95.00636942675159 
1755.0 95.00990099009901 
2920.0 95.0040650406504 
2773.0 95.00414937759336 
2044.0 95.0068493150685 
2127.0 95.00632911392405 
1979.0 95.00806451612904 
3809.0 95.00342465753425 
1649.0 95.01162790697674 
1590.0 95.01176470588236 
1971.0 95.00819672131148 
1921.0 95.00847457627118 
3752.0 95.00343642611683 
2618.0 95.00456621004567 
2674.0 95.00452488687783 
1463.0 103.01960784313725 
1455.0 103.02 
2167.0 95.00628930817611 
1541.0 95.01388888888889 
1464.0 97.01960784313725 
2571.0 95.00467289719626 
1496.0 95.01428571428572 
2607.0 95.00460829493088 
2766.0 95.00431034482759 
2720.0 95.00434782608696 
2731.0 95.00432900432901 
1469.0 95.01818181818182 
2949.0 95.00398406374502 
1805.0 95.00877192982456 
3736.0 95.00348432055749 
2696.0 95.00444444444445 
2965.0 95.003861003861 
2988.0 95.00384615384615 
1654.0 95.01098901098901 
1820.0 95.00869565217391 
1545.0 95.01351351351352 
3002.0 95.00380228136882 
1467.0 97.01886792452831 
1562.0 95.01333333333334 
1671.0 95.01010101010101 
1485.0 95.01492537313433 
1575.0 95.01204819277109 
3494.0 95.00358422939068 
1781.0 95.00943396226415 
2265.0 95.00613496932516 
1795.0 95.009009009009 
1767.0 95.00980392156863 
3195.0 95.00369003690037 
2951.0 95.00396825396825 
3209.0 95.00367647058823 
3223.0 95.00366300366301 
2275.0 95.00588235294117 
2687.0 95.00450450450451 

1432.0 470.0263157894737 
3858.0 95.00354609929079 
1437.0 469.02564102564105 
1454.0 114.02127659574468 
3639.0 95.00361010830325 
3634.0 95.0036231884058 
3442.0 95.00367647058823 
3166.0 95.00377358490566 
3356.0 95.00374531835206 
2412.0 95.00531914893617 
2568.0 95.00526315789473 
2771.0 95.00454545454545 
2925.0 95.00448430493273 
2577.0 95.005 
2691.0 95.00490196078431 
2402.0 95.00549450549451 
2293.0 95.00555555555556 
2023.0 95.00714285714285 
1929.0 95.00735294117646 
1709.0 95.01063829787235 
2180.0 95.00636942675159 
2099.0 95.00645161290322 
1632.0 95.01086956521739 
3024.0 95.00403225806451 
3098.0 95.004 
3369.0 95.0037037037037 
2983.0 95.00413223140495 
1758.0 95.0091743119266 
1826.0 95.00909090909092 
1560.0 95.01449275362319 
1500.0 95.01470588235294 
1869.0 95.00826446280992 
2930.0 95.00440528634361 
2743.0 95.00478468899522 
2213.0 95.00574712643679 
1921.0 95.00813008130082 
2697.0 95.0048076923077 
1465.0 97.01886792452831 
2257.0 95.00571428571429 
2060.0 95.00649350649351 
3001.0 95.00411522633745 
1617.0 95.01219512195122 
1577.0 95.01369863013699 
1461.0 103.02 
1459.0 110.02127659574468 
1460.0 106.0204081632653 
2283.0 95.00561797752809 
1480.0 95.01754385964912 
1838.0 95.00892857142857 
1862.0 95.00840336134453 
3108.0 95.00396825396825 
3130.0 95.00383141762453 
3153.0 95.00381679389314 
1471.0 95.01851851851852 
1717.0 95.01030927835052 
1496.0 95.01492537313433 
2030.0 95.00709219858156 
2752.0 95.0046511627907 
1457.0 112.02 
2042.0 95.00694444444444 
2056.0 95.00653594771242 
1730.0 95.00980392156863 
2203.0 95.00591715976331 
2190.0 95.00628930817611 
3121.0 95.00390625 
1742.0 95.00943396226415 
1748.0 95.00934579439253 

1431.0 465.02702702702703 
4400.0 95.00301204819277 
1448.0 458.0243902439024 
1452.0 109.01960784313725 
3456.0 95.0032894736842 
3883.0 95.00324675324676 
3893.0 95.0032154340836 
4148.0 95.0031746031746 
2624.0 95.00431034482759 
2867.0 95.0042194092827 
3186.0 95.00390625 
2990.0 95.00392156862745 
4348.0 95.0030487804878 
2078.0 95.00632911392405 
1958.0 95.00645161290322 
2431.0 95.00478468899522 
2528.0 95.00473933649289 
4254.0 95.00307692307692 
2221.0 95.0054347826087 
2302.0 95.00540540540541 
2105.0 95.00561797752809 
2185.0 95.00555555555556 
3276.0 95.0036231884058 
3353.0 95.00361010830325 
1686.0 95.00980392156863 
1759.0 95.00961538461539 
1830.0 95.00826446280992 
2412.0 95.00490196078431 
2344.0 95.0049751243781 
1642.0 95.01219512195122 
1577.0 95.01234567901234 
1439.0 459.02564102564105 
4206.0 95.0031545741325 
1462.0 97.01923076923077 
1886.0 95.0079365079365 
1458.0 103.01694915254237 
1455.0 103.01754385964912 
1467.0 95.01818181818182 
1438.0 464.025 
2615.0 95.00440528634361 
3420.0 95.00340136054422 
3209.0 95.00380228136882 
2952.0 95.00396825396825 
1500.0 95.01492537313433 
1536.0 95.01470588235294 
3451.0 95.00332225913621 
2899.0 95.00418410041841 
2580.0 95.00467289719626 
1816.0 95.00862068965517 
1950.0 95.00653594771242 
2561.0 95.00471698113208 
1925.0 95.00662251655629 
4223.0 95.00308641975309 
1894.0 95.00787401574803 
3383.0 95.00359712230215 
1546.0 95.01388888888889 
3248.0 95.0036496350365 
3384.0 95.00352112676056 
3409.0 95.00343642611683 
3225.0 95.00374531835206 
2942.0 95.0040650406504 
2902.0 95.00416666666666 
2921.0 95.00409836065573 
1466.0 97.01754385964912 
1666.0 95.01052631578948 
2318.0 95.005291005291 
2338.0 95.005 
1665.0 95.01149425287356 
1778.0 95.00909090909092 
1797.0 95.009009009009 
1565.0 95.0126582278481 
2920.0 95.00413223140495 
1647.0 95.01162790697674 

1433.0 467.03225806451616 
3945.0 97.0031847133758 
1451.0 466.02272727272725 
1454.0 111.02127659574468 
2737.0 97.0042194092827 
2922.0 97.00418410041841 
3898.0 97.00327868852459 
3732.0 97.003367003367 
2606.0 97.00425531914894 
3067.0 97.00416666666666 
1885.0 97.0060975609756 
2131.0 97.00523560209425 
3466.0 97.00348432055749 
2259.0 97.00520833333333 
3594.0 97.00342465753425 
2007.0 97.00595238095238 
2478.0 97.00448430493273 
2591.0 97.00432900432901 
3676.0 97.00341296928327 
2400.0 97.0045871559633 
1672.0 97.00763358778626 
1744.0 97.00746268656717 
3138.0 97.00409836065573 
3210.0 97.00395256916995 
1456.0 105.02 
1832.0 97.00714285714285 
3264.0 97.00390625 
2289.0 97.00515463917526 
1506.0 97.01315789473684 
1555.0 97.0125 
1784.0 97.00729927007299 
1460.0 103.01923076923077 
1877.0 97.0068493150685 
1840.0 97.00694444444444 
3407.0 97.00358422939068 
2349.0 97.00492610837438 
2309.0 97.00502512562814 
1467.0 97.01666666666667 
1657.0 97.00806451612904 
3354.0 97.00371747211896 
3321.0 97.00374531835206 
3908.0 97.00326797385621 
1462.0 99.01923076923077 
3701.0 97.00340136054422 
3377.0 97.0036496350365 
1616.0 97.00862068965517 
3449.0 97.00354609929079 
3421.0 97.00355871886121 
2104.0 97.00555555555556 
1438.0 466.0238095238095 
2053.0 97.00574712643679 
2029.0 97.00591715976331 
1639.0 97.00854700854701 
2359.0 97.00473933649289 
2382.0 97.0046511627907 
3931.0 97.00324675324676 
2082.0 97.00561797752809 
1576.0 97.01176470588236 
1487.0 97.01515151515152 
3284.0 97.00389105058366 
3304.0 97.00380228136882 
2073.0 97.00564971751412 
1592.0 97.00990099009901 
1610.0 97.00869565217391 

1432.0 465.02702702702703 
4415.0 95.00276243093923 
1446.0 464.0217391304348 
1449.0 109.02083333333333 
3820.0 95.00289855072464 
4072.0 95.0028901734104 
3505.0 95.00316455696202 
3730.0 95.00313479623824 
2916.0 95.00418410041841 
2694.0 95.00425531914894 
4284.0 95.0028818443804 
3057.0 95.00404858299595 
2039.0 95.00645161290322 
2142.0 95.00625 
2640.0 95.00450450450451 
2539.0 95.0047619047619 
3357.0 95.0032894736842 
3457.0 95.0032362459547 
2304.0 95.00520833333333 
2397.0 95.005 
2208.0 95.00581395348837 
1761.0 95.00806451612904 
1842.0 95.0079365079365 
4344.0 95.0028653295129 
1562.0 95.01298701298701 
1638.0 95.0126582278481 
1912.0 95.00694444444444 
1716.0 95.01149425287356 
1645.0 95.01190476190476 
1983.0 95.00680272108843 
2471.0 95.0048076923077 
2144.0 95.00588235294117 
2409.0 95.00490196078431 
3197.0 95.00361010830325 
1455.0 103.02083333333333 
2245.0 95.0054347826087 
3251.0 95.00347222222223 
1460.0 103.01754385964912 
1461.0 97.01694915254237 
3291.0 95.00340136054422 
3342.0 95.00333333333333 
3148.0 95.00366300366301 
2685.0 95.00432900432901 
1483.0 95.01470588235294 
3210.0 95.00359712230215 
4361.0 95.00279329608938 
4397.0 95.00277008310249 
1531.0 95.01408450704226 
3750.0 95.00308641975309 
1881.0 95.00769230769231 
3140.0 95.00371747211896 
3120.0 95.00392156862745 
3485.0 95.00319488817891 
3092.0 95.00401606425703 
1735.0 95.01052631578948 
1889.0 95.00757575757575 
2005.0 95.00657894736842 
2032.0 95.00649350649351 
1743.0 95.01020408163265 
3236.0 95.00353356890459 
1507.0 95.01449275362319 
3068.0 95.00403225806451 
1908.0 95.00699300699301 
3802.0 95.00299401197604 
3780.0 95.00301204819277 
1860.0 95.0078125 
1444.0 465.02222222222224 
1527.0 95.01428571428572 
1464.0 97.01666666666667 
2226.0 95.00558659217877 
3761.0 95.00305810397553 

