0.4188034188034188 0.017351819220760064 
0.08547008547008547 0.810741242212525 
0.1282051282051282 0.7429094389192016 
0.26495726495726496 0.16719968772277538 
0.358974358974359 0.02997376365752892 
0.3504273504273504 0.14196688255145065 
0.42735042735042733 0.011043193961177564 
0.29914529914529914 0.15773226077368183 
0.39316239316239315 0.020508322345433126 
0.3333333333333333 0.1482655617802185 
0.4017094017094017 0.020506830944662536 
0.38461538461538464 0.026817744148608994 
0.5811965811965812 0.007886353837291945 
0.48717948717948717 0.007886948541784728 
0.452991452991453 0.007887567034457236 
0.09401709401709402 0.77288949065503 
0.3247863247863248 0.15457537109108843 
0.13675213675213677 0.7050576873617066 
0.2222222222222222 0.679829757808022 
0.21367521367521367 0.6955750350183966 
0.1794871794871795 0.6955791854297516 
0.2905982905982906 0.1640422916984291 
