863.0 99.02 
814.0 608.0666666666667 
833.0 542.0555555555555 
834.0 224.03225806451613 
843.0 115.02325581395348 
840.0 212.02631578947367 
853.0 101.01960784313725 
818.0 602.0588235294117 
819.0 565.0625 
827.0 559.05 
829.0 546.0666666666667 
823.0 559.0526315789474 
848.0 105.02083333333333 
851.0 103.0204081632653 
839.0 218.02857142857144 
845.0 113.02272727272727 
847.0 109.02173913043478 
837.0 218.02941176470588 
835.0 224.03125 
836.0 222.03030303030303 

853.0 101.02 
809.0 608.0714285714286 
828.0 546.0625 
831.0 224.03225806451613 
841.0 205.03333333333333 
843.0 115.02380952380952 
813.0 608.0666666666667 
814.0 565.0625 
824.0 546.0666666666667 
818.0 565.0588235294117 
834.0 222.03030303030303 
835.0 218.02941176470588 
838.0 216.02777777777777 
839.0 212.02702702702703 
845.0 113.02272727272727 
847.0 109.02222222222223 
849.0 107.02127659574468 
851.0 103.02083333333333 

854.0 99.02 
814.0 584.0666666666667 
827.0 542.0625 
830.0 200.03225806451613 
841.0 113.02380952380952 
840.0 184.03333333333333 
823.0 565.0526315789474 
819.0 565.0555555555555 
849.0 101.02083333333333 
834.0 194.02941176470588 
845.0 107.02222222222223 
838.0 188.02702702702703 

861.0 101.01923076923077 
810.0 608.0714285714286 
828.0 544.0588235294117 
830.0 224.03225806451613 
842.0 203.03125 
843.0 115.02380952380952 
813.0 606.0625 
815.0 565.0625 
853.0 101.02 
859.0 101.01960784313725 
846.0 107.02127659574468 
820.0 559.0526315789474 
825.0 546.0666666666667 
851.0 103.02083333333333 
840.0 205.03333333333333 
836.0 216.02777777777777 
818.0 563.0555555555555 
845.0 113.02272727272727 
832.0 222.03030303030303 
834.0 218.02941176470588 

858.0 99.02 
813.0 608.0714285714286 
828.0 546.0666666666667 
832.0 224.03225806451613 
838.0 216.02777777777777 
842.0 113.02380952380952 
816.0 606.0625 
818.0 565.0625 
826.0 563.0526315789474 
821.0 563.0555555555555 
853.0 101.02 
857.0 101.01960784313725 
844.0 111.02272727272727 
847.0 109.02222222222223 
834.0 222.03030303030303 
836.0 218.02941176470588 
849.0 107.02127659574468 
851.0 103.02083333333333 

908.0 103.02 
862.0 568.0666666666667 
875.0 226.03333333333333 
872.0 549.0714285714286 
889.0 203.03125 
890.0 118.025 
883.0 207.0344827586207 
902.0 104.02083333333333 
879.0 220.03030303030303 
894.0 116.02380952380952 
869.0 562.0526315789474 
865.0 568.0625 
866.0 562.0555555555555 
896.0 112.02325581395348 
898.0 110.02222222222223 
900.0 106.02173913043478 

907.0 101.02 
833.0 684.0625 
841.0 652.0526315789474 
844.0 342.03225806451616 
883.0 226.03225806451613 
857.0 306.02702702702703 
893.0 118.02439024390245 
889.0 218.02777777777777 
851.0 310.02941176470586 
845.0 340.030303030303 
839.0 654.0588235294117 
834.0 682.0555555555555 
855.0 308.0285714285714 
897.0 112.02272727272727 
898.0 110.02173913043478 
901.0 106.02127659574468 
885.0 224.03030303030303 
887.0 220.02941176470588 
903.0 104.0204081632653 
905.0 102.0204081632653 

830.0 542.0625 
867.0 99.01923076923077 
834.0 200.03225806451613 
844.0 184.03333333333333 
845.0 115.02380952380952 
861.0 99.01960784313725 
838.0 194.02941176470588 
842.0 188.02702702702703 
857.0 99.02 
848.0 107.02222222222223 
851.0 107.02127659574468 
852.0 101.02083333333333 
855.0 101.02 
846.0 113.02272727272727 

815.0 584.0714285714286 
856.0 99.01960784313725 
830.0 525.0666666666667 
833.0 200.03225806451613 
820.0 541.0588235294117 
842.0 113.02380952380952 
839.0 192.02777777777777 
819.0 565.0625 
837.0 194.02941176470588 
846.0 107.02222222222223 
852.0 99.02 
848.0 105.02127659574468 
850.0 101.02083333333333 

861.0 99.01960784313725 
810.0 584.0714285714286 
830.0 521.0555555555555 
831.0 200.03225806451613 
837.0 192.02777777777777 
842.0 113.02380952380952 
815.0 541.0625 
814.0 578.0588235294117 
855.0 99.02 
825.0 525.0666666666667 
824.0 535.05 
820.0 535.0526315789474 
852.0 105.02083333333333 
848.0 105.02127659574468 
833.0 198.03030303030303 
835.0 194.02941176470588 
844.0 111.02272727272727 
846.0 107.02222222222223 
853.0 101.02083333333333 

