140.0 6.125 
152.0 4.125 

140.0 6.125 
156.0 4.111111111111111 
152.0 4.125 

158.0 4.111111111111111 
140.0 6.125 
152.0 4.125 

152.0 4.125 
156.0 4.111111111111111 

140.0 6.142857142857143 
156.0 4.125 
152.0 4.142857142857143 
142.0 6.125 

140.0 6.125 
162.0 4.1 
152.0 4.125 
148.0 6.1 
144.0 6.111111111111111 

140.0 6.142857142857143 
160.0 4.125 
152.0 4.142857142857143 
144.0 6.125 

140.0 6.125 
156.0 4.111111111111111 
148.0 6.111111111111111 
152.0 4.125 

140.0 6.142857142857143 
156.0 4.125 
144.0 6.125 
152.0 4.142857142857143 

140.0 6.142857142857143 
160.0 4.111111111111111 
152.0 4.125 
144.0 6.125 

