1436.0 465.0217391304348 
3755.0 95.00326797385621 
1451.0 464.01851851851853 
1459.0 103.01694915254237 
3543.0 95.0032894736842 
3167.0 95.00375939849624 
3314.0 95.00373134328358 
2906.0 95.00434782608696 
2793.0 95.00438596491227 
2469.0 95.00478468899522 
2580.0 95.00473933649289 
3353.0 95.00366300366301 
3449.0 95.00359712230215 
2707.0 95.0046511627907 
2612.0 95.00471698113208 
1695.0 95.00925925925925 
1782.0 95.00909090909092 
2389.0 95.00485436893204 
3089.0 95.00408163265305 
3014.0 95.00411522633745 
1568.0 95.01204819277109 
1499.0 95.01219512195122 
2283.0 95.00534759358288 
2350.0 95.00520833333333 
1636.0 95.01086956521739 
1576.0 95.01123595505618 
1835.0 95.00813008130082 
1889.0 95.00806451612904 
2024.0 95.00666666666666 
1977.0 95.00680272108843 
2047.0 95.00649350649351 
2092.0 95.00641025641026 
1922.0 95.00699300699301 
1959.0 95.0068493150685 
2124.0 95.00636942675159 
2982.0 95.00416666666666 
1813.0 95.009009009009 
2737.0 95.00456621004567 
2167.0 95.00591715976331 
2196.0 95.00574712643679 
1468.0 101.01851851851852 
2242.0 95.00549450549451 
2270.0 95.00540540540541 
1469.0 97.01754385964912 
3127.0 95.003861003861 
3154.0 95.00383141762453 
2767.0 95.00444444444445 
2932.0 95.00432900432901 
2946.0 95.00429184549357 
2972.0 95.00418410041841 
2218.0 95.00558659217877 
3342.0 95.00369003690037 
3318.0 95.00371747211896 
2373.0 95.00518134715026 
2748.0 95.00450450450451 
3477.0 95.00353356890459 
2719.0 95.00460829493088 
3495.0 95.00350877192983 
2160.0 95.00602409638554 
1905.0 95.00757575757575 
2143.0 95.0060606060606 
3460.0 95.00358422939068 
1471.0 95.01886792452831 
1691.0 95.00961538461539 
1676.0 95.00990099009901 
3535.0 95.00335570469798 
1466.0 101.01886792452831 
1652.0 95.01010101010101 
1666.0 95.01 
2204.0 95.00564971751412 
3521.0 95.003367003367 
1470.0 97.01694915254237 
1464.0 103.01538461538462 
3114.0 95.00387596899225 
3518.0 95.00341296928327 
3507.0 95.00343642611683 
1645.0 95.01052631578948 
2126.0 95.00621118012423 
2383.0 95.00490196078431 
2136.0 95.0060975609756 
1438.0 464.0208333333333 
1490.0 95.01234567901234 
3505.0 95.00346020761246 
3098.0 95.00395256916995 
3107.0 95.00389105058366 
1897.0 95.00763358778626 
1821.0 95.00833333333334 
1646.0 95.01020408163265 
1828.0 95.00826446280992 
2161.0 95.00595238095238 
3161.0 95.00381679389314 
2939.0 95.00431034482759 
3498.0 95.0034965034965 
1819.0 95.00877192982456 
3091.0 95.00401606425703 
2202.0 95.00571428571429 
3097.0 95.004 
3536.0 95.00334448160535 
3542.0 95.003300330033 
1569.0 95.01162790697674 
1574.0 95.01149425287356 
1485.0 95.01315789473684 
1448.0 464.0192307692308 
1444.0 464.02 
1893.0 95.00769230769231 
1474.0 95.01785714285714 
1476.0 95.01470588235294 
1479.0 95.01449275362319 
1482.0 95.01333333333334 
1463.0 103.01612903225806 
1441.0 464.0204081632653 
1461.0 103.01639344262296 
1891.0 95.008 
