1431.0 465.02777777777777 
3202.0 89.00471698113208 
1452.0 462.0192307692308 
1453.0 109.01923076923077 
2861.0 93.0059880239521 
2667.0 95.00438596491227 
2865.0 93.00555555555556 
3050.0 93.00534759358288 
2503.0 95.00444444444445 
2370.0 95.00502512562814 
2249.0 95.0050505050505 
1904.0 95.00680272108843 
2014.0 95.00671140939598 
2185.0 95.0060606060606 
2077.0 95.00613496932516 
2393.0 95.0049504950495 
2457.0 95.0048309178744 
1581.0 95.01162790697674 
1535.0 95.01190476190476 
3157.0 89.00473933649289 
1522.0 95.01315789473684 
1479.0 95.01369863013699 
3120.0 90.00578034682081 
1715.0 95.00869565217391 
1623.0 95.00990099009901 
1754.0 95.00840336134453 
1662.0 95.00970873786407 
1860.0 95.00751879699249 
1822.0 95.00769230769231 
3083.0 93.00446428571429 
1455.0 103.01818181818182 
3126.0 89.00520833333333 
1609.0 95.01075268817205 
1761.0 95.00819672131148 
1787.0 95.00813008130082 
3151.0 89.00478468899522 
1685.0 95.00952380952381 
2053.0 95.00625 
2075.0 95.00617283950618 
1461.0 97.01754385964912 
2196.0 95.00574712643679 
2216.0 95.00561797752809 
1460.0 101.01666666666667 
1886.0 95.00709219858156 
1702.0 95.00934579439253 
3067.0 93.0045871559633 
1872.0 95.0072463768116 
1818.0 95.0078125 
1804.0 95.00787401574803 
3054.0 93.00502512562814 
1464.0 95.01666666666667 
1434.0 463.025 
2041.0 95.00628930817611 
2493.0 95.00450450450451 
2481.0 95.00452488687783 
2468.0 95.0048076923077 
1432.0 465.02564102564105 
1459.0 103.01587301587301 
2237.0 95.00518134715026 
2247.0 95.00507614213198 
1467.0 95.01470588235294 
1795.0 95.0079365079365 
1476.0 95.01388888888889 
2187.0 95.0059880239521 
2225.0 95.00552486187846 
2033.0 95.00641025641026 
1437.0 463.02222222222224 
1616.0 95.01052631578948 
1708.0 95.009009009009 
2026.0 95.00645161290322 
1439.0 462.0208333333333 
1528.0 95.01282051282051 
1445.0 462.0204081632653 
1622.0 95.01020408163265 
2471.0 95.0045871559633 
2231.0 95.0054347826087 
2477.0 95.00456621004567 
1438.0 462.0217391304348 
1530.0 95.01234567901234 
1707.0 95.0091743119266 
2019.0 95.00653594771242 
2024.0 95.00649350649351 
1448.0 462.02 
2229.0 95.00549450549451 
1458.0 103.01724137931035 
2017.0 95.00662251655629 
2469.0 95.00473933649289 
