3428.0 87.00469483568075 
1427.0 465.0357142857143 
1448.0 464.02127659574467 
1455.0 109.02439024390245 
3101.0 87.00492610837438 
3325.0 87.0048309178744 
2434.0 87.00602409638554 
2638.0 87.00595238095238 
2718.0 87.00574712643679 
2870.0 87.00568181818181 
2245.0 87.00671140939598 
2380.0 87.00662251655629 
3071.0 87.00507614213198 
2958.0 87.00515463917526 
3335.0 87.00478468899522 
2158.0 93.01149425287356 
1958.0 95.00806451612904 
2042.0 95.00787401574803 
1805.0 95.00884955752213 
1887.0 95.00877192982456 
1650.0 95.01190476190476 
1730.0 95.01162790697674 
2644.0 87.00588235294117 
2091.0 95.00751879699249 
1641.0 95.01234567901234 
1587.0 95.0126582278481 
1906.0 95.00840336134453 
1948.0 95.00833333333334 
2057.0 95.0078125 
1457.0 103.02272727272727 
1485.0 95.01612903225806 
1518.0 95.01587301587301 
1773.0 95.009009009009 
1462.0 101.01923076923077 
2164.0 89.01 
1464.0 97.01851851851852 
1571.0 95.01388888888889 
1549.0 95.01470588235294 
2166.0 87.00990099009901 
2893.0 87.00555555555556 
2913.0 87.00552486187846 
2218.0 87.00699300699301 
1535.0 95.015625 
2235.0 87.00680272108843 
1466.0 95.01754385964912 
1432.0 464.02777777777777 
2408.0 87.00625 
2423.0 87.00617283950618 
2930.0 87.00540540540541 
2944.0 87.00534759358288 
1459.0 101.02173913043478 
2917.0 87.00549450549451 
2391.0 87.00653594771242 
2402.0 87.00645161290322 
2176.0 87.00952380952381 
2177.0 87.00862068965517 
2187.0 87.00854700854701 
1577.0 95.01282051282051 
2197.0 87.00833333333334 
2883.0 87.00558659217877 
1544.0 95.01538461538462 
1900.0 95.00854700854701 
1891.0 95.00869565217391 
2879.0 87.00564971751412 
1429.0 464.030303030303 
2950.0 87.00526315789473 
1739.0 95.01136363636364 
1732.0 95.01149425287356 
2210.0 87.0078125 
1951.0 95.00826446280992 
2203.0 87.00826446280992 
2427.0 87.00613496932516 
1472.0 95.01724137931035 
1748.0 95.01020408163265 
1754.0 95.00980392156863 
1772.0 95.00934579439253 
1479.0 95.01639344262296 
1760.0 95.00961538461539 
1766.0 95.00943396226415 
1645.0 95.01204819277109 
2213.0 87.00769230769231 
1573.0 95.01298701298701 
1475.0 95.01666666666667 
1545.0 95.01515151515152 
1744.0 95.01063829787235 
2404.0 87.00636942675159 
1741.0 95.01086956521739 
