0.5277687560896395 0.043369679957426695 
0.5069827866190322 0.04337074794304542 
0.4576161091263397 0.04337084750791474 
0.2487820721013316 0.043375697037586015 
0.2880805456316986 0.04337549117462847 
0.37674569665475804 0.04337308416158633 
0.3406950308541734 0.0433731573028666 
0.10522897044494967 0.0626567187103866 
0.45696654758038324 0.043370948908081186 
0.4300097434231894 0.04337131901868874 
0.3962325430334524 0.04337189269013044 
0.4189671971419292 0.043371773411909884 
0.30594348814550176 0.04337444813564351 
0.32867814225397857 0.04337436016850022 
0.1938941214680091 0.04820736927230703 
0.22962000649561545 0.043379120950295995 
0.21695355634946412 0.04338043892365953 
0.5112049366677492 0.04337009844115319 
0.3946086391685612 0.04337226528086064 
0.384865215979214 0.043372329631591225 
0.5209483598570964 0.04337005499686804 
0.20558622929522571 0.043380980853496495 
0.2150048717115947 0.043380616452399226 
0.29197791490743746 0.04337471855315815 
0.30009743423189345 0.04337453717555686 
0.24228645664176682 0.04337717954708608 
0.23449171809028904 0.04337756191378969 
0.42513803182851573 0.043371656472477975 
0.196492367651835 0.04338786210212411 
0.3790191620656057 0.04337259384411475 
0.38421565443325756 0.043372526748039694 
0.19616758687885677 0.048206702212491084 
0.3329002923026957 0.04337427325485564 
0.510880155894771 0.04337055412343313 
0.5238713868139007 0.04337001191920129 
0.3341994153946086 0.0433735354765317 
0.337447223124391 0.0433733060370902 
0.28905488795063333 0.04337519221440984 
0.23189347190646314 0.04337796153011908 
0.24488470282559271 0.04337634846694483 
0.20428710620331275 0.04338301309038515 
0.2020136407924651 0.04338323801757475 
0.19584280610587854 0.0482070318185178 
0.2471581682364404 0.04337623620247483 
0.4267619356934069 0.043371485300266056 
0.42903540110425464 0.04337137391547742 
0.1971419291977915 0.0433857533323834 
0.20136407924650862 0.04338418316616952 
0.1987658330626827 0.043385207906224896 
0.1997401753816174 0.043384431508784974 
0.10457940889899318 0.06265691251830609 
0.42578759337447225 0.043371541803714664 
0.01818772328678142 0.954175385995923 
0.01981162715167262 0.951762470650524 
0.01851250405975966 0.95176723941857 
0.018837284832737902 0.9517635850908827 
0.017862942513803184 0.9662430211018562 
0.5943488145501786 0.03855185872297938 
0.15362130561870738 0.06265332197158702 
0.06105878531990906 0.06266258580467683 
0.5651185449821371 0.03855226445170803 
0.589477102955505 0.03855216020196526 
0.027931146476128613 0.07954198404566085 
0.028580708022085094 0.06990430382492688 
0.5628450795712894 0.03855329843895277 
0.029230269568041572 0.06508412477593521 
0.10165638194218903 0.06265710985000597 
0.10035725885027606 0.06265793640920156 
0.0597596622279961 0.06266322254359204 
0.04157193894121468 0.06266458920272715 
0.06658005846053913 0.06266227816677397 
0.03864891198441052 0.06266495195792966 
0.03702500811951932 0.06266690892678539 
0.03605066580058461 0.06266733163205825 
0.026307242611237416 0.946938701284725 
0.026632023384215654 0.09641342180495258 
0.17310815199740176 0.06265159664394276 
0.05326404676843131 0.06266388960340798 
0.035076323481649886 0.06266821178550307 
0.11172458590451445 0.06265615751006319 
0.08184475479051641 0.0626590616754332 
0.1243910360506658 0.06265545325867694 
0.09451120493666774 0.06265859845904269 
0.1464761286131861 0.06265374003174697 
0.027281584930172135 0.08195437411015737 
0.12666450146151348 0.06265495537603709 
0.13510880155894772 0.06265479481225894 
0.16726209808379344 0.06265229411682022 
0.1627151672620981 0.06265266559693973 
0.14517700552127313 0.0626540296255036 
0.14063007469957778 0.0626541778427806 
0.03020461188697629 0.06267536303224219 
0.020461188697629102 0.9493620218402269 
0.03117895420591101 0.06267063867919281 
0.13770704774277362 0.0626543284127128 
0.034101981162715164 0.06266867019875556 
0.02143553101656382 0.9493553290067404 
0.07957128937966873 0.06266056834769283 
0.0220850925625203 0.9469425625348135 
0.024033777200389735 0.9469415381215247 
0.08151997401753816 0.06265979195025291 
0.021760311789542058 0.9469447449805157 
0.025008119519324457 0.9469405546847675 
0.8434556674244885 0.0385506431597083 
0.16498863267294575 0.06265253998855401 
0.06820396232543033 0.06266083815956912 
0.8151997401753817 0.03855121488650105 
0.827866190321533 0.038551044729717474 
0.8333874634621631 0.03855100307307753 
0.8106528093536862 0.038551714013066146 
0.8392335173757713 0.03855072088293586 
0.8148749594024034 0.03855157311130852 
0.8119519324455993 0.03855161966475268 
0.835985709645989 0.038550961760707304 
0.8366352711919455 0.038550880151844845 
