1426.0 470.03125 
3201.0 85.00450450450451 
1452.0 464.0163934426229 
1453.0 110.01960784313725 
2805.0 87.00490196078431 
2971.0 87.00487804878048 
2461.0 87.0059880239521 
2618.0 87.00578034682081 
1944.0 95.00740740740741 
1844.0 95.00751879699249 
1637.0 95.01086956521739 
1559.0 95.01136363636364 
1695.0 95.00892857142857 
1771.0 95.00862068965517 
3111.0 85.00467289719626 
3186.0 85.00462962962963 
2079.0 95.00645161290322 
2150.0 95.00641025641026 
2651.0 87.00540540540541 
2717.0 87.00534759358288 
1959.0 95.00704225352112 
2023.0 95.00680272108843 
2289.0 87.00892857142857 
2995.0 87.00462962962963 
2233.0 95.0059880239521 
2761.0 87.00526315789473 
1514.0 95.01369863013699 
1478.0 95.01449275362319 
3027.0 87.00460829493088 
1455.0 104.01851851851852 
2780.0 87.0049751243781 
2175.0 95.00636942675159 
3101.0 87.00432900432901 
2804.0 87.0049504950495 
1520.0 95.01282051282051 
1674.0 95.00980392156863 
1543.0 95.01219512195122 
1651.0 95.01010101010101 
2031.0 95.00671140939598 
2054.0 95.00666666666666 
2198.0 95.00625 
1795.0 95.00840336134453 
2380.0 87.00694444444444 
1837.0 95.00769230769231 
2220.0 95.00621118012423 
2402.0 87.00689655172414 
1773.0 95.00854700854701 
1815.0 95.0079365079365 
1434.0 469.02941176470586 
1457.0 102.01694915254237 
1459.0 98.01694915254237 
1435.0 465.0217391304348 
3040.0 87.00456621004567 
3058.0 87.00452488687783 
3104.0 85.00510204081633 
2777.0 87.00518134715026 
1461.0 96.01639344262296 
2370.0 87.00729927007299 
2304.0 87.00862068965517 
3086.0 87.00438596491227 
2356.0 87.00751879699249 
2638.0 87.00555555555556 
3078.0 87.00444444444445 
3065.0 87.00450450450451 
2449.0 87.00602409638554 
2067.0 95.00649350649351 
1436.0 464.02127659574467 
1684.0 95.00909090909092 
2629.0 87.00574712643679 
1804.0 95.008 
2429.0 87.00662251655629 
2419.0 87.00671140939598 
2314.0 87.00840336134453 
2439.0 87.00641025641026 
3030.0 87.0045871559633 
1471.0 95.01538461538462 
2224.0 95.0060606060606 
2371.0 87.00719424460432 
2410.0 87.00680272108843 
2333.0 87.00787401574803 
2342.0 87.0078125 
2058.0 95.00662251655629 
1551.0 95.01190476190476 
2324.0 87.00826446280992 
2332.0 87.0079365079365 
2441.0 87.00636942675159 
1470.0 96.01470588235294 
1432.0 470.0285714285714 
1797.0 95.00806451612904 
1945.0 95.00729927007299 
1952.0 95.0072463768116 
2317.0 87.00833333333334 
1467.0 96.01538461538462 
1442.0 464.01851851851853 
1680.0 95.00943396226415 
1643.0 95.01052631578948 
1958.0 95.00714285714285 
2350.0 87.00769230769231 
1449.0 464.0175438596491 
1447.0 464.01785714285717 
1648.0 95.01030927835052 
2345.0 87.0077519379845 
1555.0 95.01162790697674 
1475.0 95.01470588235294 
1429.0 470.02941176470586 
