2996.0 87.00408163265305 
2932.0 87.00452488687783 
2780.0 87.00456621004567 
2137.0 87.00657894736842 
2258.0 87.00649350649351 
2531.0 87.00549450549451 
2420.0 87.00552486187846 
1695.0 95.00892857142857 
2778.0 87.00460829493088 
2695.0 87.0047619047619 
2591.0 87.005 
2661.0 87.0049504950495 
2313.0 87.0060606060606 
2383.0 87.00602409638554 
1968.0 89.01190476190476 
2078.0 87.008 
2039.0 87.00854700854701 
2945.0 87.00425531914894 
2586.0 87.00515463917526 
2556.0 87.00518134715026 
2975.0 87.0042372881356 
2004.0 87.00877192982456 
2033.0 87.00862068965517 
2270.0 87.00617283950618 
2295.0 87.0060975609756 
2117.0 87.00719424460432 
2093.0 87.00735294117646 
2680.0 87.00490196078431 
1976.0 87.01162790697674 
2538.0 87.005291005291 
2554.0 87.00526315789473 
1975.0 89.01162790697674 
2396.0 87.0059880239521 
2944.0 87.00444444444445 
2984.0 87.0042194092827 
2400.0 87.00568181818181 
2410.0 87.00558659217877 
2261.0 87.00636942675159 
2085.0 87.00751879699249 
2125.0 87.0068493150685 
2000.0 87.00961538461539 
1993.0 87.00970873786407 
1974.0 89.01176470588236 
2132.0 87.00680272108843 
2685.0 87.0048309178744 
2692.0 87.00478468899522 
1978.0 87.01075268817205 
1991.0 87.01010101010101 
1983.0 87.01052631578948 
1986.0 87.01020408163265 
1693.0 95.009009009009 
2682.0 87.00485436893204 
1427.0 465.02272727272725 
1432.0 464.02127659574467 
1428.0 464.0232558139535 
1429.0 464.0217391304348 
1426.0 470.03125 
3201.0 85.00450450450451 
1844.0 95.00751879699249 
1559.0 95.01136363636364 
3111.0 85.00467289719626 
3186.0 85.00462962962963 
1457.0 102.01694915254237 
1459.0 98.01694915254237 
3104.0 85.00510204081633 
1461.0 96.01639344262296 
1684.0 95.00909090909092 
1680.0 95.00943396226415 
1555.0 95.01162790697674 
1499.0 95.01219512195122 
1576.0 95.01123595505618 
1490.0 95.01234567901234 
1485.0 95.01315789473684 
1482.0 95.01333333333334 
1452.0 462.0192307692308 
1453.0 109.01923076923077 
1904.0 95.00680272108843 
1535.0 95.01190476190476 
1479.0 95.01369863013699 
1715.0 95.00869565217391 
1623.0 95.00990099009901 
1754.0 95.00840336134453 
1662.0 95.00970873786407 
1822.0 95.00769230769231 
1455.0 103.01818181818182 
1761.0 95.00819672131148 
1787.0 95.00813008130082 
1886.0 95.00709219858156 
1872.0 95.0072463768116 
1818.0 95.0078125 
1804.0 95.00787401574803 
1464.0 95.01666666666667 
1434.0 463.025 
1467.0 95.01470588235294 
1795.0 95.0079365079365 
1476.0 95.01388888888889 
1437.0 463.02222222222224 
1616.0 95.01052631578948 
1439.0 462.0208333333333 
1445.0 462.0204081632653 
1622.0 95.01020408163265 
1438.0 462.0217391304348 
1448.0 462.02 
3968.0 85.004 
1879.0 95.00719424460432 
1581.0 95.01063829787235 
3881.0 85.0042372881356 
3920.0 85.00416666666666 
3937.0 85.00414937759336 
3867.0 85.00444444444445 
3955.0 85.00403225806451 
3880.0 85.00438596491227 
3871.0 85.00440528634361 
3945.0 85.00413223140495 
3947.0 85.00409836065573 
