1437.0 465.02272727272725 
3374.0 95.00327868852459 
1444.0 464.0169491525424 
1459.0 109.02222222222223 
1811.0 99.00990099009901 
2920.0 99.0042735042735 
3087.0 99.00353356890459 
2982.0 99.00361010830325 
1584.0 99.01234567901234 
1679.0 99.01176470588236 
1735.0 99.01030927835052 
3291.0 95.00340136054422 
1493.0 99.01408450704226 
1561.0 99.01388888888889 
3348.0 95.00333333333333 
3141.0 97.00429184549357 
1462.0 103.01886792452831 
1461.0 109.02 
2934.0 99.00384615384615 
2966.0 99.00377358490566 
3252.0 95.00354609929079 
3226.0 95.00358422939068 
3166.0 95.00414937759336 
1703.0 99.01162790697674 
3191.0 95.00369003690037 
3274.0 95.0034965034965 
3353.0 95.00332225913621 
3210.0 95.00367647058823 
1719.0 99.01123595505618 
3150.0 97.00398406374502 
1467.0 101.01785714285714 
3225.0 95.00361010830325 
3180.0 95.00387596899225 
1465.0 103.01818181818182 
1440.0 465.0208333333333 
1476.0 101.01587301587301 
1575.0 99.0126582278481 
1441.0 464.0204081632653 
1488.0 100.01449275362319 
1490.0 99.01428571428572 
1482.0 100.01587301587301 
1727.0 99.01063829787235 
2974.0 99.00371747211896 
1568.0 99.01298701298701 
2928.0 99.00401606425703 
2921.0 99.00413223140495 
1567.0 99.01369863013699 
1472.0 101.01666666666667 
3186.0 95.00381679389314 
3182.0 95.00384615384615 
1485.0 100.01470588235294 
3144.0 97.0042194092827 
3147.0 97.00403225806451 
