1431.0 470.0243902439024 
4007.0 87.00343642611683 
1456.0 114.01851851851852 
1439.0 469.02 
3622.0 87.00363636363636 
3839.0 87.00346020761246 
3787.0 87.0036231884058 
2996.0 87.00408163265305 
3151.0 87.00398406374502 
2932.0 87.00452488687783 
2780.0 87.00456621004567 
3285.0 87.00396825396825 
2137.0 87.00657894736842 
2258.0 87.00649350649351 
2531.0 87.00549450549451 
2420.0 87.00552486187846 
3306.0 87.00384615384615 
3406.0 87.00383141762453 
1887.0 95.00847457627118 
1801.0 95.00854700854701 
1779.0 95.00877192982456 
1695.0 95.00892857142857 
2778.0 87.00460829493088 
2695.0 87.0047619047619 
3594.0 87.00367647058823 
3516.0 87.0037037037037 
1645.0 95.01176470588236 
1570.0 95.01204819277109 
2591.0 87.005 
2661.0 87.0049504950495 
2313.0 87.0060606060606 
2383.0 87.00602409638554 
1472.0 95.01694915254237 
3469.0 87.00371747211896 
1947.0 95.00689655172414 
1968.0 89.01190476190476 
1490.0 95.015625 
1533.0 95.01538461538462 
1459.0 108.01754385964912 
2078.0 87.008 
2039.0 87.00854700854701 
3419.0 87.00380228136882 
1467.0 100.01694915254237 
3823.0 87.00361010830325 
3452.0 87.00378787878788 
2945.0 87.00425531914894 
2586.0 87.00515463917526 
2556.0 87.00518134715026 
2975.0 87.0042372881356 
1463.0 106.01538461538462 
1464.0 102.01754385964912 
2004.0 87.00877192982456 
2033.0 87.00862068965517 
1654.0 95.01020408163265 
3608.0 87.0036496350365 
1681.0 95.00990099009901 
2270.0 87.00617283950618 
2295.0 87.0060975609756 
2117.0 87.00719424460432 
2093.0 87.00735294117646 
2680.0 87.00490196078431 
1555.0 95.01449275362319 
1889.0 95.00813008130082 
1538.0 95.01492537313433 
1906.0 95.00806451612904 
1976.0 87.01162790697674 
2538.0 87.005291005291 
1785.0 95.00862068965517 
2554.0 87.00526315789473 
1461.0 106.01694915254237 
1921.0 95.00787401574803 
1975.0 89.01162790697674 
1437.0 470.02127659574467 
2396.0 87.0059880239521 
3836.0 87.00348432055749 
2944.0 87.00444444444445 
3464.0 87.00374531835206 
2984.0 87.0042194092827 
2400.0 87.00568181818181 
2410.0 87.00558659217877 
2261.0 87.00636942675159 
3415.0 87.00381679389314 
1438.0 469.0217391304348 
2085.0 87.00751879699249 
2125.0 87.0068493150685 
2000.0 87.00961538461539 
1993.0 87.00970873786407 
1974.0 89.01176470588236 
1928.0 95.0077519379845 
2132.0 87.00680272108843 
1688.0 95.0091743119266 
2685.0 87.0048309178744 
2692.0 87.00478468899522 
1941.0 95.00699300699301 
1978.0 87.01075268817205 
1560.0 95.01333333333334 
1537.0 95.01515151515152 
1991.0 87.01010101010101 
1983.0 87.01052631578948 
1986.0 87.01020408163265 
1933.0 95.00751879699249 
1650.0 95.0111111111111 
1693.0 95.009009009009 
1653.0 95.01098901098901 
1564.0 95.01282051282051 
1567.0 95.0125 
1936.0 95.00729927007299 
1938.0 95.00704225352112 
2682.0 87.00485436893204 
1568.0 95.01219512195122 

1427.0 465.02272727272725 
3843.0 95.00346020761246 
1459.0 109.01785714285714 
1456.0 462.02 
3481.0 95.00355871886121 
2999.0 95.00398406374502 
2733.0 95.0040650406504 
3225.0 95.00384615384615 
2420.0 95.00438596491227 
2580.0 95.00429184549357 
2606.0 95.00411522633745 
3362.0 95.00361010830325 
1652.0 95.01 
1729.0 95.00970873786407 
1555.0 95.01190476190476 
1625.0 95.01176470588236 
1810.0 95.009009009009 
1749.0 95.0091743119266 
2140.0 95.0060975609756 
2080.0 95.00613496932516 
1488.0 95.01470588235294 
1545.0 95.01449275362319 
2044.0 95.0068493150685 
1987.0 95.00689655172414 
3283.0 95.00369003690037 
3340.0 95.00367647058823 
2266.0 95.00531914893617 
2322.0 95.00520833333333 
1468.0 103.01587301587301 
1470.0 97.01694915254237 
1919.0 95.00763358778626 
1877.0 95.0077519379845 
1462.0 103.01818181818182 
2209.0 95.00546448087432 
2250.0 95.0054347826087 
1961.0 95.00704225352112 
3238.0 95.00375939849624 
2167.0 95.00568181818181 
2197.0 95.00561797752809 
3268.0 95.0037037037037 
2374.0 95.00471698113208 
2398.0 95.00462962962963 
1854.0 95.0078125 
1921.0 95.00740740740741 
1941.0 95.00735294117646 
1644.0 95.01149425287356 
2062.0 95.00657894736842 
1476.0 97.01538461538462 
1483.0 95.01666666666667 
1840.0 95.00833333333334 
1824.0 95.00840336134453 
2404.0 95.00450450450451 
1451.0 462.0217391304348 
3347.0 95.00366300366301 
1440.0 464.01960784313724 
1949.0 95.00714285714285 
2362.0 95.00485436893204 
2254.0 95.00540540540541 
2143.0 95.00591715976331 
2595.0 95.0042372881356 
2154.0 95.00581395348837 
2584.0 95.0042735042735 
2331.0 95.00518134715026 
2347.0 95.0049751243781 
2356.0 95.0049504950495 
1432.0 464.02127659574467 
2205.0 95.00558659217877 
2337.0 95.00507614213198 
2345.0 95.00502512562814 
1428.0 464.0232558139535 
1848.0 95.00806451612904 
1841.0 95.00813008130082 
1812.0 95.00877192982456 
1818.0 95.00854700854701 
1947.0 95.0072463768116 
1735.0 95.00943396226415 
1739.0 95.00934579439253 
1745.0 95.00925925925925 
1647.0 95.01075268817205 
1552.0 95.01351351351352 
1547.0 95.01388888888889 
1437.0 464.0208333333333 
2070.0 95.00649350649351 
2065.0 95.00653594771242 
2159.0 95.00578034682081 
2162.0 95.00574712643679 
2073.0 95.00628930817611 
2077.0 95.00625 
1486.0 95.01639344262296 
1429.0 464.0217391304348 
1473.0 97.01587301587301 
1465.0 103.01612903225806 
2401.0 95.00460829493088 
2359.0 95.00490196078431 
1554.0 95.01282051282051 
1439.0 464.0204081632653 
1453.0 462.02127659574467 
1454.0 462.0208333333333 
1464.0 103.01639344262296 

1437.0 465.02272727272725 
3374.0 95.00327868852459 
1444.0 464.0169491525424 
1459.0 109.02222222222223 
1811.0 99.00990099009901 
2920.0 99.0042735042735 
3087.0 99.00353356890459 
2982.0 99.00361010830325 
1584.0 99.01234567901234 
1679.0 99.01176470588236 
1735.0 99.01030927835052 
3291.0 95.00340136054422 
1493.0 99.01408450704226 
1561.0 99.01388888888889 
3348.0 95.00333333333333 
3141.0 97.00429184549357 
1462.0 103.01886792452831 
1461.0 109.02 
2934.0 99.00384615384615 
2966.0 99.00377358490566 
3252.0 95.00354609929079 
3226.0 95.00358422939068 
3166.0 95.00414937759336 
1703.0 99.01162790697674 
3191.0 95.00369003690037 
3274.0 95.0034965034965 
3353.0 95.00332225913621 
3210.0 95.00367647058823 
1719.0 99.01123595505618 
3150.0 97.00398406374502 
1467.0 101.01785714285714 
3225.0 95.00361010830325 
3180.0 95.00387596899225 
1465.0 103.01818181818182 
1440.0 465.0208333333333 
1476.0 101.01587301587301 
1575.0 99.0126582278481 
1441.0 464.0204081632653 
1488.0 100.01449275362319 
1490.0 99.01428571428572 
1482.0 100.01587301587301 
1727.0 99.01063829787235 
2974.0 99.00371747211896 
1568.0 99.01298701298701 
2928.0 99.00401606425703 
2921.0 99.00413223140495 
1567.0 99.01369863013699 
1472.0 101.01666666666667 
3186.0 95.00381679389314 
3182.0 95.00384615384615 
1485.0 100.01470588235294 
3144.0 97.0042194092827 
3147.0 97.00403225806451 

3428.0 87.00469483568075 
1427.0 465.0357142857143 
1448.0 464.02127659574467 
1455.0 109.02439024390245 
3101.0 87.00492610837438 
3325.0 87.0048309178744 
2434.0 87.00602409638554 
2638.0 87.00595238095238 
2718.0 87.00574712643679 
2870.0 87.00568181818181 
2245.0 87.00671140939598 
2380.0 87.00662251655629 
3071.0 87.00507614213198 
2958.0 87.00515463917526 
3335.0 87.00478468899522 
2158.0 93.01149425287356 
1958.0 95.00806451612904 
2042.0 95.00787401574803 
1805.0 95.00884955752213 
1887.0 95.00877192982456 
1650.0 95.01190476190476 
1730.0 95.01162790697674 
2644.0 87.00588235294117 
2091.0 95.00751879699249 
1641.0 95.01234567901234 
1587.0 95.0126582278481 
1906.0 95.00840336134453 
1948.0 95.00833333333334 
2057.0 95.0078125 
1457.0 103.02272727272727 
1485.0 95.01612903225806 
1518.0 95.01587301587301 
1773.0 95.009009009009 
1462.0 101.01923076923077 
2164.0 89.01 
1464.0 97.01851851851852 
1571.0 95.01388888888889 
1549.0 95.01470588235294 
2166.0 87.00990099009901 
2893.0 87.00555555555556 
2913.0 87.00552486187846 
2218.0 87.00699300699301 
1535.0 95.015625 
2235.0 87.00680272108843 
1466.0 95.01754385964912 
1432.0 464.02777777777777 
2408.0 87.00625 
2423.0 87.00617283950618 
2930.0 87.00540540540541 
2944.0 87.00534759358288 
1459.0 101.02173913043478 
2917.0 87.00549450549451 
2391.0 87.00653594771242 
2402.0 87.00645161290322 
2176.0 87.00952380952381 
2177.0 87.00862068965517 
2187.0 87.00854700854701 
1577.0 95.01282051282051 
2197.0 87.00833333333334 
2883.0 87.00558659217877 
1544.0 95.01538461538462 
1900.0 95.00854700854701 
1891.0 95.00869565217391 
2879.0 87.00564971751412 
1429.0 464.030303030303 
2950.0 87.00526315789473 
1739.0 95.01136363636364 
1732.0 95.01149425287356 
2210.0 87.0078125 
1951.0 95.00826446280992 
2203.0 87.00826446280992 
2427.0 87.00613496932516 
1472.0 95.01724137931035 
1748.0 95.01020408163265 
1754.0 95.00980392156863 
1772.0 95.00934579439253 
1479.0 95.01639344262296 
1760.0 95.00961538461539 
1766.0 95.00943396226415 
1645.0 95.01204819277109 
2213.0 87.00769230769231 
1573.0 95.01298701298701 
1475.0 95.01666666666667 
1545.0 95.01515151515152 
1744.0 95.01063829787235 
2404.0 87.00636942675159 
1741.0 95.01086956521739 

1426.0 470.03125 
3201.0 85.00450450450451 
1452.0 464.0163934426229 
1453.0 110.01960784313725 
2805.0 87.00490196078431 
2971.0 87.00487804878048 
2461.0 87.0059880239521 
2618.0 87.00578034682081 
1944.0 95.00740740740741 
1844.0 95.00751879699249 
1637.0 95.01086956521739 
1559.0 95.01136363636364 
1695.0 95.00892857142857 
1771.0 95.00862068965517 
3111.0 85.00467289719626 
3186.0 85.00462962962963 
2079.0 95.00645161290322 
2150.0 95.00641025641026 
2651.0 87.00540540540541 
2717.0 87.00534759358288 
1959.0 95.00704225352112 
2023.0 95.00680272108843 
2289.0 87.00892857142857 
2995.0 87.00462962962963 
2233.0 95.0059880239521 
2761.0 87.00526315789473 
1514.0 95.01369863013699 
1478.0 95.01449275362319 
3027.0 87.00460829493088 
1455.0 104.01851851851852 
2780.0 87.0049751243781 
2175.0 95.00636942675159 
3101.0 87.00432900432901 
2804.0 87.0049504950495 
1520.0 95.01282051282051 
1674.0 95.00980392156863 
1543.0 95.01219512195122 
1651.0 95.01010101010101 
2031.0 95.00671140939598 
2054.0 95.00666666666666 
2198.0 95.00625 
1795.0 95.00840336134453 
2380.0 87.00694444444444 
1837.0 95.00769230769231 
2220.0 95.00621118012423 
2402.0 87.00689655172414 
1773.0 95.00854700854701 
1815.0 95.0079365079365 
1434.0 469.02941176470586 
1457.0 102.01694915254237 
1459.0 98.01694915254237 
1435.0 465.0217391304348 
3040.0 87.00456621004567 
3058.0 87.00452488687783 
3104.0 85.00510204081633 
2777.0 87.00518134715026 
1461.0 96.01639344262296 
2370.0 87.00729927007299 
2304.0 87.00862068965517 
3086.0 87.00438596491227 
2356.0 87.00751879699249 
2638.0 87.00555555555556 
3078.0 87.00444444444445 
3065.0 87.00450450450451 
2449.0 87.00602409638554 
2067.0 95.00649350649351 
1436.0 464.02127659574467 
1684.0 95.00909090909092 
2629.0 87.00574712643679 
1804.0 95.008 
2429.0 87.00662251655629 
2419.0 87.00671140939598 
2314.0 87.00840336134453 
2439.0 87.00641025641026 
3030.0 87.0045871559633 
1471.0 95.01538461538462 
2224.0 95.0060606060606 
2371.0 87.00719424460432 
2410.0 87.00680272108843 
2333.0 87.00787401574803 
2342.0 87.0078125 
2058.0 95.00662251655629 
1551.0 95.01190476190476 
2324.0 87.00826446280992 
2332.0 87.0079365079365 
2441.0 87.00636942675159 
1470.0 96.01470588235294 
1432.0 470.0285714285714 
1797.0 95.00806451612904 
1945.0 95.00729927007299 
1952.0 95.0072463768116 
2317.0 87.00833333333334 
1467.0 96.01538461538462 
1442.0 464.01851851851853 
1680.0 95.00943396226415 
1643.0 95.01052631578948 
1958.0 95.00714285714285 
2350.0 87.00769230769231 
1449.0 464.0175438596491 
1447.0 464.01785714285717 
1648.0 95.01030927835052 
2345.0 87.0077519379845 
1555.0 95.01162790697674 
1475.0 95.01470588235294 
1429.0 470.02941176470586 

1436.0 465.0217391304348 
3755.0 95.00326797385621 
1451.0 464.01851851851853 
1459.0 103.01694915254237 
3543.0 95.0032894736842 
3167.0 95.00375939849624 
3314.0 95.00373134328358 
2906.0 95.00434782608696 
2793.0 95.00438596491227 
2469.0 95.00478468899522 
2580.0 95.00473933649289 
3353.0 95.00366300366301 
3449.0 95.00359712230215 
2707.0 95.0046511627907 
2612.0 95.00471698113208 
1695.0 95.00925925925925 
1782.0 95.00909090909092 
2389.0 95.00485436893204 
3089.0 95.00408163265305 
3014.0 95.00411522633745 
1568.0 95.01204819277109 
1499.0 95.01219512195122 
2283.0 95.00534759358288 
2350.0 95.00520833333333 
1636.0 95.01086956521739 
1576.0 95.01123595505618 
1835.0 95.00813008130082 
1889.0 95.00806451612904 
2024.0 95.00666666666666 
1977.0 95.00680272108843 
2047.0 95.00649350649351 
2092.0 95.00641025641026 
1922.0 95.00699300699301 
1959.0 95.0068493150685 
2124.0 95.00636942675159 
2982.0 95.00416666666666 
1813.0 95.009009009009 
2737.0 95.00456621004567 
2167.0 95.00591715976331 
2196.0 95.00574712643679 
1468.0 101.01851851851852 
2242.0 95.00549450549451 
2270.0 95.00540540540541 
1469.0 97.01754385964912 
3127.0 95.003861003861 
3154.0 95.00383141762453 
2767.0 95.00444444444445 
2932.0 95.00432900432901 
2946.0 95.00429184549357 
2972.0 95.00418410041841 
2218.0 95.00558659217877 
3342.0 95.00369003690037 
3318.0 95.00371747211896 
2373.0 95.00518134715026 
2748.0 95.00450450450451 
3477.0 95.00353356890459 
2719.0 95.00460829493088 
3495.0 95.00350877192983 
2160.0 95.00602409638554 
1905.0 95.00757575757575 
2143.0 95.0060606060606 
3460.0 95.00358422939068 
1471.0 95.01886792452831 
1691.0 95.00961538461539 
1676.0 95.00990099009901 
3535.0 95.00335570469798 
1466.0 101.01886792452831 
1652.0 95.01010101010101 
1666.0 95.01 
2204.0 95.00564971751412 
3521.0 95.003367003367 
1470.0 97.01694915254237 
1464.0 103.01538461538462 
3114.0 95.00387596899225 
3518.0 95.00341296928327 
3507.0 95.00343642611683 
1645.0 95.01052631578948 
2126.0 95.00621118012423 
2383.0 95.00490196078431 
2136.0 95.0060975609756 
1438.0 464.0208333333333 
1490.0 95.01234567901234 
3505.0 95.00346020761246 
3098.0 95.00395256916995 
3107.0 95.00389105058366 
1897.0 95.00763358778626 
1821.0 95.00833333333334 
1646.0 95.01020408163265 
1828.0 95.00826446280992 
2161.0 95.00595238095238 
3161.0 95.00381679389314 
2939.0 95.00431034482759 
3498.0 95.0034965034965 
1819.0 95.00877192982456 
3091.0 95.00401606425703 
2202.0 95.00571428571429 
3097.0 95.004 
3536.0 95.00334448160535 
3542.0 95.003300330033 
1569.0 95.01162790697674 
1574.0 95.01149425287356 
1485.0 95.01315789473684 
1448.0 464.0192307692308 
1444.0 464.02 
1893.0 95.00769230769231 
1474.0 95.01785714285714 
1476.0 95.01470588235294 
1479.0 95.01449275362319 
1482.0 95.01333333333334 
1463.0 103.01612903225806 
1441.0 464.0204081632653 
1461.0 103.01639344262296 
1891.0 95.008 

1431.0 465.02777777777777 
3202.0 89.00471698113208 
1452.0 462.0192307692308 
1453.0 109.01923076923077 
2861.0 93.0059880239521 
2667.0 95.00438596491227 
2865.0 93.00555555555556 
3050.0 93.00534759358288 
2503.0 95.00444444444445 
2370.0 95.00502512562814 
2249.0 95.0050505050505 
1904.0 95.00680272108843 
2014.0 95.00671140939598 
2185.0 95.0060606060606 
2077.0 95.00613496932516 
2393.0 95.0049504950495 
2457.0 95.0048309178744 
1581.0 95.01162790697674 
1535.0 95.01190476190476 
3157.0 89.00473933649289 
1522.0 95.01315789473684 
1479.0 95.01369863013699 
3120.0 90.00578034682081 
1715.0 95.00869565217391 
1623.0 95.00990099009901 
1754.0 95.00840336134453 
1662.0 95.00970873786407 
1860.0 95.00751879699249 
1822.0 95.00769230769231 
3083.0 93.00446428571429 
1455.0 103.01818181818182 
3126.0 89.00520833333333 
1609.0 95.01075268817205 
1761.0 95.00819672131148 
1787.0 95.00813008130082 
3151.0 89.00478468899522 
1685.0 95.00952380952381 
2053.0 95.00625 
2075.0 95.00617283950618 
1461.0 97.01754385964912 
2196.0 95.00574712643679 
2216.0 95.00561797752809 
1460.0 101.01666666666667 
1886.0 95.00709219858156 
1702.0 95.00934579439253 
3067.0 93.0045871559633 
1872.0 95.0072463768116 
1818.0 95.0078125 
1804.0 95.00787401574803 
3054.0 93.00502512562814 
1464.0 95.01666666666667 
1434.0 463.025 
2041.0 95.00628930817611 
2493.0 95.00450450450451 
2481.0 95.00452488687783 
2468.0 95.0048076923077 
1432.0 465.02564102564105 
1459.0 103.01587301587301 
2237.0 95.00518134715026 
2247.0 95.00507614213198 
1467.0 95.01470588235294 
1795.0 95.0079365079365 
1476.0 95.01388888888889 
2187.0 95.0059880239521 
2225.0 95.00552486187846 
2033.0 95.00641025641026 
1437.0 463.02222222222224 
1616.0 95.01052631578948 
1708.0 95.009009009009 
2026.0 95.00645161290322 
1439.0 462.0208333333333 
1528.0 95.01282051282051 
1445.0 462.0204081632653 
1622.0 95.01020408163265 
2471.0 95.0045871559633 
2231.0 95.0054347826087 
2477.0 95.00456621004567 
1438.0 462.0217391304348 
1530.0 95.01234567901234 
1707.0 95.0091743119266 
2019.0 95.00653594771242 
2024.0 95.00649350649351 
1448.0 462.02 
2229.0 95.00549450549451 
1458.0 103.01724137931035 
2017.0 95.00662251655629 
2469.0 95.00473933649289 

1448.0 465.03846153846155 
3968.0 85.004 
1455.0 464.0285714285714 
1456.0 109.01851851851852 
3703.0 91.00552486187846 
3499.0 92.00354609929079 
2397.0 95.0049751243781 
2549.0 95.0049504950495 
2673.0 94.00970873786407 
1879.0 95.00719424460432 
1972.0 95.00714285714285 
2580.0 95.00473933649289 
3483.0 92.00359712230215 
3154.0 92.00438596491227 
3239.0 92.00436681222708 
2072.0 95.00694444444444 
1991.0 95.00699300699301 
1755.0 95.00877192982456 
3409.0 92.00380228136882 
1581.0 95.01063829787235 
1654.0 95.01010101010101 
3032.0 92.00452488687783 
3105.0 92.00448430493273 
3246.0 92.00434782608696 
3318.0 92.00413223140495 
1826.0 95.00869565217391 
1557.0 95.0126582278481 
1493.0 95.01298701298701 
2752.0 93.00666666666666 
1666.0 95.00990099009901 
1713.0 95.00925925925925 
2105.0 95.00617283950618 
2145.0 95.0060975609756 
3881.0 85.0042372881356 
3920.0 85.00416666666666 
1749.0 95.00909090909092 
2789.0 93.00662251655629 
2304.0 95.00549450549451 
3352.0 92.00411522633745 
3121.0 92.00442477876106 
2272.0 95.00561797752809 
1718.0 95.0091743119266 
2802.0 92.00653594771242 
1471.0 97.01612903225806 
2875.0 92.00555555555556 
2847.0 92.00588235294117 
2234.0 95.00574712643679 
2206.0 95.00581395348837 
1460.0 101.01666666666667 
1458.0 107.01785714285714 
1459.0 103.01754385964912 
1876.0 95.00729927007299 
2179.0 95.00584795321637 
2391.0 95.00507614213198 
1852.0 95.00763358778626 
3364.0 92.00398406374502 
3388.0 92.00395256916995 
3810.0 85.00469483568075 
2825.0 92.00625 
3833.0 85.00460829493088 
1473.0 95.015625 
2175.0 95.00595238095238 
2329.0 95.00537634408602 
2307.0 95.00546448087432 
3752.0 90.00446428571429 
2358.0 95.00518134715026 
2254.0 95.00564971751412 
3853.0 85.00456621004567 
2891.0 92.00537634408602 
2910.0 92.00534759358288 
1987.0 95.00704225352112 
2957.0 92.00492610837438 
3013.0 92.00460829493088 
2372.0 95.0051282051282 
2740.0 93.00704225352112 
2722.0 93.00719424460432 
2926.0 92.00518134715026 
2340.0 95.00523560209425 
2944.0 92.0051282051282 
2157.0 95.0060606060606 
3793.0 85.00485436893204 
3937.0 85.00414937759336 
2677.0 93.00925925925925 
3758.0 88.00552486187846 
3716.0 90.00515463917526 
3867.0 85.00444444444445 
2973.0 92.00485436893204 
2989.0 92.00478468899522 
2797.0 93.00649350649351 
3761.0 87.00581395348837 
1457.0 109.01639344262296 
3003.0 92.00471698113208 
3395.0 92.00393700787401 
1846.0 95.008 
2100.0 95.00645161290322 
2087.0 95.00657894736842 
2954.0 92.005 
3955.0 85.00403225806451 
1839.0 95.00806451612904 
3710.0 90.00520833333333 
3787.0 85.005 
1577.0 95.01176470588236 
3733.0 90.00467289719626 
3745.0 90.00462962962963 
3359.0 92.00404858299595 
2561.0 95.00487804878048 
2568.0 95.00478468899522 
2360.0 95.00515463917526 
3855.0 85.00454545454545 
2711.0 93.00740740740741 
3775.0 86.0049751243781 
3707.0 91.00534759358288 
3779.0 86.00473933649289 
1451.0 464.02941176470586 
1480.0 95.01388888888889 
1490.0 95.01351351351352 
2706.0 93.00787401574803 
3726.0 90.005 
2082.0 95.0068493150685 
2696.0 93.0079365079365 
3772.0 87.00564971751412 
2683.0 93.00819672131148 
2692.0 93.00813008130082 
2841.0 92.0060606060606 
3880.0 85.00438596491227 
2832.0 92.00613496932516 
3871.0 85.00440528634361 
1450.0 465.02777777777777 
1569.0 95.01190476190476 
1561.0 95.01234567901234 
3769.0 87.00574712643679 
3945.0 85.00413223140495 
3947.0 85.00409836065573 

1431.0 469.037037037037 
3847.0 97.00383141762453 
1451.0 469.030303030303 
1455.0 114.02222222222223 
2928.0 97.00450450450451 
3379.0 97.00442477876106 
3466.0 97.00409836065573 
3675.0 97.0040650406504 
2094.0 100.00641025641026 
2238.0 100.00636942675159 
2383.0 100.00531914893617 
2491.0 98.00735294117646 
3766.0 97.00389105058366 
2734.0 97.00625 
2655.0 97.00653594771242 
3696.0 97.00396825396825 
1767.0 100.01041666666667 
3783.0 97.003861003861 
1659.0 100.01063829787235 
1715.0 100.01052631578948 
2326.0 100.00602409638554 
2277.0 100.0060975609756 
2918.0 97.00469483568075 
1526.0 100.01388888888889 
1570.0 100.01333333333334 
2856.0 97.0049751243781 
2875.0 97.00485436893204 
2814.0 97.00510204081633 
1456.0 114.02 
1459.0 108.02127659574468 
1640.0 100.01219512195122 
1602.0 100.01234567901234 
1849.0 100.00925925925925 
1814.0 100.00934579439253 
2060.0 100.00675675675676 
2021.0 100.0072463768116 
1987.0 100.00740740740741 
1472.0 100.01923076923077 
1502.0 100.01886792452831 
2791.0 97.0054347826087 
1875.0 100.00884955752213 
2762.0 97.00581395348837 
1463.0 106.01851851851852 
1464.0 102.0204081632653 
1902.0 100.00877192982456 
2250.0 100.00625 
2545.0 97.0079365079365 
2521.0 98.00694444444444 
1594.0 100.01298701298701 
1932.0 100.008 
1910.0 100.00854700854701 
2038.0 100.00704225352112 
2513.0 98.00729927007299 
2346.0 100.00574712643679 
2375.0 100.00564971751412 
1944.0 100.0077519379845 
1963.0 100.00757575757575 
2356.0 100.00568181818181 
1466.0 100.01960784313725 
2857.0 97.00490196078431 
2610.0 97.0068493150685 
2628.0 97.00675675675676 
3679.0 97.00404858299595 
3419.0 97.00420168067227 
3435.0 97.00414937759336 
3450.0 97.00413223140495 
2748.0 97.00584795321637 
2648.0 97.00662251655629 
3393.0 97.00436681222708 
2634.0 97.00671140939598 
1460.0 108.01960784313725 
2596.0 97.00699300699301 
2583.0 97.00714285714285 
1799.0 100.00970873786407 
1787.0 100.00990099009901 
1861.0 100.00909090909092 
2240.0 100.00628930817611 
1975.0 100.00746268656717 
1779.0 100.01020408163265 
1873.0 100.00892857142857 
2557.0 97.00740740740741 
2569.0 97.00735294117646 
3777.0 97.00387596899225 
1647.0 100.0111111111111 
1657.0 100.01075268817205 
2600.0 97.00689655172414 
3403.0 97.00431034482759 
3409.0 97.00429184549357 
2549.0 97.00746268656717 
2376.0 100.00561797752809 
1807.0 100.00943396226415 
2920.0 97.00467289719626 
1435.0 469.0357142857143 
1442.0 469.0344827586207 
1786.0 100.01010101010101 
1447.0 469.03333333333336 
1642.0 100.01123595505618 
2518.0 98.00714285714285 
2578.0 97.00719424460432 
2573.0 97.00729927007299 
1509.0 100.01694915254237 
1518.0 100.015625 
1519.0 100.01470588235294 
1505.0 100.01851851851852 
1523.0 100.01449275362319 
1510.0 100.01639344262296 
1514.0 100.01612903225806 
1595.0 100.01282051282051 
1598.0 100.0125 
1506.0 100.01818181818182 

1433.0 465.0285714285714 
4301.0 95.00282485875707 
1462.0 114.02 
1449.0 464.02 
3499.0 95.00314465408805 
3781.0 95.00313479623824 
3206.0 95.00342465753425 
3390.0 95.00332225913621 
1747.0 95.01041666666667 
3047.0 95.003861003861 
2934.0 95.00389105058366 
2161.0 95.00680272108843 
4132.0 95.00298507462686 
4041.0 95.003003003003 
2074.0 95.0068493150685 
3870.0 95.00308641975309 
1877.0 95.00746268656717 
1962.0 95.00740740740741 
4217.0 95.00295857988165 
1663.0 95.01098901098901 
1829.0 95.00934579439253 
3945.0 95.0030303030303 
4026.0 95.00301204819277 
1473.0 95.01754385964912 
2782.0 95.00408163265305 
2858.0 95.00401606425703 
1622.0 95.01428571428572 
1556.0 95.01492537313433 
1534.0 95.01694915254237 
2408.0 95.00581395348837 
2550.0 95.00473933649289 
2350.0 95.00584795321637 
2292.0 95.00591715976331 
2608.0 95.00469483568075 
3466.0 95.00326797385621 
3410.0 95.0032894736842 
2017.0 95.00699300699301 
2072.0 95.00689655172414 
2884.0 95.00392156862745 
1468.0 97.01754385964912 
1464.0 108.01886792452831 
1467.0 103.01851851851852 
2931.0 95.00390625 
3120.0 95.00359712230215 
3939.0 95.0030395136778 
2198.0 95.00628930817611 
3162.0 95.00357142857143 
2240.0 95.00613496932516 
3902.0 95.0030487804878 
2450.0 95.00540540540541 
2485.0 95.00526315789473 
4260.0 95.0028818443804 
4293.0 95.0028653295129 
2733.0 95.0042194092827 
1992.0 95.00735294117646 
2411.0 95.00564971751412 
2437.0 95.00549450549451 
2546.0 95.00485436893204 
2637.0 95.00444444444445 
3493.0 95.0032362459547 
2664.0 95.00442477876106 
2706.0 95.0042372881356 
1466.0 106.01886792452831 
2744.0 95.00414937759336 
4220.0 95.00294117647059 
2769.0 95.00411522633745 
2523.0 95.0049751243781 
2507.0 95.00523560209425 
2176.0 95.00649350649351 
2698.0 95.00432900432901 
4242.0 95.00292397660819 
2676.0 95.00434782608696 
2880.0 95.00395256916995 
2273.0 95.00595238095238 
1471.0 97.01724137931035 
2626.0 95.00467289719626 
2245.0 95.0060975609756 
2263.0 95.0059880239521 
3105.0 95.00366300366301 
3063.0 95.00383141762453 
3167.0 95.00353356890459 
3876.0 95.00306748466258 
2865.0 95.004 
3182.0 95.00347222222223 
3891.0 95.00305810397553 
1652.0 95.01176470588236 
3118.0 95.0036496350365 
2009.0 95.00709219858156 
3102.0 95.00375939849624 
3194.0 95.00346020761246 
3070.0 95.00381679389314 
3082.0 95.00380228136882 
3402.0 95.00331125827815 
1435.0 464.02777777777777 
1654.0 95.0111111111111 
1870.0 95.00757575757575 
1641.0 95.01190476190476 
2665.0 95.00438596491227 
1624.0 95.01369863013699 
1544.0 95.01666666666667 
2166.0 95.00662251655629 
2440.0 95.0054347826087 
1442.0 464.02127659574467 
2778.0 95.00409836065573 
3093.0 95.00377358490566 
1997.0 95.00719424460432 
1632.0 95.0125 
2701.0 95.00425531914894 
2005.0 95.00714285714285 
4299.0 95.0028328611898 
3404.0 95.003300330033 
1850.0 95.00877192982456 
1854.0 95.00826446280992 
1835.0 95.00925925925925 
1843.0 95.00884955752213 
1861.0 95.00806451612904 
2737.0 95.00418410041841 
3089.0 95.00378787878788 
1448.0 464.0204081632653 
1550.0 95.01538461538462 
2632.0 95.00462962962963 
1836.0 95.00909090909092 
1842.0 95.009009009009 
1636.0 95.01234567901234 
1866.0 95.0079365079365 
1551.0 95.01515151515152 
1439.0 464.0232558139535 
1637.0 95.01204819277109 

