0.01948684637869438 0.9662264930679411 
0.8561221175706398 0.04336812538385859 
0.027606365703150372 0.10845880596971962 
0.0220850925625203 0.9638064950710519 
0.7310815199740175 0.04336860711732792 
0.8015589477102956 0.043368182683471104 
0.7846703475154271 0.04336857537266317 
0.5277687560896395 0.043369679957426695 
0.5781097759012667 0.04336944487294292 
0.5069827866190322 0.04337074794304542 
0.4576161091263397 0.04337084750791474 
0.6216303994803508 0.04336940678054971 
0.2487820721013316 0.043375697037586015 
0.2880805456316986 0.04337549117462847 
0.37674569665475804 0.04337308416158633 
0.3406950308541734 0.0433731573028666 
0.6284507957128938 0.04336911259006678 
0.6609288730107178 0.04336907708431885 
0.16758687885677168 0.06265562484534944 
0.13965573238064308 0.06265579936512747 
0.1325105553751218 0.06265634129496443 
0.10522897044494967 0.0626567187103866 
0.45696654758038324 0.043370948908081186 
0.4300097434231894 0.04337131901868874 
0.7219876583306268 0.04336870375182211 
0.6966547580383241 0.0433687693678367 
0.08898993179603767 0.06266355214961875 
0.0646313738226697 0.06266423518861385 
0.3962325430334524 0.04337189269013044 
0.4189671971419292 0.043371773411909884 
0.30594348814550176 0.04337444813564351 
0.32867814225397857 0.04337436016850022 
0.03280285807080221 0.06267604365937642 
0.6813900617083468 0.04336880254173255 
0.18707372523546606 0.06265182272135822 
0.1938941214680091 0.04820736927230703 
0.03864891198441052 0.0626728532196847 
0.05261448522247483 0.06267227403217145 
0.028580708022085094 0.09399993727599178 
0.22962000649561545 0.043379120950295995 
0.21695355634946412 0.04338043892365953 
0.6651510230594349 0.04336900688284002 
0.03117895420591101 0.07472314393529386 
0.7963624553426437 0.04336854385720177 
0.6758687885677168 0.043368972180972645 
0.5112049366677492 0.04337009844115319 
0.3946086391685612 0.04337226528086064 
0.384865215979214 0.043372329631591225 
0.5209483598570964 0.04337005499686804 
0.02987983111399805 0.08917589463918986 
0.03020461188697629 0.07954341694489082 
0.20558622929522571 0.043380980853496495 
0.2150048717115947 0.043380616452399226 
0.09191295875284183 0.06265979195025291 
0.7265345891523222 0.043368639093705565 
0.10068203962325431 0.0626590616754332 
0.29197791490743746 0.04337471855315815 
0.30009743423189345 0.04337453717555686 
0.24228645664176682 0.04337717954708608 
0.23449171809028904 0.04337756191378969 
0.42513803182851573 0.043371656472477975 
0.0597596622279961 0.062670125162557 
0.16823644040272817 0.06265479481225894 
0.05423838908736603 0.06267116752468342 
0.17375771354335823 0.06265463683821912 
0.196492367651835 0.04338786210212411 
0.3790191620656057 0.04337259384411475 
0.13445924001299123 0.06265597689386716 
0.38421565443325756 0.043372526748039694 
0.029230269568041572 0.08917966426639481 
0.17862942513803182 0.0626541778427806 
0.19616758687885677 0.048206702212491084 
0.02143553101656382 0.966218990981625 
0.3329002923026957 0.04337427325485564 
0.8005846053913608 0.04336824078168444 
0.510880155894771 0.04337055412343313 
0.6797661578434556 0.04336886963500503 
0.5238713868139007 0.04337001191920129 
0.3341994153946086 0.0433735354765317 
0.337447223124391 0.0433733060370902 
0.28905488795063333 0.04337519221440984 
0.6638518999675219 0.04336904184960716 
0.021760311789542058 0.9638106853668001 
0.23189347190646314 0.04337796153011908 
0.24488470282559271 0.04337634846694483 
0.20428710620331275 0.04338301309038515 
0.2020136407924651 0.04338323801757475 
0.19584280610587854 0.0482070318185178 
0.1809028905488795 0.06265388370616884 
0.2471581682364404 0.04337623620247483 
0.10295550503410199 0.06265731080247093 
0.4267619356934069 0.043371485300266056 
0.42903540110425464 0.04337137391547742 
0.18512504059759663 0.06265205512261747 
0.1971419291977915 0.0433857533323834 
0.0613835660928873 0.06266733163205825 
0.05391360831438779 0.06267171239579494 
0.20136407924650862 0.04338418316616952 
0.1987658330626827 0.043385207906224896 
0.1997401753816174 0.043384431508784974 
0.1825267944137707 0.06265332197158702 
0.09061383566092887 0.06266197736526893 
0.10457940889899318 0.06265691251830609 
0.09158817797986359 0.06266168317478601 
0.06268268918480026 0.06266609603202994 
0.06365703150373497 0.06266532378201227 
0.18350113673270543 0.06265279303902453 
0.1841506982786619 0.06265217377818993 
0.42578759337447225 0.043371541803714664 
0.06398181227671322 0.06266458920272715 

0.01818772328678142 0.954175385995923 
0.8028580708022085 0.06264354312493903 
0.028580708022085094 0.09641011216201961 
0.027606365703150372 0.9469405546847675 
0.6852874309840857 0.06264378047991744 
0.5287430984085743 0.06264480531441086 
0.4423514127963625 0.06264500042179068 
0.6021435531016563 0.06264447303153471 
0.3406950308541734 0.06264577366314343 
0.3926599545306918 0.06264554688992842 
0.401104254628126 0.06264512134019153 
0.6466385189996752 0.0626439042986697 
0.09126339720688535 0.06265930023187431 
0.1162715167262098 0.06265859845904269 
0.0597596622279961 0.06266388960340798 
0.08249431633647288 0.06266355214961875 
0.14257875933744724 0.06265691251830609 
0.1227671321857746 0.06265731080247093 
0.24975641442026633 0.06264989761702479 
0.23026956804157195 0.06264998774945245 
0.037999350438454045 0.06267063867919281 
0.05651185449821371 0.062670125162557 
0.2185774602143553 0.06265170890841276 
0.20006495615459566 0.06265182272135822 
0.6209808379343943 0.06264409688023458 
0.639493341994154 0.06264406419329005 
0.29067879181552453 0.06264802209544577 
0.30886651510230595 0.06264775509410987 
0.03150373497888925 0.08194881123557107 
0.03215329652484573 0.06749488376974339 
0.17797986359207535 0.06265359855082768 
0.16433907112698928 0.06265388370616884 
0.029555050341019812 0.08195437411015737 
0.27216628775576485 0.06264837226113222 
0.2854822994478727 0.06264830070553544 
0.19162065605716141 0.06265217377818993 
0.6063657031503735 0.06264426400145474 
0.2585254952906788 0.06264889591799963 
0.268268918480026 0.06264874209904822 
0.6161091263397207 0.06264412980930463 
0.3257551152971744 0.06264657122026202 
0.33354985384865216 0.06264636075380017 
0.15686911334848977 0.0626540296255036 
0.17862942513803182 0.0626530535872868 
0.18512504059759663 0.06265292235525763 
0.08866515102305944 0.06266290051471538 
0.22442351412796363 0.06265105747905395 
0.034101981162715164 0.06749111414253843 
0.03637544657356284 0.06267536303224219 
0.15232218252679441 0.06265528453178235 
0.1471256901591426 0.06265545325867694 
0.3354985384865216 0.0626460592748143 
0.025982461838259176 0.9469447449805157 
0.6417668074050016 0.06264403174581033 
0.02240987333549854 0.9517584499245245 
0.18772328678142253 0.06265241617457376 
0.3218577460214355 0.06264690224518259 
0.28678142253978567 0.06264822992351267 
0.25073075673920103 0.06264946295472591 
0.3975316661253654 0.06264541543833597 
0.2543033452419617 0.06264921428745725 
0.39395907762260474 0.06264550269822494 
0.3117895420591101 0.06264769007305916 
0.31698603442676193 0.06264719319577611 
0.3199090613835661 0.06264713385337782 
0.01981162715167262 0.951762470650524 
0.2708671646638519 0.06264866647855813 
0.31373822669697954 0.06264743658997823 
0.31633647288080546 0.06264731366979072 
0.01851250405975966 0.95176723941857 
0.15492042871062034 0.06265463683821912 
0.15264696329977265 0.06265479481225894 
0.1432283208834037 0.06265634129496443 
0.14517700552127313 0.06265579936512747 
0.18707372523546606 0.06265266559693973 
0.11822020136407925 0.06265793640920156 
0.1195193244559922 0.06265772397576345 
0.12146800909386164 0.06265751547627785 
0.08963949334199416 0.06266111377385133 
0.058785319909061384 0.06266776576179793 
0.05716141604417019 0.06266867019875556 
0.02143553101656382 0.9517614026451804 
0.22702176031178956 0.0626508516160964 
0.22539785644689833 0.0626509538748204 
0.2559272491068529 0.06264913331487845 
0.2569015914257876 0.06264905327301894 
0.22799610263072426 0.06265035961657521 
0.22929522572263722 0.06265026490666735 
0.037349788892497564 0.06267470472075172 
0.018837284832737902 0.9517635850908827 
0.03312763884378045 0.06749229090447013 
0.03052939265995453 0.08194942808658368 
0.3345241961675869 0.06264630934954912 
0.3208834037025008 0.0626470169139459 
0.059434881455017866 0.06266609603202994 
0.0220850925625203 0.9517603782318916 
0.026632023384215654 0.9469436305401571 
0.026956804157193894 0.9469425625348135 
0.03020461188697629 0.08195006516221964 

0.02143553101656382 0.954175385995923 
0.6505358882754141 0.06264310576920831 
0.023708996427411498 0.9517520440220848 
0.028580708022085094 0.09642062947178433 
0.14290354011042547 0.07229674189616717 
0.5030854173432933 0.07228318291895891 
0.5573238064306593 0.07228140010384151 
0.5232218252679441 0.07228158451940367 
0.06917830464436506 0.07230263217866363 
0.10003247807729783 0.07230123237035271 
0.11822020136407925 0.07229772563406864 
0.6235790841182202 0.06264340133763262 
0.03962325430334524 0.07230682174579142 
0.06170834686586554 0.07230635041948953 
0.6420915881779798 0.0626432374315064 
0.5748619681714843 0.0674643870002954 
0.029555050341019812 0.0819560272285486 
0.029230269568041572 0.096415275204995 
0.5076323481649886 0.07228215325226868 
0.5180253329002923 0.07228197840320806 
0.6109126339720689 0.06264375007407136 
0.6024683338746346 0.06264384194549875 
0.5829814874959403 0.06264520362491245 
0.10782721662877558 0.072300902764326 
0.5911010068203962 0.06264409688023458 
0.6180578109775902 0.06264363057696996 
0.643715492042871 0.06264321074911378 
0.5972718415069828 0.06264406419329005 
0.11302370899642741 0.07229995838750793 
0.5777849951282884 0.06746364542477784 
0.03117895420591101 0.07713475172055168 
0.6021435531016563 0.0626439042986697 
0.5875284183176356 0.06264454486874566 
0.03052939265995453 0.08195437411015737 
0.02240987333549854 0.9541708227003639 
0.034101981162715164 0.0771299711252041 
0.0662552776875609 0.07230338524009675 
0.02273465410847678 0.9517603782318916 
0.037999350438454045 0.07471722543847446 
0.03864891198441052 0.07230730653855906 
0.03605066580058461 0.07472055107002061 
0.11562195518025332 0.07229851838030309 
0.5206235790841183 0.07228184320393445 
0.06398181227671322 0.07230417742160426 
0.5056836635271192 0.07228256263782022 
0.5034101981162715 0.07228284253327619 
0.06365703150373497 0.07230589200623702 
0.03280285807080221 0.07713188336334313 
0.589477102955505 0.0626444022910751 
0.5881779798635921 0.06264447303153471 
0.03702500811951932 0.07471773895511027 
0.575836310490419 0.0674642124710362 
0.5768106528093537 0.06746376154513777 

0.668074050016239 0.04337115742109953 
0.01818772328678142 0.9542066771654708 
0.025008119519324457 0.951762470650524 
0.027281584930172135 0.09642585314670071 
0.5618707372523547 0.04337171465416577 
0.6346216303994804 0.043371485300266056 
0.3452419616758688 0.04337436016850022 
0.4114972393634297 0.04337418737589729 
0.4374797012016889 0.04337369283155101 
0.4868463786943813 0.0433735354765317 
0.2838583955829815 0.04337601619425174 
0.32770379993504384 0.04337580201406105 
0.5521273140630075 0.0433720761485103 
0.5154270867164664 0.04337226528086064 
0.6378694381292628 0.04337137391547742 
0.2556024683338746 0.05784406040434839 
0.19064631373822669 0.06265463683821912 
0.21792789866839882 0.0626541778427806 
0.140954855472556 0.06265652833269578 
0.16758687885677168 0.06265634129496443 
0.09061383566092887 0.06266388960340798 
0.11659629749918805 0.06266322254359204 
0.41344592400129915 0.04337401864900266 
0.23384215654433257 0.06265332197158702 
0.08769080870412471 0.06266495195792966 
0.07015264696329977 0.06266570501936278 
0.17375771354335823 0.06265545325867694 
0.1873985060084443 0.06265528453178235 
0.22279961026307243 0.0626540296255036 
0.027931146476128613 0.0819653260194991 
0.03702500811951932 0.06267406764511575 
0.04774277362780124 0.06267345079410315 
0.13056187073725237 0.06265691251830609 
0.029555050341019812 0.07713806136348465 
0.2575511529717441 0.04820277990077337 
0.03020461188697629 0.06749866503160025 
0.06495615459564794 0.06266867019875556 
0.05781097759012666 0.06267063867919281 
0.25820071451770055 0.04338370123396527 
0.4943163364728808 0.043373231256827786 
0.5008119519324457 0.0433731573028666 
0.27508931471256903 0.04337669468114954 
0.05326404676843131 0.0626728532196847 
0.2806105878531991 0.04337623620247483 
0.03085417343293277 0.0626774765586064 
0.01981162715167262 0.951778134728897 
0.33679766157843455 0.04337490446519942 
0.34166937317310814 0.04337471855315815 
0.5063332250730757 0.04337286948204473 
0.510880155894771 0.043372730189080104 
0.028580708022085094 0.07714410505927523 
0.5021110750243586 0.04337308416158633 
0.3312763884378045 0.043375593433352476 
0.33484897694056515 0.04337539023537183 
0.26144852224748294 0.04338279244752296 
0.2617733030204612 0.043380616452399226 
0.2650211107502436 0.04338043892365953 
0.06690483923351738 0.06266609603202994 
0.268268918480026 0.043379924090314416 
0.4910685287430984 0.0433733060370902 
0.056187073725235466 0.06267227403217145 
0.1718090289054888 0.06265579936512747 
0.16888600194868464 0.06265615751006319 
0.48976940565118543 0.04337345813253917 
0.018837284832737902 0.9517842191229757 
0.5128288405326404 0.043372526748039694 
0.1195193244559922 0.06266258580467683 
0.11724585904514452 0.06266290051471538 
0.2724910685287431 0.043378669184035656 
0.18837284832737902 0.06265511859376201 
0.27021760311789544 0.04337975815229407 
0.3429684962650211 0.04337462730798451 
0.03280285807080221 0.06267674775641184 
0.12244235141279636 0.06265979195025291 
0.1243910360506658 0.06265882779656938 
0.1302370899642741 0.06265772397576345 
0.035076323481649886 0.06267470472075172 
0.12633972068853525 0.06265837353185308 
0.12828840532640468 0.06265793640920156 
0.08898993179603767 0.06266423518861385 
0.27346541084767784 0.04337837959027903 
0.06560571614160442 0.0626664972008703 
0.03377720038973693 0.06267536303224219 
0.05651185449821371 0.06267171239579494 
0.12114322832088341 0.06266083815956912 
0.3354985384865216 0.04337519221440984 
0.12016888600194868 0.06266139537974837 

0.017862942513803184 0.9662430211018562 
0.5943488145501786 0.03855185872297938 
0.026307242611237416 0.95175070508346 
0.026632023384215654 0.09882375038956863 
0.4657356284507957 0.043371656472477975 
0.5196492367651835 0.0433715988584164 
0.35401104254628124 0.04337427325485564 
0.4050016239038649 0.043373772873410515 
0.18609938291653133 0.0626530535872868 
0.15362130561870738 0.06265332197158702 
0.08639168561221176 0.06266139537974837 
0.06105878531990906 0.06266258580467683 
0.10522897044494967 0.0626567187103866 
0.12991230919129587 0.06265597689386716 
0.5651185449821371 0.03855226445170803 
0.589477102955505 0.03855216020196526 
0.2299447872685937 0.06265075067683977 
0.2530042221500487 0.06265065103167622 
0.4157193894121468 0.04337286948204473 
0.4371549204287106 0.043372730189080104 
0.19097109451120495 0.06265217377818993 
0.21175706398181227 0.06265159664394276 
0.29814874959402404 0.04338135826891867 
0.5274439753166612 0.04337100031233224 
0.2799610263072426 0.06264963369632358 
0.4514452744397532 0.043372526748039694 
0.046443650535888274 0.06266821178550307 
0.034751542708671646 0.062670125162557 
0.5378369600519649 0.043370948908081186 
0.027281584930172135 0.0843646054178847 
0.4576161091263397 0.04337183275430818 
0.26112374147450473 0.06265055265587777 
0.5618707372523547 0.043370275979703825 
0.4654108476778175 0.043371773411909884 
0.04839233517375771 0.06266609603202994 
0.09840857421240662 0.06265882779656938 
0.055862292952257225 0.06266458920272715 
0.09093861643390712 0.06265954360763745 
0.2143553101656382 0.06265137663571968 
0.2218252679441377 0.06265126883169034 
0.26859369925300425 0.06265026490666735 
0.13770704774277362 0.06265545325867694 
0.32770379993504384 0.04337657767357108 
0.15134784020785969 0.06265374003174697 
0.2757388762585255 0.06265017137328013 
0.33484897694056515 0.04337646227989029 
0.13056187073725237 0.06265579936512747 
0.14420266320233843 0.0626543284127128 
0.020461188697629102 0.9638291719656888 
0.027931146476128613 0.07954198404566085 
0.028580708022085094 0.06990430382492688 
0.02078596947060734 0.9541730051460662 
0.5420591101006821 0.04337084750791474 
0.5479051640142903 0.04337074794304542 
0.5628450795712894 0.03855329843895277 
0.456641766807405 0.043372329631591225 
0.029230269568041572 0.06508412477593521 
0.32445599220526145 0.0433774325975566 
0.30302046118869763 0.043380616452399226 
0.5569990256576811 0.0433704132216755 
0.3199090613835661 0.04337796153011908 
0.4114972393634297 0.043373231256827786 
0.5544007794738551 0.04337055412343313 
0.5501786294251381 0.04337069883334636 
0.3501136732705424 0.04337436016850022 
0.22604741799285483 0.0626508516160964 
0.02111075024358558 0.951762470650524 
0.10165638194218903 0.06265710985000597 
0.4085742124066255 0.04337369283155101 
0.14063007469957778 0.06265448139176392 
0.3436180578109776 0.04337580201406105 
0.3403702500811952 0.04337601619425174 
0.30626826891848 0.04338009281720901 
0.34686586554076 0.04337529059020829 
0.5388113023708997 0.04337089797542878 
0.03247807729782397 0.06267227403217145 
0.27703799935043844 0.06264980857711144 
0.3247807729782397 0.04337717954708608 
0.337447223124391 0.04337623620247483 
0.3124391036050666 0.04337881740131267 
0.31536213056187073 0.043378669184035656 
0.22312439103605067 0.06265116245552897 
0.058460539136083144 0.06266388960340798 
0.3095160766482624 0.04337975815229407 
0.31211432283208834 0.043378967971244874 
0.34751542708671646 0.04337519221440984 
0.03215329652484573 0.0650800587343763 
0.01981162715167262 0.966236567298137 
0.13835660928873011 0.06265463683821912 
0.1864241636895096 0.06265279303902453 
0.18869762910035726 0.06265266559693973 
0.30724261123741475 0.043379924090314416 
0.03117895420591101 0.06508169408735494 
0.023059434881455017 0.9517558252839416 
0.10035725885027606 0.06265793640920156 
0.0883403702500812 0.06266056834769283 
0.19064631373822669 0.06265241617457376 
0.31796037674569666 0.04337837959027903 
0.025332900292302694 0.9517534769213146 
0.024683338746346217 0.9517542317521591 
0.08996427411497239 0.06266004541333467 
0.31633647288080546 0.043378523264700916 
0.0597596622279961 0.06266322254359204 
0.03377720038973693 0.06267063867919281 
0.018837284832737902 0.9662385920208724 

0.02111075024358558 0.9541730051460662 
0.7742773627801234 0.06264307995307143 
0.025982461838259176 0.9517558252839416 
0.028580708022085094 0.08195140410084434 
0.7054238389087366 0.0626431317551882 
0.5833062682689185 0.06264426400145474 
0.6310490418967197 0.06264419640466269 
0.49853848652159793 0.06264568177069282 
0.46183825917505683 0.06264577366314343 
0.35660928873010717 0.06264673435694536 
0.3926599545306918 0.0626466250837167 
0.643715492042871 0.06264403174581033 
0.674894446248782 0.06264387300993822 
0.43390711269892823 0.06264641263623029 
0.40305293926599545 0.06264657122026202 
0.10522897044494967 0.06265751547627785 
0.13348489769405653 0.06265710985000597 
0.330626826891848 0.06264690224518259 
0.5579733679766158 0.06264504039889462 
0.5336148100032478 0.06264512134019153 
0.06398181227671322 0.06266423518861385 
0.04157193894121468 0.06266458920272715 
0.2962000649561546 0.06264809063054803 
0.31796037674569666 0.06264775509410987 
0.08606690483923352 0.06266139537974837 
0.06658005846053913 0.06266227816677397 
0.15069827866190322 0.06265479481225894 
0.16823644040272817 0.06265463683821912 
0.21208184475479053 0.06265126883169034 
0.19681714842481324 0.06265159664394276 
0.21955180253329004 0.0626508516160964 
0.2341669373173108 0.06265065103167622 
0.17895420591101008 0.06265205512261747 
0.19097109451120495 0.06265170890841276 
0.24455992205261448 0.06265055265587777 
0.5232218252679441 0.0626452452815524 
0.14355310165638194 0.06265691251830609 
0.4436505358882754 0.06264620794938268 
0.2585254952906788 0.06264946295472591 
0.2679441377070477 0.06264905327301894 
0.03150373497888925 0.07713634525233422 
0.28288405326404675 0.06264844460305426 
0.29197791490743746 0.06264822992351267 
0.03182851575186749 0.06749631666897338 
0.570315037349789 0.0626445088114583 
0.5790841182202013 0.06264443752578679 
0.4533939590776226 0.06264591456490107 
0.5069827866190322 0.06264563642117175 
0.5115297174407275 0.06264554688992842 
0.5199740175381617 0.0626452872867835 
0.27508931471256903 0.06264866647855813 
0.6401429035401104 0.06264409688023458 
0.6323481649886327 0.06264416298320048 
0.3254303345241962 0.06264769007305916 
0.44722312439103606 0.0626460592748143 
0.6839883078921728 0.06264371988310755 
0.4378044819746671 0.06264630934954912 
0.6898343618057811 0.06264366013677926 
0.2562520298798311 0.06264972060996815 
0.17343293277038 0.0626534592135587 
0.25073075673920103 0.06264980857711144 
0.6784670347515427 0.06264384194549875 
0.03247807729782397 0.06268066678708066 
0.1039298473530367 0.06265837353185308 
0.0990581357583631 0.0626590616754332 
0.7028255927249106 0.06264329133352105 
0.03085417343293277 0.07713718711818161 
0.09126339720688535 0.06265954360763745 
0.09581032802858071 0.06265930023187431 
0.27054238389087365 0.0626488185740071 
0.6982786619032153 0.0626433185567608 
0.03215329652484573 0.06749488376974339 
0.03020461188697629 0.08194763447363938 
0.5660928873010718 0.06264454486874566 
0.6973043195842806 0.06264342930796131 
0.69373173108152 0.06264348582532653 
0.08898993179603767 0.06266056834769283 
0.24520948359857098 0.06265017137328013 
0.32867814225397857 0.0626470169139459 
0.24845729132835337 0.06264989761702479 
0.021760311789542058 0.9517614026451804 
0.03864891198441052 0.06266495195792966 
0.6930821695355635 0.06264354312493903 
0.5608963949334199 0.06264472943075006 
0.563819421890224 0.06264458120663448 
0.17083468658655407 0.06265359855082768 
0.14615134784020786 0.06265528453178235 
0.08931471256901591 0.06265979195025291 
0.14842481325105553 0.06265511859376201 
0.25657681065280935 0.06264954781736522 
0.5813575836310491 0.0626444022910751 
0.5092562520298798 0.06264559146259481 
0.6908087041247158 0.06264363057696996 
0.14550178629425137 0.06265634129496443 
0.5586229295225723 0.06264488241708625 
0.2698928223449172 0.06264897414592353 
0.5605716141604417 0.0626448437115432 
0.7031503734978889 0.0626432642923766 
0.7050990581357583 0.0626431579126927 
0.06430659304969145 0.06266322254359204 
0.06593049691458265 0.06266290051471538 
0.03702500811951932 0.06266690892678539 
0.025008119519324457 0.951757541395092 
0.023708996427411498 0.9517593947951345 
0.1695355634946411 0.06265374003174697 
0.03345241961675869 0.06267823138945074 
0.034101981162715164 0.06267063867919281 
0.035076323481649886 0.062670125162557 
0.03605066580058461 0.06266733163205825 
0.02987983111399805 0.08194942808658368 
0.02273465410847678 0.9517603782318916 
0.029230269568041572 0.08195006516221964 
0.16888600194868464 0.06265448139176392 

0.01948684637869438 0.9541875547840805 
0.5946735953231569 0.04819005088916107 
0.026307242611237416 0.946938701284725 
0.026632023384215654 0.09641342180495258 
0.4839233517375771 0.05783079358595659 
0.42091588177979866 0.06264577366314343 
0.4852224748294901 0.05782975158792873 
0.5453069178304645 0.05782925052018105 
0.36765183501136733 0.06264591456490107 
0.32445599220526145 0.06264731366979072 
0.2851575186748945 0.06264737481947996 
0.17310815199740176 0.06265159664394276 
0.2088340370250081 0.06265137663571968 
0.2643715492042871 0.06264980857711144 
0.22929522572263722 0.06264998774945245 
0.33192594998376096 0.06264713385337782 
0.3527119194543683 0.06264684574173399 
0.06820396232543033 0.06266322254359204 
0.05326404676843131 0.06266388960340798 
0.5800584605391361 0.048190104752615745 
0.04904189671971419 0.06266690892678539 
0.035076323481649886 0.06266821178550307 
0.5680415719389412 0.05060203303896099 
0.11172458590451445 0.06265615751006319 
0.08184475479051641 0.0626590616754332 
0.1243910360506658 0.06265545325867694 
0.09451120493666774 0.06265859845904269 
0.1588177979863592 0.06265332197158702 
0.1464761286131861 0.06265374003174697 
0.5560246833387463 0.057827122260487564 
0.027281584930172135 0.08195437411015737 
0.5699902565768107 0.04819123476300892 
0.07729782396882104 0.06266111377385133 
0.12666450146151348 0.06265495537603709 
0.13510880155894772 0.06265479481225894 
0.5781097759012667 0.048190214025844405 
0.10198116271516726 0.06265815288899089 
0.22150048717115947 0.06265026490666735 
0.22864566417668075 0.06265007899462607 
0.029230269568041572 0.06749631666897338 
0.2679441377070477 0.06264905327301894 
0.2744397531666125 0.06264874209904822 
0.02890548879506333 0.07713188336334313 
0.16726209808379344 0.06265229411682022 
0.10750243585579734 0.06265772397576345 
0.5508281909710945 0.05782741830652973 
0.1627151672620981 0.06265266559693973 
0.14517700552127313 0.0626540296255036 
0.14063007469957778 0.0626541778427806 
0.5466060409223774 0.057828473559423735 
0.03020461188697629 0.06267536303224219 
0.020461188697629102 0.9493620218402269 
0.21760311789542058 0.06265035961657521 
0.36440402728158494 0.0626460592748143 
0.3605066580058461 0.06264610838451334 
0.35628450795712896 0.06264678978158778 
0.01981162715167262 0.9541824064506294 
0.028580708022085094 0.08194881123557107 
0.28126014939915556 0.06264769007305916 
0.28450795712893795 0.06264743658997823 
0.03117895420591101 0.06267063867919281 
0.13770704774277362 0.0626543284127128 
0.034101981162715164 0.06266867019875556 
0.2650211107502436 0.06264963369632358 
0.2773627801234167 0.06264851774433454 
0.2150048717115947 0.06265065103167622 
0.02143553101656382 0.9493553290067404 
0.07957128937966873 0.06266056834769283 
0.10945112049366677 0.06265691251830609 
0.212731406300747 0.06265075067683977 
0.0220850925625203 0.9469425625348135 
0.05099058135758363 0.06266609603202994 
0.024033777200389735 0.9469415381215247 
0.08151997401753816 0.06265979195025291 
0.35725885027606363 0.06264625841689671 
0.27931146476128615 0.06264830070553544 
0.3592075349139331 0.06264620794938268 
0.021760311789542058 0.9469447449805157 
0.05164014290354011 0.06266495195792966 
0.10912633972068854 0.06265731080247093 
0.21045794088989933 0.0626509538748204 
0.21208184475479053 0.0626508516160964 
0.025008119519324457 0.9469405546847675 
0.27866190321532963 0.06264844460305426 
0.028255927249106853 0.08195210819787978 
0.20980837934394284 0.06265116245552897 
0.35660928873010717 0.0626466250837167 

0.025008119519324457 0.9542132964513368 
0.8434556674244885 0.0385506431597083 
0.027281584930172135 0.951780046967036 
0.027606365703150372 0.09641170569380215 
0.757388762585255 0.05301083752360057 
0.6911334848976941 0.05541548990852089 
0.3332250730756739 0.06264719319577611 
0.38259175056836636 0.06264713385337782 
0.42286456641766806 0.0602491784038592 
0.16498863267294575 0.06265253998855401 
0.19519324455992204 0.06265241617457376 
0.3926599545306918 0.0626466250837167 
0.6859369925300423 0.05541561284438775 
0.5790841182202013 0.055417513497592955 
0.6066904839233518 0.05541746735072913 
0.22767132185774602 0.06265193811503901 
0.20136407924650862 0.06265205512261747 
0.12471581682364404 0.06265634129496443 
0.6619032153296525 0.05541610715875748 
0.06820396232543033 0.06266083815956912 
0.09191295875284183 0.06265954360763745 
0.5394608639168561 0.055417848218962874 
0.5631698603442676 0.055417750440010474 
0.6089639493341994 0.055417421605142354 
0.6323481649886327 0.05541690214699174 
0.14777525170509906 0.06265615751006319 
0.06040922377395258 0.06266570501936278 
0.03962325430334524 0.0626664972008703 
0.448522247482949 0.05783242872132336 
0.09581032802858071 0.0626590616754332 
0.11107502435855797 0.06265751547627785 
0.23838908736602793 0.06265007899462607 
0.2513803182851575 0.06264989761702479 
0.8151997401753817 0.03855121488650105 
0.827866190321533 0.038551044729717474 
0.1227671321857746 0.06265710985000597 
0.4605391360831439 0.057832322345161995 
0.30302046118869763 0.06264844460305426 
0.6433907112698928 0.055416861174641056 
0.5683663527119195 0.05541760701645865 
0.292627476453394 0.06264874209904822 
0.11269892822344917 0.06265731080247093 
0.464761286131861 0.05542269370926993 
0.03247807729782397 0.06749290775548274 
0.4884702825592725 0.05542033153274525 
0.4793764209158818 0.05542111892492012 
0.28028580708022083 0.06264905327301894 
0.2711919454368301 0.06264921428745725 
0.02890548879506333 0.07713188336334313 
0.028255927249106853 0.09159127205165263 
0.028580708022085094 0.08195283700007432 
0.16401429035401105 0.06265279303902453 
0.26242286456641767 0.06264929620708377 
0.3312763884378045 0.06264743658997823 
0.1562195518025333 0.06265359855082768 
0.6472880805456317 0.05541654514886038 
0.6550828190971094 0.05541646926519958 
0.7921403052939266 0.038552317310732546 
0.47223124391036053 0.05542200474111687 
0.7996102630724261 0.0385521087977142 
0.03312763884378045 0.0626728532196847 
0.26112374147450473 0.06264954781736522 
0.3111399805131536 0.06264815990258688 
0.30399480350763236 0.06264837226113222 
0.7733030204611887 0.050598862094937094 
0.3205586229295226 0.06264769007305916 
0.28678142253978567 0.0626488185740071 
0.8061058785319909 0.03855200739754776 
0.49366677492692435 0.055419899737036406 
0.49983760961351087 0.05541983046499756 
0.20006495615459566 0.06265217377818993 
0.5151023059434882 0.05541881493008322 
0.5332900292302696 0.05541804918399865 
0.3251055537512179 0.06264756203160544 
0.44462487820721014 0.05783333366782296 
0.4387788242936018 0.05783369987818703 
0.5050341019811627 0.055419429907508685 
0.31471256901591427 0.06264782079600931 
0.510880155894771 0.055419301866054975 
0.2552776875608964 0.06264980857711144 
0.7866190321532965 0.03855270169334768 
0.8333874634621631 0.03855100307307753 
0.42416368950958105 0.05783867536591087 
0.7752517050990582 0.045782577358050094 
0.7616109126339721 0.05060052544641112 
0.8106528093536862 0.038551714013066146 
0.52029879831114 0.05541864207963212 
0.5254952906787919 0.05541847419139488 
0.4631373822669698 0.05783201150572942 
0.7762260474179928 0.04337385384598932 
0.027931146476128613 0.0964065854933206 
0.5300422215004872 0.05541831105471154 
0.6573562845079571 0.05541643177150106 
0.15427086716466384 0.06265448139176392 
0.23676518350113673 0.06265075067683977 
0.2325430334524196 0.06265105747905395 
0.5141279636245534 0.0554189929660479 
0.8392335173757713 0.03855072088293586 
0.15199740175381618 0.06265463683821912 
0.7596622279961026 0.05060065481819241 
0.7846703475154271 0.03855305257976346 
0.06690483923351738 0.06266355214961875 
0.7671321857746022 0.05059936472762548 
0.771029555050341 0.05059926047788272 
0.6456641766807405 0.05541670060283751 
0.3864891198441052 0.06264695929988433 
0.3887625852549529 0.06264673435694536 
0.32120818447547905 0.06264762572232857 
0.8067554400779474 0.038551957388829286 
0.43520623579084117 0.05783421347691982 
0.7807729782396882 0.040962412699124685 
0.7586878856771679 0.053010410409814065 
0.7820721013316012 0.040961844587065276 
0.025982461838259176 0.9517820716897715 
0.03540110425462813 0.06266867019875556 
0.03864891198441052 0.06266776576179793 
0.43358233192594997 0.057835337732413616 
0.7648587203637545 0.05060015285568092 
0.23091912958752842 0.06265170890841276 
0.4303345241961676 0.057835488302345826 
0.7797986359207535 0.04337345813253917 
0.42611237414745046 0.05783611526567011 
0.42903540110425464 0.05783595470189195 
0.4774277362780123 0.05542154841156097 
0.8148749594024034 0.03855157311130852 
0.4745047093212082 0.055421727583901965 
0.8119519324455993 0.03855161966475268 
0.025657681065280935 0.9541875547840805 
0.06430659304969145 0.06266388960340798 
0.06170834686586554 0.06266495195792966 
0.7788242936018188 0.04337369283155101 
0.835985709645989 0.038550961760707304 
0.8366352711919455 0.038550880151844845 

0.01948684637869438 0.9638475444497698 
0.8041571938941214 0.06746327763615376 
0.025982461838259176 0.9638313193988931 
0.027281584930172135 0.10846772974770177 
0.5056836635271192 0.06746489938518128 
0.6521597921403053 0.06746470729237611 
0.6804157193894121 0.06746392081404674 
0.7482949009418642 0.06746384053215766 
0.2348164988632673 0.07469775130759368 
0.2815849301721338 0.07469765293179523 
0.32867814225397857 0.07469512237136323 
0.3637544657356285 0.06988118252080809 
0.777849951282884 0.06746342131700146 
0.4426761935693407 0.06746910501703433 
0.41701851250405975 0.06746979398518739 
0.7551152971744073 0.06746360733238461 
0.1286131860993829 0.07470740443281476 
0.7833712244235141 0.06746334892182529 
0.09353686261773303 0.07470793843548658 
0.11172458590451445 0.07470766862361028 
0.3101656381942189 0.07469682088588561 
0.2942513803182852 0.07469699789294225 
0.5024358557973368 0.06746535797293444 
0.050341019811627155 0.07471577047467302 
0.0646313738226697 0.0747144319079757 
0.4822994478726859 0.06746603330614309 
0.4884702825592725 0.06746574235554957 
0.4686586554075999 0.06746633910115467 
0.027606365703150372 0.10846237548091246 
0.028580708022085094 0.09400893100520112 
0.08736602793114648 0.07471168947864461 
0.07502435855797336 0.07471205223384712 
0.15524520948359857 0.07470461575219531 
0.14387788242936017 0.0747048242516809 
0.22377395258200714 0.07469858617247765 
0.2111075024358558 0.07469976587285719 
0.20006495615459566 0.07470015386320426 
0.03280285807080221 0.07472864130830116 
0.0425462812601494 0.07472776706299812 
0.46118869762910036 0.06746714081590242 
0.16368950958103282 0.07470362860861324 
0.4517700552127314 0.06746805439782423 
0.02987983111399805 0.08918344552825168 
0.03020461188697629 0.07955031825546778 
0.17245859045144527 0.07470344157088188 
0.2854822994478727 0.07469736518258481 
0.38129262747645337 0.06747316852307979 
0.37349788892497565 0.06988019828058949 
0.07242611237414745 0.07471359747678775 
0.18220201364079247 0.07470158166768139 
0.1750568366352712 0.07470289964104491 
0.21662877557648588 0.0746992740541074 
0.3708996427411497 0.06988105320457501 
0.31666125365378367 0.0746961535489364 
0.32607989607015264 0.07469591884992456 
0.18609938291653133 0.0747009839820863 
0.19227021760311788 0.07470055948947614 
0.3199090613835661 0.07469599619391709 
0.03085417343293277 0.07472954983773371 
0.4826242286456642 0.06746585702431289 
0.402403377720039 0.06747054901877975 
0.4082494316336473 0.06747032600692718 
0.7495940240337772 0.06746380087875496 
0.6651510230594349 0.06746416975536669 
0.6703475154270867 0.06746404373527944 
0.6752192270217603 0.0674640024229092 
0.44722312439103606 0.06746813631745076 
0.4147450470932121 0.06747000256589596 
0.6567067229620006 0.06746456762664658 
0.4101981162715167 0.06747021674608666 
0.02890548879506333 0.09400491027920164 
0.3978564468983436 0.06747089523298445 
0.3936342968496265 0.06747125628494074 
0.13900617083468658 0.07470569873496014 
0.13510880155894772 0.07470616195135066 
0.15914257875933746 0.07470421012592342 
0.2822344917180903 0.07469745989249267 
0.19616758687885677 0.0747002870539204 
0.1325105553751218 0.07470689222617036 
0.16303994803507632 0.07470381898630406 
0.3851899967521923 0.06747189369765379 
0.38908736602793115 0.0674717624656246 
0.7814225397856447 0.06746338497911264 
0.08963949334199416 0.0747090776411864 
0.09288730107177655 0.0747082140497688 
0.3991555699902566 0.0674706628317252 
0.659954530691783 0.0674644315729618 
0.6619032153296525 0.0674643870002954 
0.38259175056836636 0.06747202688836992 
0.3264046768431309 0.07469584237496567 
0.1416044170185125 0.07470503668511902 
0.5030854173432933 0.06746530511390993 
0.02078596947060734 0.9638443573862048 
0.023059434881455017 0.963841390120127 
0.13478402078596946 0.07470664388355491 
0.024683338746346217 0.9638386206717878 
0.08801558947710296 0.07470937844269142 
0.3725235466060409 0.06988067634012424 
0.3920103929847353 0.067471380098921 
0.3903864891198441 0.06747163314939152 
0.04481974667099708 0.07472314393529386 
0.04774277362780124 0.07471995349560216 
0.04806755440077947 0.07471773895511027 
0.043520623579084115 0.07472692519715073 
0.04936667749269243 0.07471722543847446 
0.04514452744397532 0.07472180499666917 
0.046443650535888274 0.0747211679210332 
0.07275089314712568 0.0747131963079474 
0.07372523546606041 0.07471242405792973 
0.043845404352062356 0.07472611394460689 

0.02013640792465086 0.9541894670222195 
0.9516076648262423 0.0626420123026648 
0.029555050341019812 0.10846237548091246 
0.025332900292302694 0.9517593947951345 
0.6911334848976941 0.06264278282394882 
0.7827216628775576 0.0626427590722478 
0.5959727184150698 0.06264345746986763 
0.6557323806430659 0.06264321074911378 
0.12211757063981812 0.0626603041568973 
0.5443325755115297 0.0626445088114583 
0.5076323481649886 0.06264458120663448 
0.25657681065280935 0.06265159664394276 
0.8967197141929197 0.06264239832999464 
0.8671646638518999 0.06264244152698367 
0.2283208834037025 0.06265170890841276 
0.811627151672621 0.06264264251297427 
0.16433907112698928 0.06265318677800294 
0.19194543683013965 0.0626530535872868 
0.9243260798960702 0.06264233449302417 
0.09483598570964599 0.06266168317478601 
0.1487495940240338 0.06265772397576345 
0.835985709645989 0.06264250730421696 
0.8622929522572264 0.06264246332064531 
0.03312763884378045 0.0626774765586064 
0.4582656706722962 0.06264504039889462 
0.48294900941864244 0.06264488241708625 
0.08151997401753816 0.0626696263178251 
0.06008444300097434 0.06267116752468342 
0.052939265995453066 0.06267604365937642 
0.33679766157843455 0.06264921428745725 
0.38291653134134457 0.0626466250837167 
0.31796037674569666 0.06264929620708377 
0.29912309191295877 0.06264946295472591 
0.4017538161740825 0.06264651786256746 
0.6804157193894121 0.06264307995307143 
0.6622279961026307 0.0626431317551882 
0.20980837934394284 0.06265205512261747 
0.22767132185774602 0.06265182272135822 
0.4913933095160766 0.06264465473742122 
0.03150373497888925 0.06749631666897338 
0.03020461188697629 0.09400312750446604 
0.03117895420591101 0.0819551853627012 
0.5066580058460539 0.06264461782841303 
0.5680415719389412 0.06264387300993822 
0.8340370250081195 0.06264252949653577 
0.26859369925300425 0.06265035961657521 
0.5816823644040273 0.06264381110294813 
0.2822344917180903 0.06264998774945245 
0.8220201364079246 0.06264255182417362 
0.35043845404352064 0.06264822992351267 
0.361805781097759 0.06264788718950763 
0.9382916531341344 0.06264214960496851 
0.9490094186424164 0.06264210981371555 
0.4423514127963625 0.06264537236066922 
0.20168886001948685 0.06265292235525763 
0.3377720038973693 0.0626488185740071 
0.3462163039948035 0.06264844460305426 
0.38161740824943163 0.06264690224518259 
0.41117245859045143 0.06264591456490107 
0.6891848002598246 0.06264300350722922 
0.41994153946086393 0.06264586718200912 
0.43358233192594997 0.06264541543833597 
0.03085417343293277 0.08918428739409906 
0.4459240012991231 0.06264520362491245 
0.9253004222150049 0.06264229256089653 
0.4540435206235791 0.06264512134019153 
0.3741474504709321 0.06264719319577611 
0.36895095810328027 0.06264782079600931 
0.26144852224748294 0.0626508516160964 
0.43098408574212405 0.06264563642117175 
0.9324455992205262 0.06264225111920312 
0.4238389087366028 0.06264568177069282 
0.4900941864241637 0.06264472943075006 
0.2929522572263722 0.06264954781736522 
0.03247807729782397 0.06749558786677883 
0.40759987008769083 0.06264646500354294 
0.2838583955829815 0.06264989761702479 
0.2897044494965898 0.06264963369632358 
0.5631698603442676 0.06264403174581033 
0.5495290678791815 0.06264443752578679 
0.5833062682689185 0.06264371988310755 
0.8135758363104905 0.06264259689038745 
0.4852224748294901 0.0626448437115432 
0.5881779798635921 0.06264357207318076 
0.818447547905164 0.06264257428837196 
0.09126339720688535 0.06266355214961875 
0.5673920103929847 0.0626439995351735 
0.2072101331601169 0.06265229411682022 
0.5621955180253329 0.06264426400145474 
0.5920753491393309 0.06264354312493903 
0.5518025332900293 0.0626444022910751 
0.5556999025657681 0.06264436732430795 
0.6596297499188049 0.06264318424342573 
0.02078596947060734 0.951778134728897 
0.09191295875284183 0.06266197736526893 
0.1620656057161416 0.0626534592135587 
0.08769080870412471 0.06266388960340798 
0.42026632023384214 0.06264577366314343 
0.08216953556349464 0.06266821178550307 
0.056187073725235466 0.06267536303224219 
0.25820071451770055 0.06265116245552897 
0.34719064631373825 0.06264830070553544 
0.023059434881455017 0.951762470650524 
0.45696654758038324 0.06264508070367976 
0.5592724910685287 0.06264429818247409 
0.20331276388437805 0.06265253998855401 
0.08476778174732055 0.06266532378201227 
0.4319584280610588 0.06264545888262113 
0.20591101006820398 0.06265241617457376 
0.9509581032802858 0.06264203158388673 
0.6602793114647613 0.0626431579126927 
0.1555699902565768 0.06265634129496443 
0.15686911334848977 0.06265511859376201 
0.15069827866190322 0.06265751547627785 
0.15329652484572914 0.06265652833269578 
0.15914257875933746 0.06265463683821912 
0.4436505358882754 0.0626452872867835 
0.5579733679766158 0.06264433262244058 
0.025008119519324457 0.9517603782318916 
0.0581357583631049 0.06267227403217145 
0.40954855472556023 0.06264636075380017 
0.15102305943488145 0.06265710985000597 
0.15297174407275088 0.06265691251830609 
0.08606690483923352 0.06266495195792966 
0.16076648262422866 0.0626543284127128 
0.058460539136083144 0.06267171239579494 
0.0220850925625203 0.95176723941857 
0.08639168561221176 0.06266423518861385 

