891.0 5.071428571428571 
1438.0 4.027027027027027 
1041.0 4.1 
1028.0 5.04 
1329.0 4.0285714285714285 
1423.0 4.027777777777778 
1252.0 4.037037037037037 
1171.0 4.038461538461538 
1099.0 4.041666666666667 
1166.0 4.04 
1000.0 5.045454545454546 
946.0 5.05 
1053.0 4.0625 
1281.0 4.029411764705882 
926.0 5.066666666666666 
1082.0 4.0588235294117645 
1020.0 5.041666666666667 
940.0 5.0588235294117645 
1256.0 4.032258064516129 
1267.0 4.03125 
1090.0 4.052631578947368 
1273.0 4.03030303030303 
943.0 5.052631578947368 
1095.0 4.043478260869565 
1093.0 4.0476190476190474 
