1730.0 4.020833333333333 
980.0 4.1 
1028.0 4.071428571428571 
1572.0 4.0212765957446805 
1231.0 4.027027027027027 
1360.0 4.026315789473684 
1040.0 4.05 
1033.0 4.0625 
1036.0 4.0588235294117645 
1067.0 4.043478260869565 
1150.0 4.0285714285714285 
1225.0 4.027777777777778 
1073.0 4.035714285714286 
1479.0 4.022222222222222 
1543.0 4.021739130434782 
1466.0 4.023255813953488 
1410.0 4.025 
1056.0 4.0476190476190474 
1371.0 4.0256410256410255 
1110.0 4.03030303030303 
1134.0 4.029411764705882 
1098.0 4.032258064516129 
1078.0 4.0344827586206895 
1089.0 4.033333333333333 
