1006.0 4.111111111111111 
1776.0 4.021739130434782 
1092.0 4.071428571428571 
1762.0 4.0227272727272725 
1575.0 4.023255813953488 
1142.0 4.0476190476190474 
1315.0 4.0256410256410255 
1430.0 4.024390243902439 
1534.0 4.023809523809524 
1123.0 4.0625 
1124.0 4.055555555555555 
1100.0 4.066666666666666 
1192.0 4.041666666666667 
1198.0 4.037037037037037 
1167.0 4.045454545454546 
1296.0 4.029411764705882 
1239.0 4.032258064516129 
1270.0 4.03125 
1173.0 4.043478260869565 
1225.0 4.033333333333333 
1209.0 4.035714285714286 
1314.0 4.026315789473684 
1281.0 4.03030303030303 
