1008.0 3.090909090909091 
970.0 4.111111111111111 

974.0 4.1 
1742.0 4.027027027027027 
1009.0 4.090909090909091 
1013.0 4.071428571428571 
1404.0 4.032258064516129 
1562.0 4.029411764705882 
1618.0 4.0285714285714285 
1275.0 4.033333333333333 
1030.0 4.0625 
1153.0 4.043478260869565 
1074.0 4.0476190476190474 
1186.0 4.037037037037037 
1044.0 4.0588235294117645 
1253.0 4.0344827586206895 
1069.0 4.052631578947368 
1686.0 4.027777777777778 
1104.0 4.045454545454546 
1184.0 4.038461538461538 

1730.0 4.020833333333333 
980.0 4.1 
1028.0 4.071428571428571 
1572.0 4.0212765957446805 
1231.0 4.027027027027027 
1360.0 4.026315789473684 
1040.0 4.05 
1033.0 4.0625 
1036.0 4.0588235294117645 
1067.0 4.043478260869565 
1150.0 4.0285714285714285 
1225.0 4.027777777777778 
1073.0 4.035714285714286 
1479.0 4.022222222222222 
1543.0 4.021739130434782 
1466.0 4.023255813953488 
1410.0 4.025 
1056.0 4.0476190476190474 
1371.0 4.0256410256410255 
1110.0 4.03030303030303 
1134.0 4.029411764705882 
1098.0 4.032258064516129 
1078.0 4.0344827586206895 
1089.0 4.033333333333333 

957.0 4.090909090909091 

1006.0 4.111111111111111 
1776.0 4.021739130434782 
1092.0 4.071428571428571 
1762.0 4.0227272727272725 
1575.0 4.023255813953488 
1142.0 4.0476190476190474 
1315.0 4.0256410256410255 
1430.0 4.024390243902439 
1534.0 4.023809523809524 
1123.0 4.0625 
1124.0 4.055555555555555 
1100.0 4.066666666666666 
1192.0 4.041666666666667 
1198.0 4.037037037037037 
1167.0 4.045454545454546 
1296.0 4.029411764705882 
1239.0 4.032258064516129 
1270.0 4.03125 
1173.0 4.043478260869565 
1225.0 4.033333333333333 
1209.0 4.035714285714286 
1314.0 4.026315789473684 
1281.0 4.03030303030303 

934.0 4.1 

1022.0 4.090909090909091 
917.0 6.090909090909091 

1916.0 4.019230769230769 
1050.0 4.111111111111111 
1214.0 4.071428571428571 
1061.0 4.1 
1646.0 4.0212765957446805 
1860.0 4.019607843137255 
1228.0 4.0625 
1257.0 4.0588235294117645 
1529.0 4.025 
1270.0 4.05 
1449.0 4.0256410256410255 
1613.0 4.021739130434782 
1283.0 4.045454545454546 
1365.0 4.0285714285714285 
1327.0 4.043478260869565 
1340.0 4.035714285714286 
1355.0 4.03125 
1407.0 4.027777777777778 
1337.0 4.04 
1438.0 4.027027027027027 
1333.0 4.041666666666667 

975.0 3.1 
979.0 3.090909090909091 

891.0 5.071428571428571 
1438.0 4.027027027027027 
1041.0 4.1 
1028.0 5.04 
1329.0 4.0285714285714285 
1423.0 4.027777777777778 
1252.0 4.037037037037037 
1171.0 4.038461538461538 
1099.0 4.041666666666667 
1166.0 4.04 
1000.0 5.045454545454546 
946.0 5.05 
1053.0 4.0625 
1281.0 4.029411764705882 
926.0 5.066666666666666 
1082.0 4.0588235294117645 
1020.0 5.041666666666667 
940.0 5.0588235294117645 
1256.0 4.032258064516129 
1267.0 4.03125 
1090.0 4.052631578947368 
1273.0 4.03030303030303 
943.0 5.052631578947368 
1095.0 4.043478260869565 
1093.0 4.0476190476190474 

