0.22347266881028938 0.01765225066195933 
0.19292604501607716 0.26763240355473356 

0.19614147909967847 0.26490984743411916 
0.8135048231511254 0.24702927615548978 
0.22427652733118972 0.2626823015172529 
0.227491961414791 0.2579089888382537 
0.5418006430868167 0.24831103753747033 
0.6688102893890675 0.24761360855021616 
0.7138263665594855 0.2474077009444554 
0.43810289389067525 0.248574510710433 
0.24115755627009647 0.25572122052704577 
0.340032154340836 0.25106032282055923 
0.2765273311897106 0.2520749400083657 
0.3665594855305466 0.24948202941730452 
0.25241157556270094 0.25482037475184244 
0.4204180064308682 0.24885615444704826 
0.272508038585209 0.2533031608146579 
0.7684887459807074 0.24721323265012582 
0.30064308681672025 0.2515445719329215 
0.364951768488746 0.24983107507379346 

0.8038585209003215 0.24551163507474177 
0.20096463022508038 0.26490984743411916 
0.2395498392282958 0.2579089888382537 
0.6768488745980707 0.2456202476859365 
0.40273311897106107 0.24702927615548978 
0.5064308681672026 0.2468550015816239 
0.2491961414790997 0.2526583448913545 
0.24356913183279744 0.25572122052704577 
0.2459807073954984 0.25482037475184244 
0.2709003215434084 0.25106032282055923 
0.33762057877813506 0.2474077009444554 
0.3979099678456592 0.24721323265012582 
0.2757234726688103 0.2491579155934218 
0.6020900321543409 0.24585195458981862 
0.6535369774919614 0.24573358258457445 
0.5916398713826366 0.2461052156242944 
0.5466237942122186 0.24653259361997232 
0.2620578778135048 0.2520749400083657 
0.5152733118971061 0.2466896641653923 
0.3054662379421222 0.2478319954048109 
0.3247588424437299 0.24761360855021616 
0.2958199356913183 0.24831103753747033 
0.2797427652733119 0.24885615444704826 
0.28858520900321544 0.248574510710433 

0.182475884244373 0.2626823015172529 

0.22186495176848875 0.26763240355473356 
0.8408360128617364 0.24573358258457445 
0.2909967845659164 0.2579089888382537 
0.8295819935691319 0.24597570714075562 
0.6792604501607717 0.2461052156242944 
0.3311897106109325 0.2520749400083657 
0.4702572347266881 0.2466896641653923 
0.5627009646302251 0.24638318505237755 
0.6463022508038585 0.24624089117847783 
0.3159163987138264 0.25572122052704577 
0.3167202572347267 0.2540196229516617 
0.297427652733119 0.2567421790722761 
0.37138263665594856 0.2506164278008939 
0.3762057877813505 0.24948202941730452 
0.3512861736334405 0.2515445719329215 
0.454983922829582 0.24761360855021616 
0.4091639871382637 0.24831103753747033 
0.4340836012861736 0.24806403143781783 
0.35610932475884244 0.25106032282055923 
0.3979099678456592 0.248574510710433 
0.385048231511254 0.2491579155934218 
0.4694533762057878 0.2468550015816239 
0.4429260450160772 0.2478319954048109 

0.1639871382636656 0.26490984743411916 

0.2347266881028939 0.2626823015172529 
0.15032154340836013 0.7527424032278401 

0.9533762057877814 0.2451189587111917 
0.2572347266881029 0.26763240355473356 
0.3890675241157556 0.2579089888382537 
0.26607717041800644 0.26490984743411916 
0.7363344051446945 0.2456202476859365 
0.9083601286173634 0.24521135314967407 
0.4003215434083601 0.25572122052704577 
0.42363344051446944 0.25482037475184244 
0.6422829581993569 0.24653259361997232 
0.4340836012861736 0.2526583448913545 
0.5779742765273312 0.2466896641653923 
0.7098070739549839 0.24573358258457445 
0.4445337620578778 0.2515445719329215 
0.5104501607717041 0.2474077009444554 
0.47990353697749194 0.25106032282055923 
0.4903536977491961 0.2491579155934218 
0.502411575562701 0.24806403143781783 
0.5442122186495176 0.24721323265012582 
0.4879421221864952 0.25020804438280164 
0.5691318327974276 0.24702927615548978 
0.4847266881028939 0.2506164278008939 

0.19694533762057878 0.019879796578825677 
0.20016077170418006 0.01765225066195933 

0.12942122186495178 0.5029390396935473 
0.5691318327974276 0.24702927615548978 
0.25 0.26490984743411916 
0.2395498392282958 0.49523809523809526 
0.4815112540192926 0.2474077009444554 
0.5570739549839229 0.24721323265012582 
0.41961414790996787 0.24948202941730452 
0.3545016077170418 0.24983107507379346 
0.2966237942122186 0.2506164278008939 
0.3504823151125402 0.25020804438280164 
0.2170418006430868 0.4965746227882151 
0.17363344051446947 0.49768839574664814 
0.2596463022508039 0.25572122052704577 
0.4429260450160772 0.24761360855021616 
0.15755627009646303 0.5017722299275696 
0.2829581993569132 0.25482037475184244 
0.23311897106109325 0.4956464786561875 
0.16881028938906753 0.49985042560713605 
0.4228295819935691 0.24831103753747033 
0.4316720257234727 0.24806403143781783 
0.28938906752411575 0.2533031608146579 
0.4364951768488746 0.2478319954048109 
0.1712218649517685 0.49833321166995154 
0.2934083601286174 0.25106032282055923 
0.29180064308681675 0.2520749400083657 

