0.5185185185185185 0.3275844263141589 
0.4462962962962963 0.3289220676394073 
0.3888888888888889 0.32969121140142515 
0.28888888888888886 0.33254156769596194 
0.17962962962962964 0.33661350525958594 
0.17407407407407408 0.3383884524027041 
0.12777777777777777 0.34943256795988376 
0.13148148148148148 0.3458432304038004 
0.30185185185185187 0.330541317664708 
0.14814814814814814 0.3429064996760959 
0.1574074074074074 0.3404592240696753 
0.2388888888888889 0.3350752177355502 
0.1259259259259259 0.35391923990498814 
0.27037037037037037 0.333729216152019 
