0.12777777777777777 0.35391923990498814 
0.5185185185185185 0.3275844263141589 
0.14629629629629629 0.3458432304038004 
0.20185185185185187 0.3429064996760959 
0.4462962962962963 0.3289220676394073 
0.2351851851851852 0.3383884524027041 
0.3888888888888889 0.32969121140142515 
0.3388888888888889 0.330541317664708 
0.2740740740740741 0.3350752177355502 
0.22777777777777777 0.3404592240696753 
0.2537037037037037 0.33661350525958594 
0.3037037037037037 0.33254156769596194 
0.3111111111111111 0.33148588017946684 

0.14074074074074075 0.3458432304038004 
0.36666666666666664 0.330541317664708 
0.28888888888888886 0.33254156769596194 
0.2777777777777778 0.3350752177355502 
0.17962962962962964 0.33661350525958594 
0.17407407407407408 0.3383884524027041 

0.12777777777777777 0.34943256795988376 
0.7833333333333333 0.3275844263141589 
0.23148148148148148 0.33661350525958594 
0.5814814814814815 0.333729216152019 
0.13703703703703704 0.3458432304038004 
0.7518518518518519 0.330541317664708 
0.20925925925925926 0.3404592240696753 
0.65 0.33148588017946684 
0.18888888888888888 0.3429064996760959 
0.5851851851851851 0.33254156769596194 
0.774074074074074 0.3289220676394073 
0.7777777777777778 0.328222846037573 

0.48703703703703705 0.330541317664708 
0.13148148148148148 0.3458432304038004 
0.3296296296296296 0.33254156769596194 
0.4722222222222222 0.33148588017946684 
0.18888888888888888 0.3429064996760959 
0.24814814814814815 0.3383884524027041 
0.3055555555555556 0.33661350525958594 
0.23148148148148148 0.3404592240696753 
0.31666666666666665 0.3350752177355502 

0.2462962962962963 0.3404592240696753 
0.12962962962962962 0.35391923990498814 
0.13333333333333333 0.34943256795988376 
0.18518518518518517 0.3458432304038004 
0.22037037037037038 0.3429064996760959 

0.30185185185185187 0.330541317664708 
0.14814814814814814 0.3429064996760959 
0.1574074074074074 0.3404592240696753 
0.1814814814814815 0.3383884524027041 
0.2388888888888889 0.3350752177355502 

0.15555555555555556 0.35391923990498814 
0.32407407407407407 0.33254156769596194 
0.2851851851851852 0.33661350525958594 
0.1925925925925926 0.3383884524027041 
0.17407407407407408 0.3404592240696753 
0.16296296296296298 0.34943256795988376 
0.31296296296296294 0.3350752177355502 

0.1259259259259259 0.35391923990498814 
0.26481481481481484 0.33661350525958594 
0.19074074074074074 0.3404592240696753 
0.2537037037037037 0.3383884524027041 
0.15185185185185185 0.3458432304038004 
0.12962962962962962 0.34943256795988376 

0.13518518518518519 0.34943256795988376 
0.4685185185185185 0.330541317664708 
0.19074074074074074 0.3429064996760959 
0.27037037037037037 0.333729216152019 
0.37222222222222223 0.33254156769596194 
0.1388888888888889 0.3458432304038004 
0.20555555555555555 0.3404592240696753 
0.4111111111111111 0.33148588017946684 
0.25 0.3383884524027041 
0.2537037037037037 0.33661350525958594 

0.15555555555555556 0.34943256795988376 
0.35 0.330541317664708 
0.16111111111111112 0.3404592240696753 
0.25 0.3383884524027041 
0.25555555555555554 0.33661350525958594 
0.3388888888888889 0.33148588017946684 

