0.09042553191489362 0.5005536806580889 
0.1595744680851064 0.49894348690752416 
0.11702127659574468 0.5002269746797133 
0.22872340425531915 0.49804893482387697 
0.19680851063829788 0.49837212783474305 
0.2872340425531915 0.49750736815702 
0.06382978723404255 0.5027637505118056 
0.1702127659574468 0.4985498839907192 
0.4734042553191489 0.49663320891758306 
0.35106382978723405 0.4970714730349158 
0.425531914893617 0.4967965619067708 
0.7180851063829787 0.4964131824423506 
0.4787234042553192 0.49648346867749427 
0.42021276595744683 0.49688393676145254 
0.2765957446808511 0.4976314771848416 
0.0851063829787234 0.5022235112142304 
0.26595744680851063 0.497901596833629 
0.32978723404255317 0.4971722737819026 
0.2925531914893617 0.4972782437979653 
