0.7659574468085106 0.4967965619067708 
0.06382978723404255 0.5033715197215777 
0.2127659574468085 0.49894348690752416 
0.5053191489361702 0.4985498839907192 
0.09042553191489362 0.5013051044083527 
0.14893617021276595 0.5002269746797133 
0.09574468085106383 0.5005536806580889 
0.7393617021276596 0.49697547232350014 
0.648936170212766 0.4971722737819026 
0.5638297872340425 0.497901596833629 
0.5212765957446809 0.49820548143851506 
0.5691489361702128 0.49738979118329474 
0.5904255319148937 0.4972782437979653 

0.06382978723404255 0.5040603248259861 
0.4787234042553192 0.4972782437979653 
0.09042553191489362 0.5005536806580889 
0.324468085106383 0.49738979118329474 
0.1595744680851064 0.49894348690752416 
0.11702127659574468 0.5002269746797133 
0.22872340425531915 0.49804893482387697 
0.30319148936170215 0.4976314771848416 
0.19680851063829788 0.49837212783474305 

0.06382978723404255 0.5040603248259861 
0.8297872340425532 0.49663320891758306 
0.09042553191489362 0.5009115014915478 
0.2872340425531915 0.49750736815702 
0.526595744680851 0.49738979118329474 
0.1702127659574468 0.49894348690752416 
0.7606382978723404 0.4971722737819026 
0.574468085106383 0.4972782437979653 
0.09574468085106383 0.5005536806580889 
0.2393617021276596 0.4985498839907192 
0.26063829787234044 0.49837212783474305 
0.7819148936170213 0.49697547232350014 
0.28191489361702127 0.497901596833629 

0.06382978723404255 0.5027637505118056 
0.648936170212766 0.49655674581626097 
0.1702127659574468 0.4985498839907192 
0.09042553191489362 0.5009115014915478 
0.4734042553191489 0.49663320891758306 
0.2765957446808511 0.49820548143851506 
0.13297872340425532 0.5002269746797133 
0.2978723404255319 0.49738979118329474 
0.35106382978723405 0.4970714730349158 
0.425531914893617 0.4967965619067708 
0.12234042553191489 0.5005536806580889 

0.10638297872340426 0.9993111948955917 
0.4095744680851064 0.4970714730349158 
0.1276595744680851 0.5009115014915478 
0.21808510638297873 0.5005536806580889 
0.3617021276595745 0.4977626781571097 
0.30851063829787234 0.49804893482387697 
0.2553191489361702 0.49894348690752416 
0.28191489361702127 0.49873989919193545 

0.06382978723404255 0.5027637505118056 
0.7180851063829787 0.4964131824423506 
0.4787234042553192 0.49648346867749427 
0.09042553191489362 0.5005536806580889 
0.14893617021276595 0.5002269746797133 
0.19148936170212766 0.49873989919193545 
0.44680851063829785 0.49697547232350014 
0.3617021276595745 0.4970714730349158 
0.2978723404255319 0.49738979118329474 
0.35638297872340424 0.4972782437979653 
0.25 0.49820548143851506 
0.2872340425531915 0.4977626781571097 
0.21808510638297873 0.49837212783474305 

0.11702127659574468 0.5005536806580889 
0.35106382978723405 0.49738979118329474 
0.20212765957446807 0.49894348690752416 
0.2765957446808511 0.4985498839907192 
0.31382978723404253 0.4976314771848416 
0.25 0.49873989919193545 
0.324468085106383 0.49750736815702 

0.1276595744680851 0.5013051044083527 
0.5691489361702128 0.49663320891758306 
0.18085106382978725 0.49894348690752416 
0.14361702127659576 0.5009115014915478 
0.42021276595744683 0.49688393676145254 
0.2765957446808511 0.4976314771848416 
0.21808510638297873 0.49873989919193545 
0.3617021276595745 0.4971722737819026 
0.324468085106383 0.49738979118329474 

0.06382978723404255 0.5027637505118056 
0.30319148936170215 0.4972782437979653 
0.17553191489361702 0.5002269746797133 
0.19148936170212766 0.49873989919193545 
0.11170212765957446 0.5005536806580889 
0.0851063829787234 0.5022235112142304 
0.09042553191489362 0.5009115014915478 
0.26595744680851063 0.497901596833629 
0.23404255319148937 0.4985498839907192 
0.2553191489361702 0.49837212783474305 

0.06382978723404255 0.5040603248259861 
0.32978723404255317 0.4971722737819026 
0.09042553191489362 0.5005536806580889 
0.16489361702127658 0.49894348690752416 
0.24468085106382978 0.49820548143851506 
0.19148936170212766 0.4985498839907192 
0.28191489361702127 0.4977626781571097 
0.2925531914893617 0.4972782437979653 

