255.0 14.022727272727273 
123.0 14.0625 
151.0 14.035714285714286 
206.0 14.033333333333333 
128.0 14.05 
139.0 14.043478260869565 
129.0 14.045454545454545 
250.0 14.023809523809524 
233.0 14.025 
217.0 14.029411764705882 
209.0 14.03125 
218.0 14.026315789473685 
222.0 14.025641025641026 

123.0 14.066666666666666 
201.0 14.025641025641026 
128.0 14.045454545454545 
172.0 14.026315789473685 
141.0 14.035714285714286 
133.0 14.043478260869565 
154.0 14.030303030303031 
168.0 14.027777777777779 
148.0 14.03225806451613 

123.0 14.066666666666666 
267.0 14.021739130434783 
128.0 14.047619047619047 
165.0 14.027027027027026 
210.0 14.026315789473685 
143.0 14.035714285714286 
254.0 14.025 
219.0 14.025641025641026 
129.0 14.045454545454545 
156.0 14.033333333333333 
160.0 14.03225806451613 
258.0 14.023809523809524 
164.0 14.029411764705882 

123.0 14.058823529411764 
233.0 14.02127659574468 
143.0 14.033333333333333 
128.0 14.047619047619047 
200.0 14.021739130434783 
163.0 14.03125 
136.0 14.043478260869565 
167.0 14.026315789473685 
177.0 14.024390243902438 
191.0 14.022727272727273 
134.0 14.045454545454545 

131.0 17.0625 
188.0 14.024390243902438 
135.0 14.047619047619047 
152.0 14.045454545454545 
179.0 14.028571428571428 
169.0 14.030303030303031 
159.0 14.035714285714286 
164.0 14.03448275862069 

123.0 14.058823529411764 
246.0 14.020408163265307 
201.0 14.020833333333334 
128.0 14.045454545454545 
139.0 14.043478260869565 
147.0 14.03448275862069 
195.0 14.023809523809524 
179.0 14.024390243902438 
167.0 14.026315789473685 
178.0 14.025641025641026 
158.0 14.03125 
165.0 14.028571428571428 
152.0 14.03225806451613 

133.0 14.045454545454545 
177.0 14.026315789473685 
149.0 14.035714285714286 
163.0 14.033333333333333 
170.0 14.027777777777779 
158.0 14.03448275862069 
172.0 14.027027027027026 

135.0 14.05 
218.0 14.021739130434783 
145.0 14.035714285714286 
138.0 14.047619047619047 
190.0 14.023255813953488 
163.0 14.027777777777779 
152.0 14.03448275862069 
179.0 14.025 
172.0 14.026315789473685 

123.0 14.058823529411764 
168.0 14.025641025641026 
144.0 14.043478260869565 
147.0 14.03448275862069 
132.0 14.045454545454545 
127.0 14.055555555555555 
128.0 14.047619047619047 
161.0 14.029411764705882 
155.0 14.033333333333333 
159.0 14.03225806451613 

123.0 14.066666666666666 
173.0 14.025 
128.0 14.045454545454545 
142.0 14.035714285714286 
157.0 14.03125 
147.0 14.033333333333333 
164.0 14.028571428571428 
166.0 14.025641025641026 

