0.0 0.006824075337791613 
0.3829787234042553 8.568867327568268E-4 
0.3404255319148936 0.0010357971494861483 
0.026595744680851064 0.004971826317533864 
0.06382978723404255 0.00428729950569939 
0.010638297872340425 0.006283836040216436 
0.047872340425531915 0.004614005484074928 
0.2127659574468085 0.0015676929830060068 
0.15425531914893617 0.002109259649862958 
0.3617021276595745 9.442615874385475E-4 
0.09574468085106383 0.002610208816705235 
0.18085106382978725 0.001691802010827581 
0.2765957446808511 0.0012325986078886076 
