111.0 11.058823529411764 
183.0 11.022727272727273 
155.0 11.027027027027026 
137.0 11.035714285714286 
147.0 11.03448275862069 
175.0 11.023809523809524 
116.0 11.047619047619047 
123.0 11.043478260869565 
113.0 11.055555555555555 
120.0 11.045454545454545 

114.0 11.058823529411764 
218.0 11.025641025641026 
162.0 11.027027027027026 
208.0 11.026315789473685 
131.0 11.03448275862069 
119.0 11.047619047619047 
124.0 11.043478260869565 
145.0 11.033333333333333 
159.0 11.029411764705882 

111.0 11.066666666666666 
220.0 11.022727272727273 
151.0 11.027027027027026 
208.0 11.025641025641026 
116.0 11.047619047619047 
127.0 11.043478260869565 
134.0 11.033333333333333 
142.0 11.03125 
141.0 11.03225806451613 

121.0 14.0625 
237.0 14.025641025641026 
139.0 14.037037037037036 
228.0 14.027027027027026 
182.0 14.028571428571428 
126.0 14.05 
171.0 14.029411764705882 
133.0 14.045454545454545 
127.0 14.047619047619047 

123.0 14.066666666666666 
223.0 14.03125 
128.0 14.047619047619047 
215.0 14.03448275862069 
172.0 14.035714285714286 
136.0 14.045454545454545 
166.0 14.037037037037036 

115.0 11.058823529411764 
202.0 11.023255813953488 
120.0 11.047619047619047 
194.0 11.026315789473685 
129.0 11.037037037037036 
176.0 11.027027027027026 
124.0 11.043478260869565 
136.0 11.03448275862069 
154.0 11.029411764705882 
168.0 11.027777777777779 
147.0 11.03125 
150.0 11.030303030303031 

123.0 14.058823529411764 
213.0 11.025 
133.0 14.045454545454545 
135.0 11.047619047619047 
168.0 11.028571428571428 
196.0 11.027777777777779 
152.0 11.029411764705882 
197.0 11.027027027027026 
145.0 11.030303030303031 
128.0 14.047619047619047 
140.0 11.037037037037036 

121.0 11.066666666666666 
140.0 11.030303030303031 
126.0 11.047619047619047 
125.0 11.0625 
133.0 11.03448275862069 
131.0 11.043478260869565 

131.0 14.066666666666666 
210.0 14.030303030303031 
136.0 14.05 
174.0 14.03448275862069 
150.0 14.043478260869565 
133.0 14.0625 
172.0 14.035714285714286 
148.0 14.047619047619047 

123.0 11.0625 
179.0 11.023255813953488 
129.0 11.033333333333333 
145.0 11.027777777777779 
128.0 11.047619047619047 
163.0 11.025 
126.0 11.055555555555555 
125.0 11.058823529411764 

