0.0 0.006824075337791613 
0.3829787234042553 8.568867327568268E-4 
0.23404255319148937 0.0015676929830060068 
0.13829787234042554 0.003003811733510153 
0.19148936170212766 0.002800224017921473 
0.3404255319148936 0.0010357971494861483 
0.026595744680851064 0.004971826317533864 
0.06382978723404255 0.00428729950569939 
0.010638297872340425 0.006283836040216436 
0.047872340425531915 0.004614005484074928 

0.015957446808510637 0.006824075337791613 
0.5691489361702128 0.0013385686239513572 
0.2712765957446808 0.0015676929830060068 
0.5159574468085106 0.0014501160092807838 
0.10638297872340426 0.002800224017921473 
0.0425531914893617 0.004971826317533864 
0.06914893617021277 0.00428729950569939 
0.18085106382978725 0.002610208816705235 
0.2553191489361702 0.0019619216596150225 

0.0 0.008120649651972038 
0.5797872340425532 8.568867327568268E-4 
0.2127659574468085 0.0015676929830060068 
0.5159574468085106 0.0013385686239513572 
0.026595744680851064 0.004971826317533864 
0.0851063829787234 0.00428729950569939 
0.12234042553191489 0.002610208816705235 
0.16489361702127658 0.002265806264501078 
0.1595744680851064 0.0024324526607290473 

0.05319148936170213 0.5033715197215777 
0.6702127659574468 0.4972782437979653 
0.14893617021276595 0.49916215519463764 
0.6223404255319149 0.49750736815702 
0.3776595744680851 0.4977626781571097 
0.0797872340425532 0.5013051044083527 
0.3191489361702128 0.497901596833629 
0.11702127659574468 0.5005536806580889 
0.0851063829787234 0.5009115014915478 

0.06382978723404255 0.5040603248259861 
0.5957446808510638 0.49820548143851506 
0.09042553191489362 0.5009115014915478 
0.5531914893617021 0.49873989919193545 
0.324468085106383 0.49894348690752416 
0.13297872340425532 0.5005536806580889 
0.2925531914893617 0.49916215519463764 

0.02127659574468085 0.006824075337791613 
0.48404255319148937 9.442615874385475E-4 
0.047872340425531915 0.004971826317533864 
0.44148936170212766 0.0014501160092807838 
0.09574468085106383 0.0032224800206236705 
0.34574468085106386 0.0015676929830060068 
0.06914893617021277 0.00428729950569939 
0.13297872340425532 0.002800224017921473 
0.22872340425531915 0.0019619216596150225 
0.30319148936170215 0.001691802010827581 
0.19148936170212766 0.002265806264501078 
0.2074468085106383 0.002109259649862958 

0.06382978723404255 0.5027637505118056 
0.5425531914893617 0.0012325986078886076 
0.11702127659574468 0.5005536806580889 
0.1276595744680851 0.004971826317533864 
0.30319148936170215 0.0018230029830956914 
0.4521276595744681 0.001691802010827581 
0.21808510638297873 0.0019619216596150225 
0.4574468085106383 0.0015676929830060068 
0.18085106382978725 0.002109259649862958 
0.09042553191489362 0.5009115014915478 
0.15425531914893617 0.0032224800206236705 

0.05319148936170213 0.008120649651972038 
0.15425531914893617 0.002109259649862958 
0.0797872340425532 0.004971826317533864 
0.07446808510638298 0.0074318445475637235 
0.11702127659574468 0.002800224017921473 
0.10638297872340426 0.00428729950569939 

0.10638297872340426 0.5040603248259861 
0.526595744680851 0.49804893482387697 
0.13297872340425532 0.5013051044083527 
0.3351063829787234 0.49873989919193545 
0.2074468085106383 0.5002269746797133 
0.11702127659574468 0.5033715197215777 
0.324468085106383 0.49894348690752416 
0.19680851063829788 0.5009115014915478 

0.06382978723404255 0.0074318445475637235 
0.3617021276595745 9.442615874385475E-4 
0.09574468085106383 0.002610208816705235 
0.18085106382978725 0.001691802010827581 
0.09042553191489362 0.004971826317533864 
0.2765957446808511 0.0012325986078886076 
0.0797872340425532 0.006283836040216436 
0.07446808510638298 0.006824075337791613 

