1463.0 109.02325581395348 
1558.0 97.01851851851852 
1465.0 108.02127659574468 
1517.0 97.01886792452831 
1467.0 103.02173913043478 
1468.0 102.0204081632653 
1469.0 99.02127659574468 
1475.0 97.02 
1498.0 97.01923076923077 
1470.0 97.0204081632653 

1489.0 95.0204081632653 
1468.0 99.0204081632653 
1482.0 95.02083333333333 

1464.0 116.02439024390245 
1521.0 97.01960784313725 
1485.0 97.0204081632653 
1517.0 97.02 
1468.0 110.02272727272727 
1472.0 110.02222222222223 
1474.0 105.02173913043478 
1478.0 103.02173913043478 
1480.0 99.02173913043478 
1482.0 97.02083333333333 
1481.0 99.02127659574468 

1577.0 99.01923076923077 
1461.0 111.02439024390245 
1466.0 105.02272727272727 
1472.0 100.02127659574468 
1483.0 99.02083333333333 
1542.0 99.02 
1468.0 103.02272727272727 
1513.0 99.0204081632653 

1460.0 103.02272727272727 
1520.0 95.01639344262296 
1463.0 101.0204081632653 
1465.0 97.02 
1518.0 95.01785714285714 
1487.0 95.01818181818182 
1467.0 95.01923076923077 
1477.0 95.01851851851852 
1474.0 95.01886792452831 

1459.0 109.02439024390245 
1606.0 97.01923076923077 
1462.0 103.02272727272727 
1466.0 97.02173913043478 
1534.0 97.01960784313725 
1492.0 97.02083333333333 
1473.0 97.02127659574468 

1487.0 97.0204081632653 
1473.0 116.02439024390245 
1483.0 97.02083333333333 
1480.0 107.02325581395348 
1481.0 101.02173913043478 
1476.0 111.02439024390245 
1478.0 109.02325581395348 

1459.0 114.02325581395348 
1549.0 97.0204081632653 
1479.0 98.02173913043478 
1468.0 100.02222222222223 
1517.0 97.02173913043478 
1466.0 106.02173913043478 
1521.0 97.02127659574468 
1541.0 97.02083333333333 
1477.0 100.02173913043478 
1464.0 108.02173913043478 
1461.0 112.02325581395348 
1462.0 110.02272727272727 

1463.0 116.02439024390245 
1529.0 95.01886792452831 
1481.0 95.01923076923077 
1470.0 102.02173913043478 
1465.0 114.02439024390245 
1466.0 108.02272727272727 
1468.0 108.02222222222223 
1474.0 100.01923076923077 
1479.0 97.02 

1523.0 97.01886792452831 
1474.0 109.02325581395348 
1496.0 97.01923076923077 
1476.0 105.02325581395348 
1478.0 103.02127659574468 
1480.0 99.02173913043478 
1482.0 97.02083333333333 
1486.0 97.0204081632653 
1492.0 97.01960784313725 

