0.01096147823363608 0.5266464356779803 
0.04071406201064829 0.21082327755858288 
0.011587848418415283 0.5002861552922493 
0.0278734732226746 0.21083246980550688 
0.012214218603194488 0.3687572702719286 
0.01252740369558409 0.342414044211124 
0.012840588787973693 0.2635122590275256 
0.014719699342311305 0.2108622526855399 
0.02192295646727216 0.2108420156003893 
0.013153773880363295 0.21087299073072197 

0.019104290635765738 0.15825656933856114 
0.01252740369558409 0.2634894121228828 
0.01691199498903852 0.15826775480229247 

0.011274663326025681 0.7108337553726605 
0.02912621359223301 0.2108519357401689 
0.017851550266207328 0.21087299073072197 
0.0278734732226746 0.2108622526855399 
0.01252740369558409 0.5529407414001198 
0.013780144065142498 0.5529274544250211 
0.014406514249921704 0.42137369166408944 
0.015659254619480114 0.3687572702719286 
0.016285624804259317 0.263524427487607 
0.01691199498903852 0.2108841761944533 
0.01659880989664892 0.2635122590275256 

0.046664578766050735 0.2634584369925501 
0.010335108048856874 0.5792927018922583 
0.011901033510804886 0.4213996879197178 
0.013780144065142498 0.289820469723606 
0.017225180081428124 0.2635005975866141 
0.035703100532414656 0.2634786740777007 
0.01252740369558409 0.36878326652755705 
0.026620732853116193 0.2634894121228828 

0.010021922956467273 0.36878326652755705 
0.028813028499843407 0.15815094922201642 
0.01096147823363608 0.31610583351504357 
0.011587848418415283 0.2108622526855399 
0.028186658315064204 0.1581894565561732 
0.018477920450986535 0.15819799818302263 
0.012214218603194488 0.1582255942082285 
0.01534606952709051 0.15820685616642205 
0.014406514249921704 0.15821604841334608 

0.009708737864077669 0.5266762805000976 
0.0557469464453492 0.2108420156003893 
0.010648293141246476 0.36878326652755705 
0.011901033510804886 0.21090800609544622 
0.03319761979329784 0.2108519357401689 
0.020043845912934545 0.2108841761944533 
0.014093329157532102 0.2108958376353648 

0.018477920450986535 0.21087299073072197 
0.014093329157532102 0.7108337553726605 
0.017225180081428124 0.2108841761944533 
0.016285624804259317 0.47403001428581953 
0.01659880989664892 0.31614084887976784 
0.015032884434700909 0.5792927018922583 
0.015659254619480114 0.5266464356779803 

0.009708737864077669 0.6581874891583823 
0.03789539617914187 0.21087299073072197 
0.015972439711869714 0.2372162167915266 
0.01252740369558409 0.28984534746421703 
0.0278734732226746 0.21090800609544622 
0.011901033510804886 0.44768190236016986 
0.02912621359223301 0.2108958376353648 
0.03538991544002505 0.2108841761944533 
0.01534606952709051 0.28983263818368743 
0.011274663326025681 0.5002983237523306 
0.010335108048856874 0.6055710677662216 
0.010648293141246476 0.5529407414001198 

0.01096147823363608 0.7108337553726605 
0.031631694331349824 0.15821604841334608 
0.01659880989664892 0.1582255942082285 
0.013153773880363295 0.34244905957584826 
0.011587848418415283 0.6582173339804996 
0.011901033510804886 0.500324320007959 
0.01252740369558409 0.5003110330328603 
0.014406514249921704 0.28976664768863053 
0.015972439711869714 0.2108622526855399 

0.029752583777012214 0.21083246980550688 
0.014406514249921704 0.5266464356779803 
0.021296586282492952 0.2108420156003893 
0.015032884434700909 0.4214135928936587 
0.015659254619480114 0.3687451018118472 
0.016285624804259317 0.263524427487607 
0.01691199498903852 0.2108841761944533 
0.01816473535859693 0.21087299073072197 
0.020043845912934545 0.2108519357401689 

