641.0 4.125 
1019.0 4.03030303030303 
833.0 4.035714285714286 
990.0 4.0344827586206895 
643.0 4.111111111111111 
674.0 4.083333333333333 
770.0 4.037037037037037 
686.0 4.071428571428571 
732.0 4.043478260869565 
676.0 4.076923076923077 
760.0 4.041666666666667 
701.0 4.066666666666666 
711.0 4.052631578947368 
709.0 4.0588235294117645 
707.0 4.0625 
722.0 4.045454545454546 
1003.0 4.033333333333333 
1007.0 4.032258064516129 
716.0 4.05 
718.0 4.0476190476190474 
764.0 4.04 
768.0 4.038461538461538 
