0.03512014787430684 0.017937219730941784 
0.7060998151571165 0.0 
0.600739371534196 0.0014465499783017728 
0.4399260628465804 0.001793721973094164 
0.26062846580406657 0.0057072971871178334 
0.1423290203327172 0.006406149903907728 
0.3179297597042514 0.0025624599615630913 
0.04436229205175601 0.015867540531217746 
0.4121996303142329 0.0021648368640791536 
0.09426987060998152 0.014093529788597146 
0.13123844731977818 0.007174887892376656 
0.2902033271719039 0.003946188340807218 
0.12384473197781885 0.00896860986547082 
0.266173752310536 0.00448430493273541 
0.6081330868761553 8.153281695882825E-4 
0.10536044362292052 0.011210762331838597 
0.10166358595194085 0.012556053811659291 
0.12014787430683918 0.010023740437879151 
0.6506469500924215 5.275652862041659E-4 
0.6635859519408502 2.5624599615630913E-4 
