0.03512014787430684 0.017937219730941784 
0.7060998151571165 0.0 
0.600739371534196 0.0014465499783017728 
0.4399260628465804 0.001793721973094164 
0.26062846580406657 0.0057072971871178334 
0.1423290203327172 0.006406149903907728 
0.3179297597042514 0.0025624599615630913 
0.04436229205175601 0.015867540531217746 
0.4121996303142329 0.0021648368640791536 
0.09426987060998152 0.014093529788597146 
0.13123844731977818 0.007174887892376656 
0.2902033271719039 0.003946188340807218 
0.12384473197781885 0.00896860986547082 
0.266173752310536 0.00448430493273541 
0.6081330868761553 8.153281695882825E-4 
0.10536044362292052 0.011210762331838597 
0.10166358595194085 0.012556053811659291 
0.12014787430683918 0.010023740437879151 
0.6506469500924215 5.275652862041659E-4 
0.6635859519408502 2.5624599615630913E-4 

0.12014787430683918 0.3461883408071748 
0.6377079482439926 0.3239910313901346 
0.20517560073937152 0.33873749568816824 
0.47504621072088726 0.32431650513525245 
0.2532347504621072 0.3369634849455477 
0.2754158964879852 0.33289369559482984 
0.2643253234750462 0.3354260089686098 
0.37153419593345655 0.32793916942873863 
0.29390018484288355 0.3318385650224215 
0.3290203327171904 0.32857725234406865 
0.31053604436229204 0.3300448430493273 
0.3844731977818854 0.3268161434977579 
0.40850277264325324 0.3258594917787744 
0.43253234750462105 0.32543241511851373 
0.4510166358595194 0.32466367713004485 
0.4048059149722736 0.32631942048982404 
0.32162661737523107 0.3292761050608584 
0.44731977818853974 0.3250347920210298 

0.07948243992606285 0.34977578475336313 
0.3789279112754159 0.32543241511851373 
0.08502772643253234 0.33873749568816824 
0.11829944547134935 0.3369634849455477 
0.14048059149722736 0.3300448430493273 
0.2255083179297597 0.3292761050608584 
0.1367837338262477 0.3308945008260561 
0.2532347504621072 0.32793916942873863 
0.3234750462107209 0.3273542600896862 
0.2365988909426987 0.32857725234406865 
0.3419593345656192 0.3268161434977579 
0.36229205175600737 0.3258594917787744 
0.34750462107208874 0.32631942048982404 

0.7356746765249538 0.32339752044315484 
0.10351201478743069 0.3461883408071748 
0.4454713493530499 0.3239910313901346 
0.6432532347504621 0.32368528332653895 
0.11275415896487985 0.3408071748878923 
0.12384473197781885 0.33873749568816824 
0.15157116451016636 0.3354260089686098 
0.34011090573012936 0.32466367713004485 
0.4214417744916821 0.32431650513525245 
0.16266173752310537 0.33408071748878926 
0.2513863216266174 0.32631942048982404 
0.17929759704251386 0.3318385650224215 
0.33271719038817005 0.32543241511851373 
0.2902033271719039 0.3258594917787744 
0.18299445471349354 0.3300448430493273 
0.2033271719038817 0.32857725234406865 
0.22735674676524953 0.32793916942873863 
0.18484288354898337 0.3292761050608584 
0.23844731977818853 0.3273542600896862 

0.38817005545286504 0.32543241511851373 
0.09426987060998152 0.33873749568816824 
0.10720887245841035 0.33289369559482984 
0.2144177449168207 0.3292761050608584 
0.31608133086876156 0.32857725234406865 
0.17005545286506468 0.3318385650224215 
0.19963031423290203 0.3308945008260561 
0.33826247689463956 0.32631942048982404 
0.37153419593345655 0.3258594917787744 
0.33271719038817005 0.32793916942873863 
0.2088724584103512 0.3300448430493273 
0.3345656192236599 0.3273542600896862 
0.3364140480591497 0.3268161434977579 

0.07763401109057301 0.9919282511210761 
0.8151571164510166 0.32368528332653895 
0.12754158964879853 0.3408071748878923 
0.08133086876155268 0.9889930697105584 
0.29390018484288355 0.32543241511851373 
0.5619223659889094 0.3250347920210298 
0.5730129390018485 0.32466367713004485 
0.6913123844731978 0.32431650513525245 
0.8096118299445472 0.3239910313901346 
0.15157116451016636 0.3369634849455477 
0.19408502772643252 0.3354260089686098 
0.22920517560073936 0.32857725234406865 
0.2643253234750462 0.32793916942873863 
0.27911275415896486 0.3273542600896862 
0.22365988909426987 0.3300448430493273 
0.21256931608133087 0.3308945008260561 
0.20147874306839186 0.33408071748878926 
0.20517560073937152 0.3318385650224215 
0.28650646950092423 0.3258594917787744 
0.2828096118299446 0.32631942048982404 
0.2033271719038817 0.33289369559482984 

0.08687615526802218 0.3542600896860987 
0.7855822550831792 0.32368528332653895 
0.4417744916820702 0.32543241511851373 
0.7319778188539742 0.3250347920210298 
0.09057301293900184 0.34977578475336313 
0.1478743068391867 0.3408071748878923 
0.32532347504621073 0.3258594917787744 
0.17005545286506468 0.3369634849455477 
0.25508317929759705 0.32793916942873863 
0.15157116451016636 0.33873749568816824 
0.3068391866913124 0.3273542600896862 
0.1977818853974122 0.3354260089686098 
0.21626617375231053 0.3308945008260561 
0.21256931608133087 0.33289369559482984 
0.2088724584103512 0.33408071748878926 
0.2365988909426987 0.32857725234406865 
0.756007393715342 0.32466367713004485 
0.7634011090573013 0.32431650513525245 
0.2255083179297597 0.3300448430493273 
0.22920517560073936 0.3292761050608584 
0.3142329020332717 0.3268161434977579 
0.32162661737523107 0.32631942048982404 

0.12014787430683918 0.012556053811659291 
0.06099815157116451 0.026905829596412602 
0.08502772643253234 0.015867540531217746 
0.11275415896487985 0.014093529788597146 

0.14048059149722736 0.3408071748878923 
0.7634011090573013 0.32339752044315484 
0.1645101663585952 0.3318385650224215 
0.5009242144177449 0.32466367713004485 
0.6654343807763401 0.32431650513525245 
0.33271719038817005 0.32543241511851373 
0.48428835489833644 0.3250347920210298 
0.6894639556377079 0.3239910313901346 
0.2532347504621072 0.32857725234406865 
0.18114602587800369 0.3308945008260561 
0.23105360443622922 0.3292761050608584 
0.3123844731977819 0.32793916942873863 
0.3142329020332717 0.3273542600896862 
0.3197781885397412 0.3268161434977579 
0.32717190388170053 0.3258594917787744 
0.3234750462107209 0.32631942048982404 

0.6765249537892791 0.32339752044315484 
0.11275415896487985 0.3408071748878923 
0.5286506469500925 0.3239910313901346 
0.3789279112754159 0.32466367713004485 
0.5249537892791127 0.32431650513525245 
0.1423290203327172 0.3369634849455477 
0.17929759704251386 0.32793916942873863 
0.16266173752310537 0.33289369559482984 
0.23844731977818853 0.3258594917787744 
0.3290203327171904 0.32543241511851373 
0.16635859519408502 0.3308945008260561 
0.13493530499075784 0.33873749568816824 
0.2199630314232902 0.3268161434977579 
0.37153419593345655 0.3250347920210298 
0.22735674676524953 0.32631942048982404 

