1371.0 471.0344827586207 
1458.0 109.01724137931035 
1425.0 468.02941176470586 
1376.0 468.03125 
1461.0 103.01639344262296 
1373.0 469.0357142857143 
1374.0 469.03225806451616 
1375.0 468.03225806451616 
1469.0 95.01886792452831 
1472.0 95.01851851851852 
1680.0 95.01219512195122 
1487.0 95.01612903225806 
1468.0 97.01818181818182 
1476.0 95.01724137931035 
1921.0 93.01030927835052 
1436.0 463.02777777777777 
1448.0 462.02702702702703 
1780.0 93.01470588235294 
1886.0 93.01408450704226 
1912.0 93.01123595505618 
1466.0 97.01851851851852 
1442.0 463.0263157894737 
1547.0 95.01538461538462 
1445.0 463.025 
1491.0 95.015625 
1488.0 95.01587301587301 
1758.0 95.01030927835052 
1637.0 95.01234567901234 
1563.0 95.01315789473684 
1633.0 95.0126582278481 
1478.0 95.01666666666667 
1460.0 103.01694915254237 
1725.0 95.01162790697674 
1738.0 95.01123595505618 
1464.0 101.01960784313725 
1722.0 95.01190476190476 
1559.0 95.01351351351352 
1553.0 95.01428571428572 
1753.0 95.01063829787235 
1743.0 95.0111111111111 
1748.0 95.01086956521739 
1549.0 95.01449275362319 
1723.0 95.01176470588236 
