1921.0 93.01030927835052 
1436.0 463.02777777777777 
1460.0 109.02173913043478 
1448.0 462.02702702702703 
1780.0 93.01470588235294 
1886.0 93.01408450704226 
1716.0 95.0126582278481 
1653.0 95.01298701298701 
1604.0 95.01351351351352 
1647.0 95.01333333333334 
1477.0 95.01818181818182 
1514.0 95.01785714285714 
1581.0 95.01492537313433 
1552.0 95.01515151515152 
1912.0 93.01123595505618 
1584.0 95.01408450704226 
1538.0 95.01694915254237 
1520.0 95.01754385964912 
1466.0 97.01851851851852 
1464.0 103.01886792452831 
1471.0 95.01923076923077 
1442.0 463.0263157894737 
1547.0 95.01538461538462 
1648.0 95.01315789473684 
1445.0 463.025 
1542.0 95.01587301587301 
1546.0 95.015625 
