1371.0 471.0344827586207 
2389.0 95.00833333333334 
1453.0 467.02777777777777 
1458.0 109.01724137931035 
2157.0 95.01162790697674 
1959.0 95.01176470588236 
1711.0 95.01351351351352 
1836.0 95.01333333333334 
1860.0 95.01190476190476 
1708.0 95.01388888888889 
1630.0 95.01428571428572 
2183.0 95.00980392156863 
1554.0 95.01538461538462 
1625.0 95.01515151515152 
2254.0 95.00970873786407 
1425.0 468.02941176470586 
1376.0 468.03125 
2267.0 95.00943396226415 
2311.0 95.00909090909092 
1489.0 95.01666666666667 
1524.0 95.01639344262296 
2343.0 95.00892857142857 
1530.0 95.01612903225806 
2369.0 95.00869565217391 
1461.0 103.01639344262296 
1467.0 103.01470588235294 
1479.0 97.01818181818182 
2166.0 95.01075268817205 
1440.0 467.03225806451616 
2376.0 95.00847457627118 
2356.0 95.00884955752213 
1483.0 95.01694915254237 
1482.0 97.01754385964912 
1841.0 95.01315789473684 
1852.0 95.01219512195122 
2159.0 95.01086956521739 
2261.0 95.00961538461539 
1373.0 469.0357142857143 
1846.0 95.01234567901234 
1447.0 467.030303030303 
1443.0 467.03125 
1629.0 95.01492537313433 
1374.0 469.03225806451616 
1375.0 468.03225806451616 
1450.0 467.0285714285714 
1464.0 103.01538461538462 
1844.0 95.0126582278481 
2158.0 95.01136363636364 
