1459.0 111.02272727272727 
2301.0 95.01063829787235 
1778.0 95.01298701298701 
2044.0 95.01282051282051 
1463.0 103.0204081632653 
1466.0 101.02 
1467.0 97.01960784313725 
1462.0 107.02127659574468 
1469.0 95.01886792452831 
1460.0 109.02173913043478 
1461.0 109.02 
1768.0 95.01369863013699 
1686.0 95.01449275362319 
2158.0 95.01190476190476 
2080.0 95.0125 
1613.0 95.01515151515152 
1678.0 95.01470588235294 
2183.0 95.0111111111111 
2244.0 95.01098901098901 
1539.0 95.01724137931035 
1597.0 95.01666666666667 
1478.0 95.01818181818182 
1525.0 95.01785714285714 
2290.0 95.01086956521739 
2171.0 95.01149425287356 
1527.0 95.01754385964912 
1608.0 95.01612903225806 
1599.0 95.01639344262296 
1770.0 95.01333333333334 
1472.0 95.01851851851852 
1611.0 95.01538461538462 
