1440.0 470.037037037037 
2287.0 100.00970873786407 
1452.0 464.030303030303 
1458.0 114.02127659574468 
2276.0 100.01030927835052 
2052.0 100.01041666666667 
1730.0 100.01204819277109 
1841.0 100.01176470588236 
1959.0 100.01075268817205 
1874.0 100.01098901098901 
1637.0 100.01388888888889 
1713.0 100.01369863013699 
1633.0 100.01492537313433 
1561.0 100.01538461538462 
1943.0 100.01086956521739 
1533.0 100.01754385964912 
1479.0 100.01785714285714 
1856.0 100.01123595505618 
1460.0 108.02083333333333 
1462.0 103.01785714285714 
1441.0 465.037037037037 
1461.0 108.02 
1469.0 100.02 
1445.0 464.03125 
1722.0 100.01333333333334 
1553.0 100.01639344262296 
1544.0 100.01666666666667 
1849.0 100.01162790697674 
1476.0 100.01818181818182 
1467.0 102.0204081632653 
1538.0 100.01694915254237 
1465.0 103.01754385964912 
1556.0 100.015625 
1727.0 100.0125 
1443.0 465.0357142857143 
1634.0 100.01428571428572 
