1439.0 465.0285714285714 
2421.0 95.00787401574803 
1447.0 464.0232558139535 
1461.0 109.02083333333333 
2221.0 95.00877192982456 
2061.0 95.00943396226415 
1895.0 95.01030927835052 
1986.0 95.01020408163265 
1766.0 95.01176470588236 
1852.0 95.01162790697674 
1760.0 95.01204819277109 
1680.0 95.01219512195122 
1487.0 95.01612903225806 
1557.0 95.01587301587301 
1605.0 95.015625 
1856.0 95.01052631578948 
2025.0 95.00970873786407 
1468.0 97.01818181818182 
1630.0 95.01470588235294 
1612.0 95.01492537313433 
1464.0 103.01923076923077 
1462.0 103.02 
1647.0 95.01388888888889 
1998.0 95.01 
2015.0 95.00990099009901 
1484.0 95.01923076923077 
1659.0 95.01351351351352 
2023.0 95.00980392156863 
1673.0 95.01234567901234 
1442.0 465.025 
1444.0 464.0243902439024 
1662.0 95.01298701298701 
1667.0 95.0126582278481 
1672.0 95.0125 
1855.0 95.01136363636364 
