1448.0 465.037037037037 
1826.0 95.01162790697674 
1454.0 464.03225806451616 
1463.0 109.02439024390245 
1540.0 95.01639344262296 
1601.0 95.01587301587301 
1476.0 95.01724137931035 
1532.0 95.01694915254237 
1699.0 95.01388888888889 
1609.0 95.01538461538462 
1652.0 95.01515151515152 
1659.0 95.01449275362319 
1745.0 95.01351351351352 
1708.0 95.01369863013699 
1797.0 95.01190476190476 
1776.0 95.01219512195122 
1796.0 95.01204819277109 
1748.0 95.01315789473684 
1758.0 95.01298701298701 
1766.0 95.0126582278481 
1466.0 109.02380952380952 
1467.0 103.0204081632653 
1469.0 101.01960784313725 
1471.0 97.01960784313725 
1653.0 95.01492537313433 
1473.0 95.01886792452831 
1536.0 95.01666666666667 
1605.0 95.015625 
