0.16568047337278108 0.347604485219164 
0.3175542406311637 0.3297655453618756 
0.1992110453648915 0.33868501529051975 
0.26627218934911245 0.33662667607621727 
0.2781065088757396 0.3348623853211008 
0.28994082840236685 0.33199541284403666 
0.30177514792899407 0.33081489476524545 

0.3096646942800789 0.33081489476524545 
0.14398422090729784 0.3520642201834862 
0.28007889546351084 0.33662667607621727 
0.1992110453648915 0.33868501529051975 
0.16568047337278108 0.347604485219164 
0.1952662721893491 0.3411175979983319 
0.3057199211045365 0.33199541284403666 

0.15976331360946747 1.0 
0.7297830374753451 0.3253058103975536 
0.16370808678500987 0.9898063200815492 
0.21301775147928995 0.3520642201834862 
0.4812623274161736 0.3297655453618756 
0.7041420118343196 0.3258875149581173 
0.34714003944773175 0.3348623853211008 
0.4516765285996055 0.33333333333333326 
0.2859960552268245 0.33662667607621727 
0.2504930966469428 0.3440366972477063 
0.21696252465483234 0.347604485219164 
0.25443786982248523 0.33868501529051975 
0.4635108481262327 0.33081489476524545 
0.46153846153846156 0.33199541284403666 

0.1814595660749507 0.347604485219164 
0.6646942800788954 0.32721712538226294 
0.40039447731755423 0.33199541284403666 
0.6094674556213018 0.3297655453618756 
0.24260355029585798 0.3411175979983319 
0.28994082840236685 0.33868501529051975 
0.6134122287968442 0.3288266537904393 
0.3076923076923077 0.33662667607621727 
0.36489151873767256 0.33333333333333326 
0.33530571992110453 0.3348623853211008 
0.6607495069033531 0.3279816513761467 

0.16370808678500987 0.347604485219164 
0.23471400394477318 0.33662667607621727 
0.20315581854043394 0.33868501529051975 
0.1814595660749507 0.3440366972477063 
0.1932938856015779 0.3411175979983319 

0.1814595660749507 1.0 
0.4339250493096647 0.3288266537904393 
0.1834319526627219 0.9898063200815492 
0.1952662721893491 0.347604485219164 
0.3530571992110454 0.3297655453618756 
0.27218934911242604 0.33662667607621727 
0.2879684418145957 0.33199541284403666 
0.33925049309664695 0.33081489476524545 
0.22879684418145957 0.33868501529051975 
0.20512820512820512 0.3440366972477063 
0.21893491124260356 0.3411175979983319 
0.28402366863905326 0.33333333333333326 

0.3175542406311637 0.3297655453618756 
0.1794871794871795 0.347604485219164 
0.26232741617357 0.3348623853211008 
0.20907297830374755 0.33662667607621727 
0.3096646942800789 0.33081489476524545 
0.1873767258382643 0.3440366972477063 
0.20512820512820512 0.33868501529051975 

0.3865877712031558 0.3288266537904393 
0.17159763313609466 0.347604485219164 
0.28994082840236685 0.3348623853211008 
0.20118343195266272 0.33868501529051975 
0.21696252465483234 0.33662667607621727 
0.2958579881656805 0.33081489476524545 
0.33727810650887574 0.3297655453618756 

0.17357001972386588 0.347604485219164 
0.22682445759368836 0.3411175979983319 
0.2938856015779093 0.33199541284403666 
0.29980276134122286 0.33081489476524545 
0.22879684418145957 0.33868501529051975 

0.1814595660749507 0.347604485219164 
0.3668639053254438 0.3297655453618756 
0.1992110453648915 0.33868501529051975 
0.2504930966469428 0.33662667607621727 
0.3037475345167653 0.33081489476524545 
0.1854043392504931 0.3440366972477063 
0.26627218934911245 0.33199541284403666 
0.26232741617357 0.33333333333333326 

