679.0 4.111111111111111 
756.0 4.055555555555555 
696.0 4.083333333333333 
730.0 4.076923076923077 
736.0 4.071428571428571 
742.0 4.0625 
748.0 4.0588235294117645 

752.0 4.0588235294117645 
668.0 4.125 
737.0 4.076923076923077 
696.0 4.083333333333333 
679.0 4.111111111111111 
694.0 4.090909090909091 
750.0 4.0625 

676.0 6.142857142857143 
965.0 4.041666666666667 
678.0 6.111111111111111 
703.0 4.125 
839.0 4.055555555555555 
952.0 4.043478260869565 
771.0 4.071428571428571 
824.0 4.066666666666666 
740.0 4.076923076923077 
722.0 4.1 
705.0 4.111111111111111 
724.0 4.083333333333333 
830.0 4.0588235294117645 
829.0 4.0625 

687.0 4.111111111111111 
932.0 4.0476190476190474 
798.0 4.0625 
904.0 4.055555555555555 
718.0 4.090909090909091 
742.0 4.083333333333333 
906.0 4.052631578947368 
751.0 4.076923076923077 
780.0 4.066666666666666 
765.0 4.071428571428571 
930.0 4.05 

678.0 4.111111111111111 
714.0 4.076923076923077 
698.0 4.083333333333333 
687.0 4.1 
693.0 4.090909090909091 

687.0 6.142857142857143 
815.0 4.052631578947368 
688.0 6.111111111111111 
694.0 4.111111111111111 
774.0 4.055555555555555 
733.0 4.076923076923077 
741.0 4.0625 
767.0 4.0588235294117645 
711.0 4.083333333333333 
699.0 4.1 
706.0 4.090909090909091 
739.0 4.066666666666666 

756.0 4.055555555555555 
686.0 4.111111111111111 
728.0 4.071428571428571 
701.0 4.076923076923077 
752.0 4.0588235294117645 
690.0 4.1 
699.0 4.083333333333333 

791.0 4.052631578947368 
682.0 4.111111111111111 
742.0 4.071428571428571 
697.0 4.083333333333333 
705.0 4.076923076923077 
745.0 4.0588235294117645 
766.0 4.055555555555555 

683.0 4.111111111111111 
710.0 4.090909090909091 
744.0 4.0625 
747.0 4.0588235294117645 
711.0 4.083333333333333 

687.0 4.111111111111111 
781.0 4.055555555555555 
696.0 4.083333333333333 
722.0 4.076923076923077 
749.0 4.0588235294117645 
689.0 4.1 
730.0 4.0625 
728.0 4.066666666666666 

