0.16370808678500987 0.33868501529051975 
0.0670611439842209 0.3440366972477063 
0.15187376725838264 0.3411175979983319 
0.7061143984220908 0.3216569363358354 
0.6410256410256411 0.32381923207611285 
0.4181459566074951 0.3242766407904022 
0.2859960552268245 0.3258875149581173 
0.3096646942800789 0.3247706422018349 
0.20907297830374755 0.3348623853211008 
0.650887573964497 0.3226299694189602 
0.6824457593688363 0.3219610091743119 
0.6725838264299803 0.3222846996152708 
0.23076923076923078 0.3297655453618756 
0.1834319526627219 0.33662667607621727 
0.21499013806706113 0.33081489476524545 
