0.1222879684418146 0.9942660550458714 
0.4457593688362919 0.3279816513761467 
0.16370808678500987 0.33868501529051975 
0.126232741617357 0.9898063200815492 
0.368836291913215 0.3288266537904393 
0.30177514792899407 0.3297655453618756 
0.20710059171597633 0.33662667607621727 
0.2682445759368836 0.3348623853211008 
0.2879684418145957 0.33199541284403666 
0.2781065088757396 0.33333333333333326 

0.1854043392504931 0.3440366972477063 
0.33925049309664695 0.3279816513761467 
0.23274161735700197 0.33662667607621727 
0.22879684418145957 0.3411175979983319 
0.28205128205128205 0.3348623853211008 
0.3136094674556213 0.3297655453618756 
0.2958579881656805 0.33333333333333326 
0.33136094674556216 0.3288266537904393 
0.29980276134122286 0.33199541284403666 
0.3096646942800789 0.33081489476524545 

0.13214990138067062 0.347604485219164 
0.39644970414201186 0.3279816513761467 
0.21696252465483234 0.33868501529051975 
0.28994082840236685 0.33662667607621727 
0.3136094674556213 0.33081489476524545 
0.32741617357001973 0.3297655453618756 
0.38461538461538464 0.3288266537904393 

0.22090729783037474 0.33662667607621727 
0.0670611439842209 0.3440366972477063 
0.16370808678500987 0.33868501529051975 
0.15187376725838264 0.3411175979983319 

0.20315581854043394 0.3440366972477063 
0.10453648915187377 0.347604485219164 

0.16765285996055226 0.347604485219164 
0.4556213017751479 0.3288266537904393 
0.21499013806706113 0.33868501529051975 
0.16962524654832348 0.3440366972477063 
0.34122287968441817 0.33081489476524545 
0.42011834319526625 0.3297655453618756 
0.27416173570019725 0.33662667607621727 
0.3096646942800789 0.33199541284403666 
0.2859960552268245 0.3348623853211008 

0.39447731755424065 0.3297655453618756 
0.17159763313609466 0.3520642201834862 
0.3096646942800789 0.33081489476524545 
0.22287968441814596 0.33868501529051975 
0.2879684418145957 0.33662667607621727 
0.1755424063116371 0.347604485219164 
0.20710059171597633 0.3440366972477063 
0.30177514792899407 0.3348623853211008 
0.21499013806706113 0.3411175979983319 

0.7061143984220908 0.3216569363358354 
0.1794871794871795 0.33868501529051975 
0.6410256410256411 0.32381923207611285 
0.4181459566074951 0.3242766407904022 
0.27416173570019725 0.3297655453618756 
0.2859960552268245 0.3258875149581173 
0.3096646942800789 0.3247706422018349 
0.20907297830374755 0.3348623853211008 
0.22090729783037474 0.33199541284403666 
0.1893491124260355 0.33662667607621727 
0.23865877712031558 0.33081489476524545 
0.650887573964497 0.3226299694189602 
0.6824457593688363 0.3219610091743119 
0.6725838264299803 0.3222846996152708 

0.15384615384615385 0.9898063200815492 
0.7416173570019724 0.3242766407904022 
0.17357001972386588 0.3440366972477063 
0.650887573964497 0.32721712538226294 
0.4477317554240631 0.3279816513761467 
0.3155818540433925 0.3288266537904393 
0.20118343195266272 0.33662667607621727 
0.2406311637080868 0.3348623853211008 
0.2781065088757396 0.33333333333333326 
0.6587771203155819 0.3258875149581173 
0.6942800788954635 0.3253058103975536 
0.7238658777120316 0.3247706422018349 
0.2938856015779093 0.33199541284403666 
0.1814595660749507 0.3411175979983319 
0.19723865877712032 0.33868501529051975 

0.16568047337278108 0.347604485219164 
0.4319526627218935 0.3288266537904393 
0.23076923076923078 0.3297655453618756 
0.1834319526627219 0.33662667607621727 
0.21499013806706113 0.33081489476524545 

