657.0 6.125 
821.0 4.05 
678.0 4.083333333333333 
659.0 6.111111111111111 
782.0 4.052631578947368 
748.0 4.055555555555555 
700.0 4.076923076923077 
731.0 4.071428571428571 
741.0 4.0625 
736.0 4.066666666666666 

689.0 4.1 
767.0 4.05 
713.0 4.076923076923077 
711.0 4.090909090909091 
738.0 4.071428571428571 
754.0 4.055555555555555 
745.0 4.066666666666666 
763.0 4.052631578947368 
747.0 4.0625 
752.0 4.0588235294117645 

662.0 4.111111111111111 
796.0 4.05 
705.0 4.083333333333333 
742.0 4.076923076923077 
754.0 4.0588235294117645 
761.0 4.055555555555555 
790.0 4.052631578947368 

707.0 4.076923076923077 
629.0 4.1 
678.0 4.083333333333333 
672.0 4.090909090909091 

698.0 4.1 
648.0 4.111111111111111 

680.0 4.111111111111111 
826.0 4.052631578947368 
704.0 4.083333333333333 
681.0 4.1 
768.0 4.0588235294117645 
808.0 4.055555555555555 
734.0 4.076923076923077 
752.0 4.0625 
740.0 4.071428571428571 

795.0 4.055555555555555 
682.0 4.125 
752.0 4.0588235294117645 
708.0 4.083333333333333 
741.0 4.076923076923077 
684.0 4.111111111111111 
700.0 4.1 
748.0 4.071428571428571 
704.0 4.090909090909091 

953.0 4.03030303030303 
686.0 4.083333333333333 
920.0 4.037037037037037 
807.0 4.038461538461538 
734.0 4.055555555555555 
740.0 4.043478260869565 
752.0 4.04 
701.0 4.071428571428571 
707.0 4.0625 
691.0 4.076923076923077 
716.0 4.0588235294117645 
925.0 4.033333333333333 
941.0 4.03125 
936.0 4.032258064516129 

673.0 6.111111111111111 
971.0 4.038461538461538 
683.0 4.1 
925.0 4.0476190476190474 
822.0 4.05 
755.0 4.052631578947368 
697.0 4.076923076923077 
717.0 4.071428571428571 
736.0 4.066666666666666 
929.0 4.043478260869565 
947.0 4.041666666666667 
962.0 4.04 
744.0 4.0625 
687.0 4.090909090909091 
695.0 4.083333333333333 

679.0 4.111111111111111 
814.0 4.052631578947368 
712.0 4.055555555555555 
688.0 4.076923076923077 
704.0 4.0588235294117645 

