0.4319526627218935 0.14114129080488397 
0.011834319526627219 0.14665572184517953 
0.14201183431952663 0.14176487391587078 
0.2781065088757396 0.14168238937738056 
0.04142011834319527 0.14447610483320494 
0.05325443786982249 0.14319839830894424 
0.3254437869822485 0.14125965611761773 
0.11242603550295859 0.14185148268128578 
0.38461538461538464 0.14119926565193733 
0.10650887573964497 0.1423587625930012 
0.08284023668639054 0.1426047164895907 
0.28994082840236685 0.14152866819201232 
0.023668639053254437 0.1454024420632943 
0.05917159763313609 0.14273922252678786 
0.08875739644970414 0.1424781225722284 
0.30177514792899407 0.14138831406624122 
