130.0 14.0625 
226.0 14.020833333333334 
135.0 14.045454545454545 
197.0 14.02127659574468 
141.0 14.04 
142.0 14.033333333333333 
181.0 14.023255813953488 
196.0 14.022727272727273 
157.0 14.029411764705882 
164.0 14.026315789473685 
148.0 14.03225806451613 
172.0 14.025641025641026 
173.0 14.025 

130.0 14.066666666666666 
275.0 14.017857142857142 
135.0 14.047619047619047 
191.0 14.021739130434783 
142.0 14.03225806451613 
225.0 14.02127659574468 
246.0 14.018181818181818 
141.0 14.041666666666666 
167.0 14.023809523809524 
151.0 14.029411764705882 
158.0 14.026315789473685 
237.0 14.02 
228.0 14.020833333333334 

190.0 14.02127659574468 
123.0 14.05 
181.0 14.023255813953488 
152.0 14.024390243902438 
128.0 14.041666666666666 
133.0 14.035714285714286 
125.0 14.045454545454545 
139.0 14.029411764705882 
135.0 14.033333333333333 
145.0 14.026315789473685 
143.0 14.027777777777779 

253.0 14.020408163265307 
128.0 14.043478260869565 
177.0 14.02127659574468 
137.0 14.035714285714286 
216.0 14.020833333333334 
140.0 14.03225806451613 
152.0 14.029411764705882 
159.0 14.026315789473685 
168.0 14.023255813953488 

184.0 11.02 
113.0 11.058823529411764 
135.0 11.024390243902438 
158.0 11.023809523809524 
118.0 11.043478260869565 
120.0 11.03448275862069 
116.0 11.052631578947368 
166.0 11.020833333333334 
130.0 11.025 
165.0 11.023255813953488 
176.0 11.020408163265307 
129.0 11.028571428571428 
115.0 11.055555555555555 
122.0 11.03225806451613 
125.0 11.030303030303031 
124.0 11.03125 

123.0 14.0625 
229.0 14.018867924528301 
220.0 14.019607843137255 
178.0 14.02 
127.0 14.058823529411764 
128.0 14.045454545454545 
133.0 14.03225806451613 
151.0 14.026315789473685 
129.0 14.043478260869565 
132.0 14.035714285714286 
152.0 14.023809523809524 
161.0 14.021739130434783 
170.0 14.020408163265307 

126.0 11.043478260869565 
227.0 11.02 
134.0 11.030303030303031 
160.0 11.022727272727273 
192.0 11.022222222222222 
143.0 11.025 
139.0 11.029411764705882 
209.0 11.020408163265307 
157.0 11.024390243902438 
200.0 11.021739130434783 

208.0 14.02 
123.0 14.0625 
133.0 14.033333333333333 
128.0 14.047619047619047 
147.0 14.03225806451613 
151.0 14.027027027027026 
129.0 14.043478260869565 
186.0 14.02127659574468 
165.0 14.026315789473685 
199.0 14.020408163265307 
177.0 14.023255813953488 
168.0 14.025641025641026 

189.0 11.020408163265307 
115.0 11.05 
121.0 11.03125 
120.0 11.04 
161.0 11.023255813953488 
169.0 11.020833333333334 
142.0 11.024390243902438 
118.0 11.045454545454545 
126.0 11.029411764705882 
132.0 11.027027027027026 
162.0 11.021739130434783 
137.0 11.025641025641026 

123.0 14.0625 
218.0 14.021739130434783 
128.0 14.043478260869565 
192.0 14.025 
157.0 14.025641025641026 
133.0 14.03225806451613 
147.0 14.030303030303031 
201.0 14.023255813953488 
132.0 14.037037037037036 
151.0 14.026315789473685 

