0.4444444444444444 0.014197506590968814 
0.11965811965811966 0.8012584242015348 
0.2905982905982906 0.1955840123311768 
0.1623931623931624 0.7334309369872467 
0.24786324786324787 0.7066238912021932 
0.48717948717948717 0.007886948541784728 
0.28205128205128205 0.2050514392802704 
0.358974358974359 0.14510906320958886 
0.4188034188034188 0.017352518314871283 
0.452991452991453 0.007887567034457236 
0.3247863247863248 0.15457537109108843 
0.3418803418803419 0.1482655617802185 
0.38461538461538464 0.020506830944662536 
0.36752136752136755 0.026817744148608994 
