832.0 684.0666666666667 
857.0 99.01960784313725 
836.0 680.0555555555555 
843.0 342.03333333333336 
849.0 312.03225806451616 
850.0 112.02325581395348 
847.0 338.030303030303 
853.0 99.02 
852.0 107.02222222222223 

853.0 101.02 
831.0 566.0625 
836.0 224.03225806451613 
843.0 115.02380952380952 
837.0 216.02777777777777 
845.0 113.02272727272727 
847.0 109.02222222222223 
849.0 107.02127659574468 
851.0 103.02083333333333 

857.0 100.02 
813.0 602.0588235294117 
833.0 218.02941176470588 
832.0 542.0526315789474 
818.0 559.0526315789474 
844.0 109.02222222222223 
828.0 542.0555555555555 
852.0 102.02083333333333 
849.0 105.02127659574468 
846.0 107.02127659574468 

856.0 99.01960784313725 
827.0 566.0625 
829.0 564.0555555555555 
832.0 224.03225806451613 
841.0 186.02564102564102 
843.0 115.02380952380952 
848.0 105.02127659574468 
852.0 99.02 
834.0 222.03030303030303 
837.0 192.02777777777777 
845.0 113.02272727272727 
839.0 188.02702702702703 

855.0 101.02 
818.0 602.0588235294117 
834.0 560.0526315789474 
839.0 218.02941176470588 
828.0 585.0625 
841.0 216.02777777777777 
845.0 115.02380952380952 
830.0 566.0625 
847.0 113.02272727272727 
849.0 109.02222222222223 
853.0 103.02083333333333 
851.0 107.02127659574468 
850.0 107.02222222222223 
854.0 101.02083333333333 

859.0 101.01960784313725 
835.0 548.0588235294117 
839.0 208.03333333333333 
844.0 107.02127659574468 
852.0 103.02083333333333 
855.0 101.02 
841.0 206.03125 
842.0 111.02272727272727 

862.0 99.02 
838.0 573.0555555555555 
845.0 231.03030303030303 
847.0 109.02222222222223 
857.0 101.01960784313725 
853.0 101.02 
849.0 107.02127659574468 
851.0 103.02083333333333 

859.0 101.01960784313725 
823.0 600.0526315789474 
839.0 216.02777777777777 
836.0 558.047619047619 
835.0 560.0526315789474 
845.0 210.02564102564102 
847.0 113.02272727272727 
843.0 212.02702702702703 
855.0 101.02 
852.0 101.02083333333333 
851.0 107.02127659574468 
849.0 109.02222222222223 

857.0 101.01960784313725 
814.0 602.0588235294117 
819.0 559.0526315789474 
837.0 218.02941176470588 
841.0 212.02702702702703 
843.0 115.02380952380952 
853.0 101.02 
839.0 216.02777777777777 
845.0 113.02272727272727 
847.0 109.02222222222223 
849.0 107.02127659574468 
851.0 103.02083333333333 

859.0 101.01960784313725 
838.0 577.0666666666667 
845.0 235.03333333333333 
846.0 115.02380952380952 
855.0 101.02 
849.0 109.02222222222223 
852.0 107.02127659574468 
848.0 113.02272727272727 
853.0 103.02083333333333 

