0.28205128205128205 0.9305976118764264 
0.49572649572649574 0.007886948541784728 
0.3162393162393162 0.9242714626577895 
0.37606837606837606 0.39115758030495945 
0.42735042735042733 0.34384119499108545 
0.4358974358974359 0.02839573405563723 
0.41025641025641024 0.3848441757838166 
0.46153846153846156 0.007887567034457236 
0.452991452991453 0.020508322345433126 

0.46153846153846156 0.011041879664248485 
0.27350427350427353 0.7444865952340972 
0.3162393162393162 0.2050514392802704 
0.37606837606837606 0.03312807628732017 
0.3247863247863248 0.19242712264858344 
0.39316239316239315 0.029972056778400244 
0.41025641025641024 0.02366263497522438 
0.42735042735042733 0.020506830944662536 
0.4444444444444444 0.014197506590968814 

0.49572649572649574 0.00946472334935286 
0.11965811965811966 0.8012584242015348 
0.2905982905982906 0.1955840123311768 
0.28205128205128205 0.706619279634021 
0.1623931623931624 0.7334309369872467 
0.38461538461538464 0.02366263497522438 
0.24786324786324787 0.7066238912021932 
0.452991452991453 0.01262035027607319 
0.42735042735042733 0.017352518314871283 
0.4017094017094017 0.020506830944662536 

0.48717948717948717 0.007886948541784728 
0.23931623931623933 0.7444865952340972 
0.2564102564102564 0.741321330129897 
0.28205128205128205 0.2050514392802704 
0.358974358974359 0.14510906320958886 
0.37606837606837606 0.03312807628732017 
0.4188034188034188 0.017352518314871283 
0.452991452991453 0.007887567034457236 
0.29914529914529914 0.2018940432559241 
0.3247863247863248 0.15457537109108843 
0.39316239316239315 0.029972056778400244 
0.3418803418803419 0.1482655617802185 

0.47863247863247865 0.011041879664248485 
0.1623931623931624 0.8012584242015348 
0.29914529914529914 0.7350080933021423 
0.3418803418803419 0.1955840123311768 
0.24786324786324787 0.774452565217114 
0.358974358974359 0.19242712264858344 
0.39316239316239315 0.03312807628732017 
0.26495726495726496 0.7444865952340972 
0.41025641025641024 0.029972056778400244 
0.42735042735042733 0.02366263497522438 
0.46153846153846156 0.014197506590968814 
0.4444444444444444 0.020506830944662536 
0.4358974358974359 0.020508322345433126 
0.4700854700854701 0.011043193961177564 

0.5128205128205128 0.01104126117157598 
0.3076923076923077 0.7160919831971712 
0.3418803418803419 0.17981863410894564 
0.38461538461538464 0.020506830944662536 
0.452991452991453 0.014197506590968814 
0.47863247863247865 0.011041879664248485 
0.358974358974359 0.1766610357368317 
0.36752136752136755 0.026817744148608994 

0.5384615384615384 0.007887567034457236 
0.3333333333333333 0.7555157369639576 
0.39316239316239315 0.21608845008998473 
0.41025641025641024 0.02366263497522438 
0.49572649572649574 0.01104126117157598 
0.46153846153846156 0.011041879664248485 
0.42735042735042733 0.020506830944662536 
0.4444444444444444 0.014197506590968814 

0.5128205128205128 0.01104126117157598 
0.20512820512820512 0.7980943458979672 
0.3418803418803419 0.19242712264858344 
0.3162393162393162 0.7318458751269129 
0.3076923076923077 0.7350080933021423 
0.39316239316239315 0.18296081476708384 
0.41025641025641024 0.029972056778400244 
0.37606837606837606 0.1861173133377135 
0.47863247863247865 0.011041879664248485 
0.452991452991453 0.011043193961177564 
0.4444444444444444 0.020506830944662536 
0.42735042735042733 0.02366263497522438 

0.49572649572649574 0.01104126117157598 
0.1282051282051282 0.8012584242015348 
0.17094017094017094 0.7334309369872467 
0.3247863247863248 0.1955840123311768 
0.358974358974359 0.1861173133377135 
0.37606837606837606 0.03312807628732017 
0.46153846153846156 0.011041879664248485 
0.3418803418803419 0.19242712264858344 
0.39316239316239315 0.029972056778400244 
0.41025641025641024 0.02366263497522438 
0.42735042735042733 0.020506830944662536 
0.4444444444444444 0.014197506590968814 

0.5128205128205128 0.01104126117157598 
0.3333333333333333 0.7618418861825945 
0.39316239316239315 0.22240185461112752 
0.4017094017094017 0.03312807628732017 
0.47863247863247865 0.011041879664248485 
0.42735042735042733 0.02366263497522438 
0.452991452991453 0.020506830944662536 
0.4188034188034188 0.029972056778400244 
0.46153846153846156 0.014197506590968814 

