0.04806755440077947 0.06268339443242613 
0.05391360831438779 0.06267982492123328 
0.05196492367651835 0.06268244956181625 
0.05261448522247483 0.06268066678708066 
0.029230269568041572 0.10847155422397983 
0.03605066580058461 0.06268437786918334 
0.03280285807080221 0.06750531039818271 
0.03085417343293277 0.06750642483854126 
0.029555050341019812 0.08196659949732954 
0.03052939265995453 0.08196183072928366 
0.024683338746346217 0.9566160972206543 
0.026632023384215654 0.9542037098993931 
0.028255927249106853 0.9445660296786591 
