1480.0 100.02 
1460.0 482.0416666666667 
1462.0 472.04 
1466.0 108.02272727272727 
1475.0 100.02083333333333 
1469.0 103.02272727272727 
1472.0 103.02173913043478 
1468.0 106.02173913043478 
1473.0 102.02083333333333 

1466.0 108.02222222222223 
1521.0 100.02 
1490.0 100.0204081632653 
1482.0 104.02173913043478 
1467.0 106.02173913043478 
1474.0 106.02127659574468 
1486.0 100.02083333333333 
1484.0 102.02083333333333 

1465.0 115.025 
1493.0 98.02127659574468 
1476.0 98.02173913043478 
1471.0 103.02222222222223 
1467.0 109.02380952380952 
1468.0 109.02325581395348 

1455.0 472.04 
1565.0 97.02083333333333 
1463.0 470.03846153846155 
1477.0 116.02439024390245 
1509.0 97.02127659574468 
1485.0 99.02173913043478 
1459.0 470.04 
1479.0 110.02272727272727 
1483.0 104.02173913043478 
1481.0 108.02173913043478 

1462.0 114.025 
1566.0 95.01886792452831 
1464.0 104.02439024390245 
1466.0 98.02272727272727 
1543.0 95.01923076923077 
1476.0 98.02222222222223 
1519.0 95.02 
1539.0 95.01960784313725 
1503.0 95.0204081632653 
1487.0 96.02173913043478 
1496.0 96.02083333333333 
1502.0 95.02083333333333 
1491.0 96.02127659574468 

1465.0 108.02272727272727 
1622.0 100.01724137931035 
1469.0 101.02173913043478 
1467.0 106.02173913043478 
1565.0 100.01785714285714 
1513.0 100.01960784313725 
1477.0 100.0204081632653 
1510.0 100.02 
1472.0 100.02083333333333 

1477.0 105.02325581395348 
1537.0 95.01851851851852 
1531.0 95.01960784313725 
1489.0 95.0204081632653 
1479.0 101.02222222222223 
1483.0 95.02083333333333 
1481.0 99.02173913043478 
1478.0 105.02272727272727 
1533.0 95.01886792452831 

1533.0 95.01960784313725 
1455.0 480.0416666666667 
1458.0 475.0416666666667 
1461.0 114.02380952380952 
1482.0 95.0204081632653 
1472.0 97.02127659574468 
1466.0 97.02173913043478 
1462.0 103.02325581395348 
1465.0 103.02127659574468 

1488.0 95.02083333333333 
1447.0 466.0357142857143 
1453.0 465.0344827586207 
1470.0 108.02272727272727 
1472.0 102.02173913043478 
1478.0 102.02127659574468 
1482.0 97.02127659574468 

1455.0 472.04 
1567.0 97.01818181818182 
1477.0 105.02272727272727 
1458.0 461.0344827586207 
1507.0 97.01923076923077 
1551.0 97.01851851851852 
1495.0 97.01960784313725 
1483.0 97.0204081632653 
1489.0 97.02 
1457.0 470.04 
1479.0 103.02173913043478 
1481.0 99.02127659574468 

