0.03020461188697629 0.08678294925105036 
0.03280285807080221 0.06268758472817428 
0.03150373497888925 0.06750758880958242 
0.03247807729782397 0.06750642483854126 
0.028580708022085094 0.1084744225811884 
0.02890548879506333 0.10847022010434794 
0.029230269568041572 0.09401242629541655 
0.02987983111399805 0.08919236930623385 
0.03052939265995453 0.07955241067410017 
0.03117895420591101 0.07473250255838956 
0.023384215654433257 0.9542037098993931 
0.029555050341019812 0.09400893100520112 
0.04839233517375771 0.06267823138945074 
0.07307567392010393 0.06267674775641184 
0.03670022734654108 0.0626815410323837 
0.03085417343293277 0.07955134266875655 
0.03572588502760637 0.06268244956181625 
0.14225397856446897 0.06267406764511575 
0.07762260474179929 0.06267470472075172 
0.05228970444949659 0.0626774765586064 
0.03897369275738876 0.06268066678708066 
0.03312763884378045 0.06268540228247212 
0.03345241961675869 0.06268339443242613 
