1464.0 105.02222222222223 
1472.0 95.02173913043478 
1468.0 97.02222222222223 
1471.0 97.02173913043478 
1459.0 114.025 
1460.0 114.02325581395348 
1461.0 108.02272727272727 
1463.0 106.02222222222223 
1465.0 102.02127659574468 
1467.0 100.02083333333333 
1443.0 465.0344827586207 
1462.0 108.02127659574468 
1520.0 95.01785714285714 
1596.0 95.01724137931035 
1484.0 95.01923076923077 
1466.0 102.02083333333333 
1481.0 95.01960784313725 
1809.0 95.01612903225806 
1610.0 95.01639344262296 
1532.0 95.01754385964912 
1491.0 95.01886792452831 
1473.0 95.02083333333333 
1474.0 95.02 
