MSI    MAC     Extensibility       Elegance
89.0  16.3125  1000.0  0.26428367631459354
142.0  15.208845208845208  1000.0  0.26754182367025353
91.0  16.32034632034632  1000.0  0.2699513679188801
94.0  16.876811594202902  1000.0  0.2863570458277026
144.0  15.50907441016334  1000.0  0.2735783128357778
124.0  15.861904761904762  1000.0  0.26859528524166976
114.0  16.201149425287355  1000.0  0.26963291511091214
98.0  15.96011396011396  1000.0  0.26193235178074725
104.0  16.212184873949578  1000.0  0.26758135325945376
