0.11242603550295859 0.5753416780080124 
0.378698224852071 0.5696763297062324 
0.14201183431952663 0.5723066699892017 
0.1952662721893491 0.5708719389257639 
0.27218934911242604 0.5700971841515075 

0.11242603550295859 0.5753416780080124 
0.7514792899408284 0.5691502616496387 
0.42011834319526625 0.5700971841515075 
0.14201183431952663 0.5727708476861962 
0.23076923076923078 0.5711793812965006 
0.6449704142011834 0.5698786635741532 
0.6923076923076923 0.5696763297062324 
0.7041420118343196 0.569313524149961 

0.07692307692307693 0.5738848741589833 
0.34911242603550297 0.569488448257449 
0.10650887573964497 0.5718913531024171 
0.24260355029585798 0.5698786635741532 
0.17159763313609466 0.5708719389257639 
0.14201183431952663 0.5715175679043111 
0.30177514792899407 0.5696763297062324 

0.07692307692307693 0.5738848741589833 
0.4319526627218935 0.569488448257449 
0.14201183431952663 0.5708719389257639 
0.38461538461538464 0.5696763297062324 
0.10650887573964497 0.5715175679043111 

0.07100591715976332 0.5732930475953152 
0.1893491124260355 0.569488448257449 
0.10650887573964497 0.5708719389257639 
0.10059171597633136 0.5711793812965006 

0.14201183431952663 0.5718913531024171 
0.30177514792899407 0.5689975322138534 
0.23076923076923078 0.569313524149961 
0.16568047337278108 0.5705912306742217 

0.07100591715976332 0.5732930475953152 
0.38461538461538464 0.5682545241478706 
0.1834319526627219 0.569488448257449 
0.08284023668639054 0.5711793812965006 
0.10059171597633136 0.5705912306742217 
0.27218934911242604 0.569313524149961 
0.3076923076923077 0.5691502616496387 
0.33136094674556216 0.5688543483678046 

0.07100591715976332 0.5732930475953152 
0.39644970414201186 0.5681535011213557 
0.2781065088757396 0.568473888434018 
0.10059171597633136 0.5711793812965006 
0.21893491124260356 0.569313524149961 
0.1242603550295858 0.5696763297062324 
0.10650887573964497 0.5708719389257639 
0.15976331360946747 0.569488448257449 

0.1301775147928994 0.5732930475953152 
0.4556213017751479 0.569488448257449 
0.1952662721893491 0.5698786635741532 
0.35502958579881655 0.5696763297062324 
0.15976331360946747 0.5711793812965006 
0.14792899408284024 0.5723066699892017 
0.14201183431952663 0.5727708476861962 

0.07100591715976332 0.5745612473746039 
0.6627218934911243 0.5688543483678046 
0.08284023668639054 0.5715175679043111 
0.4378698224852071 0.5691502616496387 
0.33136094674556216 0.5696763297062324 
0.3727810650887574 0.569488448257449 

