0.06382978723404255 0.5033715197215777 
0.8191489361702128 0.49738979118329474 
0.7712765957446809 0.49804893482387697 
0.19680851063829788 0.4985498839907192 
0.09042553191489362 0.5005536806580889 
0.15425531914893617 0.49916215519463764 
0.1702127659574468 0.49894348690752416 

0.03723404255319149 0.002800224017921473 
0.18085106382978725 0.0014501160092807838 
0.1276595744680851 0.0015676929830060068 
0.0425531914893617 0.0024324526607290473 

0.06382978723404255 0.5033715197215777 
0.3191489361702128 0.497901596833629 
0.09042553191489362 0.5009115014915478 
0.2074468085106383 0.5005536806580889 
0.24468085106382978 0.49894348690752416 
0.28191489361702127 0.49873989919193545 

0.10106382978723404 0.5033715197215777 
0.6968085106382979 0.4967130703789636 
0.18617021276595744 0.49916215519463764 
0.1276595744680851 0.5009115014915478 
0.39361702127659576 0.49873989919193545 
0.44680851063829785 0.49804893482387697 
0.648936170212766 0.49688393676145254 
0.5638297872340425 0.4972782437979653 
0.5 0.4977626781571097 
0.5159574468085106 0.49738979118329474 

0.06382978723404255 0.5033715197215777 
0.5106382978723404 0.49820548143851506 
0.19680851063829788 0.49916215519463764 
0.09042553191489362 0.5009115014915478 
0.16489361702127658 0.5005536806580889 
0.3723404255319149 0.49894348690752416 
0.42021276595744683 0.49873989919193545 
0.46808510638297873 0.49837212783474305 

0.06382978723404255 0.5033715197215777 
0.25 0.497901596833629 
0.09042553191489362 0.5005536806580889 
0.13297872340425532 0.5002269746797133 
0.14361702127659576 0.49894348690752416 
0.20212765957446807 0.4985498839907192 
0.1702127659574468 0.49873989919193545 

0.06382978723404255 0.5040603248259861 
0.2925531914893617 0.49804893482387697 
0.09042553191489362 0.5009115014915478 
0.19680851063829788 0.4985498839907192 
0.14361702127659576 0.5005536806580889 

0.06382978723404255 0.5033715197215777 
0.2712765957446808 0.49992749419953586 
0.10106382978723404 0.5005536806580889 
0.17553191489361702 0.5002269746797133 
0.07446808510638298 0.5022235112142304 
0.09042553191489362 0.5013051044083527 

0.06382978723404255 0.5033715197215777 
0.3776595744680851 0.49873989919193545 
0.09042553191489362 0.5002269746797133 
0.2712765957446808 0.49992749419953586 
0.30319148936170215 0.49894348690752416 

0.0 0.0074318445475637235 
0.5904255319148937 0.0014501160092807838 
0.2765957446808511 0.002109259649862958 
0.5478723404255319 0.0015676929830060068 
0.06382978723404255 0.004614005484074928 
0.026595744680851064 0.0053654292343387824 
0.15425531914893617 0.003003811733510153 
0.010638297872340425 0.006824075337791613 
0.23404255319148937 0.0024324526607290473 
0.16489361702127658 0.002800224017921473 

