123.0 14.0625 
265.0 14.026315789473685 
256.0 14.030303030303031 
148.0 14.033333333333333 
128.0 14.045454545454545 
140.0 14.037037037037036 
143.0 14.035714285714286 

118.0 11.03448275862069 
145.0 11.026315789473685 
135.0 11.027027027027026 
119.0 11.03225806451613 

123.0 14.0625 
171.0 14.029411764705882 
128.0 14.047619047619047 
150.0 14.045454545454545 
157.0 14.035714285714286 
164.0 14.03448275862069 

130.0 14.0625 
242.0 14.022222222222222 
146.0 14.037037037037036 
135.0 14.047619047619047 
185.0 14.03448275862069 
195.0 14.030303030303031 
233.0 14.023255813953488 
217.0 14.025641025641026 
205.0 14.028571428571428 
208.0 14.026315789473685 

123.0 14.0625 
207.0 14.03125 
148.0 14.037037037037036 
128.0 14.047619047619047 
142.0 14.045454545454545 
181.0 14.035714285714286 
190.0 14.03448275862069 
199.0 14.03225806451613 

123.0 14.0625 
158.0 14.029411764705882 
128.0 14.045454545454545 
136.0 14.043478260869565 
138.0 14.035714285714286 
149.0 14.033333333333333 
143.0 14.03448275862069 

123.0 14.066666666666666 
166.0 14.030303030303031 
128.0 14.047619047619047 
148.0 14.033333333333333 
138.0 14.045454545454545 

123.0 14.0625 
162.0 14.041666666666666 
130.0 14.045454545454545 
144.0 14.043478260869565 
125.0 14.055555555555555 
128.0 14.05 

123.0 14.0625 
182.0 14.03448275862069 
128.0 14.043478260869565 
162.0 14.041666666666666 
168.0 14.035714285714286 

111.0 11.0625 
222.0 11.026315789473685 
163.0 11.030303030303031 
214.0 11.027027027027026 
123.0 11.045454545454545 
116.0 11.05 
140.0 11.035714285714286 
113.0 11.058823529411764 
155.0 11.03225806451613 
142.0 11.03448275862069 

