814.0 584.0714285714286 
863.0 99.01923076923077 
829.0 525.0666666666667 
831.0 200.03225806451613 
841.0 184.03333333333333 
843.0 113.02380952380952 
816.0 582.0625 
819.0 541.0625 
857.0 99.01960784313725 
825.0 539.0526315789474 
821.0 539.0555555555555 
853.0 99.02 
834.0 198.03030303030303 
835.0 194.02941176470588 
838.0 192.02777777777777 
839.0 188.02702702702703 
849.0 105.02127659574468 
851.0 101.02083333333333 
847.0 107.02222222222223 
846.0 111.02222222222223 
844.0 113.02325581395348 
845.0 111.02272727272727 
