0.42735042735042733 0.007887567034457236 
0.41025641025641024 0.011043193961177564 
0.2222222222222222 0.6798173879545717 
0.13675213675213677 0.7050467348872975 
0.17094017094017094 0.6955750350183966 
0.5128205128205128 0.007885781574478124 
0.4444444444444444 0.007886948541784728 
0.26495726495726496 0.1640422916984291 
0.46153846153846156 0.007886353837291945 
0.08547008547008547 0.77288949065503 
0.21367521367521367 0.6798231863233766 
0.3418803418803419 0.02208710879605473 
0.1282051282051282 0.7050518889929017 
0.29914529914529914 0.15457537109108843 
0.39316239316239315 0.017351819220760064 
0.1111111111111111 0.7697210962724272 
0.15384615384615385 0.7018924222575063 
0.24786324786324787 0.16719660432822037 
0.3162393162393162 0.1482655617802185 
0.28205128205128205 0.1577296837208797 
0.3247863247863248 0.029972890370532853 
0.37606837606837606 0.017352518314871283 
0.358974358974359 0.020507560434169885 
