814.0 584.0714285714286 
859.0 99.01886792452831 
823.0 541.0588235294117 
828.0 200.03225806451613 
838.0 184.03333333333333 
839.0 113.02380952380952 
819.0 541.0625 
817.0 584.0666666666667 
836.0 192.02777777777777 
832.0 194.02941176470588 
851.0 99.01960784313725 
855.0 99.01923076923077 
830.0 198.03030303030303 
843.0 111.02222222222223 
841.0 111.02272727272727 
847.0 105.02083333333333 
844.0 107.02222222222223 
848.0 101.02083333333333 
845.0 107.02173913043478 
846.0 105.02127659574468 
849.0 101.0204081632653 
850.0 99.02 
