821.0 608.0714285714286 
853.0 99.01960784313725 
828.0 563.0526315789474 
829.0 224.03225806451613 
839.0 113.02380952380952 
837.0 212.02702702702703 
825.0 602.0588235294117 
826.0 565.0588235294117 
842.0 113.02272727272727 
850.0 101.02 
823.0 606.0625 
831.0 222.03030303030303 
833.0 218.02941176470588 
835.0 216.02777777777777 
843.0 109.02222222222223 
848.0 103.02083333333333 
845.0 107.02222222222223 
847.0 105.02127659574468 
846.0 107.02127659574468 

810.0 584.0714285714286 
862.0 99.01923076923077 
825.0 525.0625 
829.0 200.03225806451613 
835.0 192.02777777777777 
839.0 113.02380952380952 
814.0 584.0666666666667 
815.0 541.0588235294117 
849.0 99.02 
856.0 99.01960784313725 
819.0 541.0555555555555 
831.0 198.03030303030303 
833.0 194.02941176470588 
841.0 111.02272727272727 
843.0 107.02222222222223 
845.0 105.02127659574468 
847.0 101.02083333333333 

810.0 584.0714285714286 
855.0 99.01923076923077 
825.0 525.0588235294117 
829.0 200.03125 
839.0 184.03225806451613 
840.0 114.02439024390245 
814.0 578.0588235294117 
815.0 541.0555555555555 
819.0 535.05 
851.0 99.02 
831.0 198.03030303030303 
833.0 194.02857142857144 
845.0 107.02173913043478 
835.0 192.02777777777777 
837.0 188.02702702702703 
847.0 105.02127659574468 
849.0 101.02083333333333 
843.0 111.02272727272727 
841.0 113.02325581395348 
842.0 112.02325581395348 

814.0 584.0714285714286 
859.0 99.01886792452831 
823.0 541.0588235294117 
828.0 200.03225806451613 
838.0 184.03333333333333 
839.0 113.02380952380952 
819.0 541.0625 
817.0 584.0666666666667 
836.0 192.02777777777777 
832.0 194.02941176470588 
851.0 99.01960784313725 
855.0 99.01923076923077 
830.0 198.03030303030303 
843.0 111.02222222222223 
841.0 111.02272727272727 
847.0 105.02083333333333 
844.0 107.02222222222223 
848.0 101.02083333333333 
845.0 107.02173913043478 
846.0 105.02127659574468 
849.0 101.0204081632653 
850.0 99.02 

861.0 99.01960784313725 
809.0 608.0714285714286 
825.0 525.0625 
829.0 200.03225806451613 
815.0 541.0588235294117 
839.0 184.03333333333333 
840.0 115.02380952380952 
814.0 565.0625 
810.0 584.0714285714286 
833.0 194.02941176470588 
849.0 101.02083333333333 
845.0 107.02222222222223 
837.0 188.02702702702703 
857.0 99.02 
853.0 101.0204081632653 
842.0 113.02272727272727 
855.0 101.01960784313725 
841.0 113.02380952380952 
854.0 101.02 

853.0 99.01923076923077 
809.0 584.0714285714286 
824.0 525.0625 
828.0 200.03225806451613 
838.0 184.03333333333333 
839.0 108.02325581395348 
813.0 584.0666666666667 
814.0 541.0588235294117 
818.0 541.0555555555555 
834.0 192.02777777777777 
849.0 99.02 
845.0 105.02083333333333 
848.0 101.02083333333333 
842.0 108.02222222222223 
832.0 194.02941176470588 
830.0 198.03030303030303 
843.0 107.02173913043478 
829.0 200.03125 

857.0 99.01923076923077 
810.0 584.0714285714286 
829.0 200.03225806451613 
828.0 523.0588235294117 
839.0 184.03333333333333 
841.0 113.02380952380952 
812.0 582.0625 
815.0 541.0625 
821.0 539.0526315789474 
833.0 194.02941176470588 
837.0 188.02702702702703 
825.0 525.0666666666667 
817.0 539.0555555555555 
852.0 99.02 
856.0 99.01960784313725 
845.0 107.02222222222223 
848.0 105.02127659574468 
849.0 101.02083333333333 
843.0 111.02272727272727 

814.0 584.0714285714286 
863.0 99.01923076923077 
829.0 525.0666666666667 
831.0 200.03225806451613 
841.0 184.03333333333333 
843.0 113.02380952380952 
816.0 582.0625 
819.0 541.0625 
857.0 99.01960784313725 
825.0 539.0526315789474 
821.0 539.0555555555555 
853.0 99.02 
834.0 198.03030303030303 
835.0 194.02941176470588 
838.0 192.02777777777777 
839.0 188.02702702702703 
849.0 105.02127659574468 
851.0 101.02083333333333 
847.0 107.02222222222223 
846.0 111.02222222222223 
844.0 113.02325581395348 
845.0 111.02272727272727 

813.0 584.0714285714286 
859.0 99.01923076923077 
826.0 535.05 
828.0 200.03030303030303 
838.0 113.02325581395348 
836.0 188.02702702702703 
817.0 584.0666666666667 
818.0 541.0625 
854.0 99.01960784313725 
822.0 541.0588235294117 
850.0 99.02 
823.0 535.0526315789474 
841.0 111.02272727272727 
842.0 107.02173913043478 
845.0 105.02127659574468 
848.0 101.02083333333333 
830.0 198.03030303030303 
832.0 194.02777777777777 
834.0 192.02777777777777 

856.0 99.01960784313725 
810.0 584.0714285714286 
825.0 525.0666666666667 
828.0 200.03225806451613 
834.0 192.02777777777777 
837.0 113.02325581395348 
814.0 578.0588235294117 
815.0 541.0625 
823.0 535.05 
819.0 535.0526315789474 
847.0 105.02083333333333 
852.0 99.02 
843.0 105.02127659574468 
850.0 101.02083333333333 
839.0 111.02272727272727 
841.0 107.02173913043478 
830.0 198.03030303030303 
832.0 194.02941176470588 

