1439.0 467.0357142857143 
1441.0 465.037037037037 
1718.0 95.01190476190476 
1483.0 95.01639344262296 
1570.0 95.01470588235294 
2186.0 95.00990099009901 
1456.0 109.02127659574468 
1458.0 103.02 
1767.0 95.01086956521739 
1995.0 95.01063829787235 
1460.0 101.01960784313725 
1462.0 97.01923076923077 
2143.0 95.01010101010101 
2020.0 95.01030927835052 
1464.0 95.01851851851852 
1473.0 95.01666666666667 
1757.0 95.01162790697674 
1715.0 95.01204819277109 
2003.0 95.01041666666667 
1706.0 95.01234567901234 
1531.0 95.015625 
1547.0 95.01515151515152 
1764.0 95.01149425287356 
1467.0 95.01694915254237 
1712.0 95.01219512195122 
1765.0 95.01098901098901 
1447.0 465.03225806451616 
1452.0 464.03225806451616 
1601.0 95.01408450704226 
1551.0 95.01492537313433 
1696.0 95.01315789473684 
1634.0 95.01351351351352 
