1899.0 95.01282051282051 
1453.0 465.03846153846155 
1460.0 109.02380952380952 
1751.0 95.01333333333334 
1897.0 95.01298701298701 
1656.0 95.01369863013699 
1746.0 95.01351351351352 
1601.0 95.01408450704226 
1526.0 95.01666666666667 
1555.0 95.01587301587301 
1484.0 95.01785714285714 
1510.0 95.01754385964912 
1551.0 95.01612903225806 
1579.0 95.015625 
1475.0 103.02083333333333 
1462.0 107.02127659574468 
1520.0 95.01694915254237 
1476.0 97.01886792452831 
1478.0 95.01818181818182 
1516.0 95.01724137931035 
