1440.0 470.03333333333336 
1953.0 95.01149425287356 
1459.0 109.02325581395348 
1696.0 95.01315789473684 
1910.0 95.0125 
1634.0 95.01351351351352 
1553.0 95.01492537313433 
1606.0 95.01449275362319 
1492.0 95.01666666666667 
1543.0 95.01587301587301 
1925.0 95.01190476190476 
1616.0 95.01428571428572 
1471.0 97.01851851851852 
1485.0 95.01818181818182 
1462.0 103.02173913043478 
1467.0 102.01923076923077 
1468.0 97.02083333333333 
1916.0 95.01234567901234 
1491.0 95.01754385964912 
1547.0 95.01538461538462 
