0.03078856424756519 0.9746817965329537 
0.23248507697141063 0.020269972389289355 
0.036443606660383286 0.9746742960931107 
0.038014451775054976 0.05573793474835712 
0.13634935595350298 0.020274577922526175 
0.1834747093936538 0.020271452739258317 
0.060006283380458686 0.020283507017577196 
0.08765315739868049 0.020280013023861586 
0.09110901665095822 0.02027948892480426 
0.11278667923342758 0.02027800278090192 
0.05812126924285266 0.02028551606396368 
0.117813383600377 0.02027753417696876 
0.04147031102733271 0.02028623114827072 
0.03204524033930255 0.9746779020738046 
0.03864278982092366 0.04054725113320043 
0.039271127866792335 0.03548337796442359 
0.03989946591266101 0.025356750952713822 
0.04052780395852969 0.020292006829212318 

0.15048696198554823 0.02533816600209057 
0.03550109959158027 0.9873430077651827 
0.03707194470625196 0.06080597263285747 
0.03612943763744895 0.9822802108712557 
0.08168394596292805 0.025347621318970698 
0.12064090480678605 0.02534695199098365 
0.05560791705937795 0.025349028042197654 
0.06943135406848884 0.025348312957890615 
0.05372290292177191 0.025352148410082983 
0.04115614200439836 0.025354803723139255 
0.14483191957273012 0.025343349431524026 
0.13352183474709395 0.02534390505014716 
0.12252591894439209 0.02534630391150413 
0.0373861137291863 0.04054725113320043 
0.14765944077913917 0.025339430858076696 
0.038956958843858 0.0253557582474405 
0.03864278982092366 0.02535886045141962 
0.05497957901350927 0.025350533482844096 
0.05529374803644361 0.025349767784584285 

0.027018535972353125 0.9620139554476493 
0.274583726044612 0.020269156686245206 
0.027646874018221804 0.9569545069643665 
0.03298774740810556 0.0557417740786609 
0.25384857053094567 0.020269972389289355 
0.16211121583411875 0.020271452739258317 
0.1137291863022306 0.02027948892480426 
0.07854225573358467 0.020280013023861586 
0.11467169337103361 0.020273461785644802 
0.14765944077913917 0.020272091981290402 
0.0609487904492617 0.02028287919058143 
0.040841972981464025 0.02028482442504376 
0.06817467797675149 0.02028055253759709 
0.06754633993088281 0.020281108156220223 
0.03361608545397424 0.040549544066576314 
0.03550109959158027 0.04054725113320043 
0.038014451775054976 0.025356750952713822 
0.038956958843858 0.020289351516156046 
0.03989946591266101 0.02028551606396368 

0.26170279610430414 0.020268389440807666 
0.032359409362236885 0.055736763888760935 
0.03298774740810556 0.04054514163449463 
0.13006597549481622 0.020270841290358096 
0.20169651272384542 0.02027025586056002 
0.03361608545397424 0.03548135203529437 
0.03424442349984291 0.025354803723139255 
0.08074143889412504 0.02027897958910064 
0.24819352811812756 0.020268895771130085 
0.2095507382972039 0.020269422981053442 
0.034872761545711596 0.02029020383886547 
0.10304743952246309 0.02027800278090192 
0.03770028275212064 0.02028551606396368 
0.06283380458686773 0.020281108156220223 
0.05466540999057493 0.02028482442504376 
0.12692428526547284 0.020272760955509984 
0.1137291863022306 0.02027382486631708 
0.1055607917059378 0.02027753417696876 
0.20420986490732013 0.020269694823670175 
0.11090166509582156 0.020274577922526175 
0.055922086082312285 0.02028287919058143 
0.0609487904492617 0.020281680611771314 
0.1291234684260132 0.020272422623720764 
0.03581526861451461 0.02028623114827072 
0.11278667923342758 0.020274196802615482 
0.12943763744894754 0.020271143655198862 

0.029531888155827836 0.956942409480749 
0.14169022934338674 0.025336621760244014 
0.03110273327049953 0.9544110110337857 
0.03361608545397424 0.05827055609312107 
0.1112158341187559 0.025337374816453113 
0.09079484762802388 0.02533816600209057 
0.04806786050895382 0.025343349431524026 
0.06534715677034245 0.025342285818731197 
0.07885642475651901 0.025341776483027573 
0.035186930568645934 0.025354803723139255 
0.0860823122840088 0.02533857681001768 
0.03989946591266101 0.025350533482844096 
0.08262645303173106 0.025340331070895696 
0.04429783223374175 0.02534630391150413 
0.04743952246308514 0.025345067575266316 
0.04272698711907006 0.025349028042197654 
0.08545397423814012 0.025339874963067412 
0.03424442349984291 0.0430786495801639 

0.027646874018221804 0.9746709476824666 
0.15394282123782596 0.020275369108163632 
0.03110273327049953 0.9670736348558042 
0.03361608545397424 0.05573793474835712 
0.12126924285265472 0.020275779916090742 
0.09205152371976123 0.02027800278090192 
0.11404335532516494 0.02027753417696876 
0.06943135406848884 0.020281680611771314 
0.06220546654099906 0.02028482442504376 
0.04241281809613572 0.02028551606396368 
0.08765315739868049 0.02027948892480426 
0.1193842287150487 0.02027707806914048 
0.06597549481621112 0.02028287919058143 
0.03550109959158027 0.025354803723139255 
0.06754633993088281 0.02028227068133938 
0.03424442349984291 0.040546174858350534 
0.09048067860508954 0.02027897958910064 
0.03707194470625196 0.02029108832469601 
0.029217719132893498 0.9721364317497311 
0.038956958843858 0.02028697089065735 
0.04052780395852969 0.02028623114827072 

0.17153628652214892 0.020275779916090742 
0.031416902293433864 0.9569581129450603 
0.03361608545397424 0.055743175738930534 
0.12503927112786678 0.02027707806914048 
0.17090794847628024 0.02027620139435364 
0.09519321394910461 0.02027800278090192 
0.1234684260131951 0.02027753417696876 
0.077913917687716 0.02027897958910064 
0.05435124096764059 0.02028551606396368 
0.06346214263273642 0.020283507017577196 
0.04115614200439836 0.02028852963354339 
0.04932453660069117 0.020287736588917162 
0.06220546654099906 0.02028415509705671 
0.07100219918316054 0.02028287919058143 
0.03832862079798932 0.04054725113320043 
0.03424442349984291 0.050673966994833994 
0.05246622683003456 0.02028623114827072 
0.03864278982092366 0.025353885218622946 
0.039271127866792335 0.020289351516156046 
0.0512095507382972 0.02028697089065735 

0.03424442349984291 0.05320114116403865 
0.17813383600377003 0.020273461785644802 
0.035186930568645934 0.025353885218622946 
0.03455859252277725 0.04054514163449463 
0.1674520892240025 0.020275369108163632 
0.13634935595350298 0.020275779916090742 
0.03581526861451461 0.020289351516156046 
0.10838831291234684 0.02027800278090192 
0.08231228400879673 0.02027948892480426 
0.10775997486647816 0.020278484401610997 
0.06220546654099906 0.020281108156220223 
0.07885642475651901 0.020280013023861586 
0.05246622683003456 0.020287736588917162 
0.04398366321080741 0.02028852963354339 
0.057492931196983975 0.020283507017577196 
0.06157712849513038 0.02028227068133938 
0.05529374803644361 0.02028482442504376 

0.027332704995287466 0.9696021236493804 
0.1885014137606032 0.020272422623720764 
0.0333019164310399 0.0557417740786609 
0.10775997486647816 0.02027663396414976 
0.17499214577442665 0.020274968570434676 
0.08828149544454916 0.02027753417696876 
0.06283380458686773 0.020281108156220223 
0.07948476280238768 0.020280013023861586 
0.043669494187873074 0.02028551606396368 
0.05969211435752435 0.020283507017577196 
0.17970468111844173 0.020273461785644802 
0.08262645303173106 0.02027948892480426 
0.03707194470625196 0.025353000732792404 
0.04147031102733271 0.020289351516156046 
0.03424442349984291 0.040549544066576314 
0.03581526861451461 0.0380117959579566 
0.03612943763744895 0.02535886045141962 
0.17687715991203268 0.020274577922526175 
0.043355325164938736 0.020287736588917162 
0.0609487904492617 0.02028227068133938 

0.027961043041156142 0.9848073903208076 
0.12315425699026077 0.02281366912830285 
0.03361608545397424 0.0430786495801639 
0.0333019164310399 0.9721546170834019 
0.0804272698711907 0.022814905464540663 
0.11687087653157399 0.022814277637544896 
0.057492931196983975 0.02281691451092715 
0.039271127866792335 0.022819928080506858 
0.05372290292177191 0.022818369337620818 
0.03047439522463085 0.9848034958616584 
0.036443606660383286 0.022820749963119516 
0.03267357838517122 0.9772174139773288 
0.05623625510524662 0.022817629595234187 
0.034872761545711596 0.02788715669440397 
0.03550109959158027 0.022821602285828937 

