0.2978723404255319 4.7350726833660046E-4 
0.2127659574468085 9.442615874385475E-4 
0.06382978723404255 0.002265806264501078 
0.09574468085106383 0.0018230029830956914 
0.10106382978723404 0.0014501160092807838 
0.14893617021276595 0.0011317978609018174 
0.18617021276595744 0.0010357971494861483 
0.0 0.006824075337791613 
0.675531914893617 0.0 
0.026595744680851064 0.00428729950569939 
0.5159574468085106 5.178985747414591E-5 
0.24468085106382978 5.437935034802939E-4 
0.4787234042553192 2.7886846332327286E-4 
0.4946808510638298 1.0546298249297172E-4 
0.3670212765957447 4.0603248259845503E-4 
0.005319148936170213 0.0053654292343387824 
0.03723404255319149 0.0024324526607290473 
0.031914893617021274 0.003712296983758478 
0.12234042553191489 0.0012325986078886076 
0.07446808510638298 0.0019619216596150225 
