0.06382978723404255 0.5033715197215777 
0.4946808510638298 5.437935034802939E-4 
0.10106382978723404 0.006824075337791613 
0.09574468085106383 0.5002269746797133 
0.2978723404255319 6.170706422469921E-4 
0.2925531914893617 0.0012325986078886076 
0.21808510638297873 0.0013385686239513572 
0.1276595744680851 0.004971826317533864 
0.15425531914893617 0.002265806264501078 
0.09042553191489362 0.5005536806580889 
0.18085106382978725 0.001691802010827581 
0.14361702127659576 0.002800224017921473 
0.19148936170212766 0.0015676929830060068 
0.2074468085106383 0.0014501160092807838 

0.05319148936170213 0.006824075337791613 
0.5372340425531915 5.437935034802939E-4 
0.2925531914893617 9.442615874385475E-4 
0.48936170212765956 7.733952049496339E-4 
0.07446808510638298 0.006283836040216436 
0.0797872340425532 0.00428729950569939 
0.10638297872340426 0.002109259649862958 
0.0851063829787234 0.003987819025521862 
0.10106382978723404 0.002610208816705235 
0.19680851063829788 0.0013385686239513572 
0.24468085106382978 0.0012325986078886076 

0.02127659574468085 0.006283836040216436 
0.2978723404255319 4.7350726833660046E-4 
0.0425531914893617 0.005800464037122842 
0.2127659574468085 9.442615874385475E-4 
0.047872340425531915 0.00428729950569939 
0.06382978723404255 0.002265806264501078 
0.05851063829787234 0.003003811733510153 
0.09574468085106383 0.0018230029830956914 
0.10106382978723404 0.0014501160092807838 
0.14893617021276595 0.0011317978609018174 
0.18617021276595744 0.0010357971494861483 
0.13297872340425532 0.0012325986078886076 

0.06382978723404255 0.5033715197215777 
0.851063829787234 0.4961007991750452 
0.3882978723404255 0.4967130703789636 
0.7606382978723404 0.49655674581626097 
0.18085106382978725 0.49738979118329474 
0.0851063829787234 0.5022235112142304 
0.09042553191489362 0.5005536806580889 
0.09574468085106383 0.5002269746797133 
0.11170212765957446 0.49873989919193545 
0.2765957446808511 0.49697547232350014 
0.16489361702127658 0.49837212783474305 
0.11702127659574468 0.4985498839907192 
0.8085106382978723 0.49648346867749427 
0.8191489361702128 0.49634570765661246 

0.06382978723404255 0.5022235112142304 
0.5319148936170213 0.49663320891758306 
0.16489361702127658 0.49750736815702 
0.09042553191489362 0.5002269746797133 
0.39893617021276595 0.4967130703789636 
0.30319148936170215 0.49738979118329474 
0.11170212765957446 0.49894348690752416 
0.30851063829787234 0.4972782437979653 
0.12234042553191489 0.49837212783474305 

0.0 0.006824075337791613 
0.675531914893617 0.0 
0.010638297872340425 0.006283836040216436 
0.026595744680851064 0.00428729950569939 
0.5159574468085106 5.178985747414591E-5 
0.03723404255319149 0.002800224017921473 
0.43617021276595747 4.0603248259845503E-4 
0.12234042553191489 0.0014501160092807838 
0.30851063829787234 4.7350726833660046E-4 
0.031914893617021274 0.003987819025521862 
0.24468085106382978 5.437935034802939E-4 
0.18085106382978725 0.0013385686239513572 
0.11702127659574468 0.002265806264501078 
0.19680851063829788 0.0010357971494861483 
0.06382978723404255 0.002610208816705235 
0.11170212765957446 0.0024324526607290473 
0.4787234042553192 2.7886846332327286E-4 
0.4946808510638298 1.0546298249297172E-4 

0.06382978723404255 0.5033715197215777 
0.7021276595744681 0.49628087894090345 
0.11170212765957446 0.49873989919193545 
0.0851063829787234 0.5022235112142304 
0.09042553191489362 0.5005536806580889 
0.5904255319148937 0.49648346867749427 
0.4521276595744681 0.49655674581626097 
0.2712765957446808 0.49697547232350014 
0.15425531914893617 0.49837212783474305 
0.3670212765957447 0.49663320891758306 
0.2074468085106383 0.49750736815702 
0.2127659574468085 0.49738979118329474 

0.3670212765957447 4.0603248259845503E-4 
0.005319148936170213 0.0053654292343387824 
0.03723404255319149 0.0024324526607290473 
0.031914893617021274 0.003712296983758478 
0.12234042553191489 0.0012325986078886076 
0.07446808510638298 0.0019619216596150225 
0.18085106382978725 0.0011317978609018174 
0.2872340425531915 5.437935034802939E-4 
0.324468085106383 4.7350726833660046E-4 
0.25 7.733952049496339E-4 
0.2127659574468085 9.442615874385475E-4 
0.28191489361702127 6.935337435690578E-4 
0.2074468085106383 0.0010357971494861483 

0.06382978723404255 0.5033715197215777 
0.6542553191489362 0.49663320891758306 
0.09042553191489362 0.5005536806580889 
0.42021276595744683 0.4967130703789636 
0.25 0.49738979118329474 
0.1276595744680851 0.5002269746797133 
0.3723404255319149 0.4971722737819026 
0.22872340425531915 0.49837212783474305 
0.14361702127659576 0.49894348690752416 
0.15425531914893617 0.4985498839907192 
0.4095744680851064 0.4970714730349158 
0.2393617021276596 0.4977626781571097 

0.06382978723404255 0.6680769755698103 
0.3404255319148936 0.661796693735499 
0.2074468085106383 0.6629447022428462 
0.11702127659574468 0.6636853528927477 
0.0851063829787234 0.6675367362722351 
0.2872340425531915 0.6628205932150246 
0.09042553191489362 0.6658669057160935 
0.09574468085106383 0.665540199737718 
0.11170212765957446 0.6640531242499401 
0.3351063829787234 0.6620262954369682 
0.2925531914893617 0.6627030162412995 

