0.0 0.14619154414818494 
0.029585798816568046 0.14398205831049068 
0.01775147928994083 0.1454024420632943 
0.04142011834319527 0.14303513580862187 
0.08284023668639054 0.14273922252678786 
0.1301775147928994 0.14194253292185005 
0.13609467455621302 0.14185148268128578 
0.011834319526627219 0.14577622726140033 
0.4970414201183432 0.14103203051620697 
0.23668639053254437 0.14125965611761773 
0.3609467455621302 0.14119926565193733 
0.09467455621301775 0.1426047164895907 
0.1893491124260355 0.14152866819201232 
0.17751479289940827 0.1416037413290526 
