247.0 14.020408163265307 
123.0 14.058823529411764 
180.0 14.02127659574468 
127.0 14.055555555555555 
128.0 14.043478260869565 
151.0 14.026315789473685 
133.0 14.03225806451613 
132.0 14.035714285714286 
162.0 14.023255813953488 
171.0 14.022222222222222 

123.0 14.0625 
218.0 14.018181818181818 
127.0 14.058823529411764 
128.0 14.045454545454545 
198.0 14.019607843137255 
129.0 14.043478260869565 
132.0 14.03448275862069 
141.0 14.027027027027026 
150.0 14.025641025641026 
133.0 14.03225806451613 
160.0 14.023809523809524 
189.0 14.020408163265307 
162.0 14.023255813953488 
171.0 14.021739130434783 
180.0 14.020833333333334 
172.0 14.02127659574468 

123.0 14.0625 
175.0 14.02127659574468 
132.0 14.03448275862069 
127.0 14.058823529411764 
128.0 14.045454545454545 
160.0 14.023809523809524 
141.0 14.027027027027026 
140.0 14.03225806451613 
150.0 14.026315789473685 
158.0 14.025 

111.0 11.055555555555555 
176.0 11.020408163265307 
116.0 11.04 
114.0 11.05 
118.0 11.033333333333333 
125.0 11.03125 
163.0 11.021739130434783 
149.0 11.023255813953488 
164.0 11.020833333333334 
133.0 11.025641025641026 
134.0 11.025 
144.0 11.024390243902438 
113.0 11.052631578947368 
148.0 11.023809523809524 

114.0 11.055555555555555 
195.0 11.01923076923077 
151.0 11.020833333333334 
172.0 11.020408163265307 
123.0 11.03448275862069 
121.0 11.041666666666666 
116.0 11.05 
133.0 11.025641025641026 
119.0 11.045454545454545 
127.0 11.030303030303031 
143.0 11.022727272727273 
126.0 11.03125 
137.0 11.025 
141.0 11.023255813953488 

130.0 14.0625 
233.0 14.021739130434783 
199.0 14.022727272727273 
135.0 14.05 
139.0 14.041666666666666 
150.0 14.033333333333333 
166.0 14.027027027027026 
184.0 14.024390243902438 
155.0 14.03125 
175.0 14.025 

123.0 14.0625 
220.0 14.021739130434783 
133.0 14.03225806451613 
128.0 14.045454545454545 
184.0 14.022222222222222 
151.0 14.026315789473685 
129.0 14.043478260869565 
148.0 14.03125 
167.0 14.024390243902438 

123.0 14.058823529411764 
213.0 14.020833333333334 
125.0 14.043478260869565 
195.0 14.022222222222222 
159.0 14.023809523809524 
128.0 14.041666666666666 
133.0 14.033333333333333 
145.0 14.025 
142.0 14.026315789473685 
141.0 14.030303030303031 
136.0 14.03225806451613 

123.0 14.055555555555555 
215.0 14.023255813953488 
182.0 14.023809523809524 
128.0 14.045454545454545 
136.0 14.038461538461538 
165.0 14.025 
143.0 14.03125 
158.0 14.028571428571428 
129.0 14.041666666666666 
149.0 14.029411764705882 

123.0 14.0625 
253.0 14.019607843137255 
178.0 14.021739130434783 
226.0 14.02127659574468 
127.0 14.058823529411764 
128.0 14.045454545454545 
129.0 14.043478260869565 
132.0 14.035714285714286 
161.0 14.023255813953488 
143.0 14.03125 
133.0 14.03225806451613 
151.0 14.027027027027026 
152.0 14.025641025641026 
235.0 14.020833333333334 
236.0 14.020408163265307 
245.0 14.02 

