0.8047337278106509 0.567314391492954 
0.07100591715976332 0.5727708476861962 
0.40828402366863903 0.567437742231365 
0.09467455621301775 0.5723066699892017 
0.10059171597633136 0.5705912306742217 
0.23668639053254437 0.5681535011213557 
0.1301775147928994 0.5689975322138534 
0.1242603550295858 0.569488448257449 
0.30177514792899407 0.5677188671700694 
0.35502958579881655 0.5675720574798571 

0.07100591715976332 0.5732930475953152 
0.6331360946745562 0.566998165054482 
0.09467455621301775 0.5727708476861962 
0.10059171597633136 0.5708719389257639 
0.514792899408284 0.5672007153222615 
0.10650887573964497 0.5705912306742217 
0.1242603550295858 0.569313524149961 
0.17751479289940827 0.5682545241478706 
0.23076923076923078 0.5680576587628668 
0.1301775147928994 0.5689975322138534 
0.28994082840236685 0.5677975152183973 
0.46153846153846156 0.567314391492954 
0.30177514792899407 0.5677188671700694 
0.35502958579881655 0.5675034399072579 
0.40828402366863903 0.5673747819586344 
0.3609467455621302 0.567437742231365 

0.07100591715976332 0.5732930475953152 
0.378698224852071 0.567437742231365 
0.1242603550295858 0.569313524149961 
0.09467455621301775 0.5727708476861962 
0.10059171597633136 0.5708719389257639 
0.28994082840236685 0.5677975152183973 
0.17751479289940827 0.5682545241478706 
0.17159763313609466 0.5689975322138534 
0.23076923076923078 0.5681535011213557 
0.2781065088757396 0.5679666085223025 

0.0 0.14619154414818494 
0.38461538461538464 0.14119926565193733 
0.029585798816568046 0.14398205831049068 
0.01775147928994083 0.1454024420632943 
0.04142011834319527 0.14303513580862187 
0.08284023668639054 0.14273922252678786 
0.3076923076923077 0.14138831406624122 
0.22485207100591717 0.1416037413290526 
0.3136094674556213 0.14125965611761773 
0.1301775147928994 0.14194253292185005 
0.13609467455621302 0.14185148268128578 
0.1952662721893491 0.14176487391587078 
0.011834319526627219 0.14577622726140033 
0.21893491124260356 0.14168238937738056 

0.01775147928994083 0.14619154414818494 
0.4970414201183432 0.14103203051620697 
0.23668639053254437 0.14125965611761773 
0.3609467455621302 0.14119926565193733 
0.07100591715976332 0.14319839830894424 
0.05917159763313609 0.14421878893595796 
0.029585798816568046 0.1454024420632943 
0.1301775147928994 0.14194253292185005 
0.047337278106508875 0.14475681308474714 
0.09467455621301775 0.1426047164895907 
0.1893491124260355 0.14152866819201232 
0.08875739644970414 0.14273922252678786 
0.15384615384615385 0.14185148268128578 
0.17751479289940827 0.1416037413290526 

0.11242603550295859 0.5732930475953152 
0.7218934911242604 0.5675034399072579 
0.5207100591715976 0.5676437940330291 
0.14201183431952663 0.5715175679043111 
0.16568047337278108 0.5703339147769747 
0.23076923076923078 0.5691502616496387 
0.3254437869822485 0.5682545241478706 
0.4319526627218935 0.5678799997568875 
0.2603550295857988 0.5688543483678046 
0.378698224852071 0.5679666085223025 

0.07100591715976332 0.5732930475953152 
0.6449704142011834 0.5675034399072579 
0.1301775147928994 0.5689975322138534 
0.10059171597633136 0.5708719389257639 
0.4319526627218935 0.5675720574798571 
0.23668639053254437 0.5681535011213557 
0.10650887573964497 0.5705912306742217 
0.21893491124260356 0.5688543483678046 
0.33136094674556216 0.5678799997568875 

0.07100591715976332 0.5727708476861962 
0.6035502958579881 0.5673747819586344 
0.08284023668639054 0.5705912306742217 
0.4970414201183432 0.5675720574798571 
0.28402366863905326 0.5677975152183973 
0.10059171597633136 0.5703339147769747 
0.1301775147928994 0.5691502616496387 
0.20118343195266272 0.5679666085223025 
0.1834319526627219 0.5681535011213557 
0.17751479289940827 0.5687198423306075 
0.14792899408284024 0.5689975322138534 

0.07100591715976332 0.5723066699892017 
0.6153846153846154 0.5677188671700694 
0.42011834319526625 0.5677975152183973 
0.10059171597633136 0.5708719389257639 
0.14792899408284024 0.5698786635741532 
0.31952662721893493 0.5679666085223025 
0.1893491124260355 0.5688543483678046 
0.2781065088757396 0.568473888434018 
0.10650887573964497 0.5703339147769747 
0.22485207100591717 0.5685932484132451 

0.07100591715976332 0.5732930475953152 
0.8402366863905325 0.5672007153222615 
0.39644970414201186 0.5675034399072579 
0.6804733727810651 0.567437742231365 
0.09467455621301775 0.5727708476861962 
0.10059171597633136 0.5708719389257639 
0.10650887573964497 0.5705912306742217 
0.1242603550295858 0.569488448257449 
0.2958579881656805 0.5677188671700694 
0.1893491124260355 0.5688543483678046 
0.1301775147928994 0.5689975322138534 
0.23668639053254437 0.5682545241478706 
0.24260355029585798 0.5680576587628668 
0.7337278106508875 0.5673747819586344 
0.7396449704142012 0.567314391492954 
0.7928994082840237 0.5672564166459008 

