0.0 0.14717792175429845 
0.26627218934911245 0.14152866819201232 
0.011834319526627219 0.14665572184517953 
0.029585798816568046 0.14475681308474714 
0.04142011834319527 0.14337332241643233 
0.17751479289940827 0.14185148268128578 
0.03550295857988166 0.14447610483320494 
0.08284023668639054 0.1428824063728367 
0.13609467455621302 0.14213939830685388 
0.1301775147928994 0.14224603372373124 
0.5502958579881657 0.14125965611761773 
0.28994082840236685 0.14138831406624122 
0.17159763313609466 0.14194253292185005 
0.4319526627218935 0.14132261639034827 
