123.0 14.066666666666666 
194.0 14.026315789473685 
151.0 14.027027027027026 
133.0 14.033333333333333 
128.0 14.047619047619047 
129.0 14.043478260869565 

121.0 14.066666666666666 
230.0 14.02127659574468 
126.0 14.043478260869565 
193.0 14.021739130434783 
136.0 14.03448275862069 
148.0 14.033333333333333 
178.0 14.022222222222222 
149.0 14.027777777777779 
154.0 14.026315789473685 
166.0 14.025641025641026 
172.0 14.023809523809524 
169.0 14.025 

123.0 14.066666666666666 
203.0 14.022727272727273 
128.0 14.047619047619047 
158.0 14.03125 
179.0 14.027777777777779 
135.0 14.043478260869565 
142.0 14.035714285714286 
185.0 14.027027027027026 
148.0 14.033333333333333 

111.0 11.0625 
192.0 11.021739130434783 
156.0 11.022727272727273 
190.0 11.022222222222222 
113.0 11.058823529411764 
116.0 11.045454545454545 
118.0 11.035714285714286 
141.0 11.025 
117.0 11.043478260869565 
125.0 11.03225806451613 
134.0 11.027027027027026 
133.0 11.027777777777779 

123.0 14.0625 
204.0 11.020833333333334 
127.0 11.047619047619047 
160.0 11.021739130434783 
156.0 11.024390243902438 
146.0 11.025 
133.0 11.037037037037036 
134.0 11.03125 
140.0 11.025641025641026 

123.0 14.071428571428571 
263.0 14.022222222222222 
128.0 14.05 
254.0 14.024390243902438 
207.0 14.027027027027026 
173.0 14.027777777777779 
136.0 14.047619047619047 
149.0 14.037037037037036 
166.0 14.03225806451613 
162.0 14.03448275862069 
156.0 14.035714285714286 

135.0 14.047619047619047 
225.0 14.02127659574468 
186.0 14.021739130434783 
146.0 14.037037037037036 
177.0 14.023809523809524 
157.0 14.033333333333333 
164.0 14.028571428571428 
166.0 14.027027027027026 
154.0 14.03448275862069 

123.0 14.0625 
209.0 14.023255813953488 
181.0 14.023809523809524 
128.0 14.05 
145.0 14.03448275862069 
131.0 14.043478260869565 
169.0 14.025641025641026 
151.0 14.03125 
160.0 14.028571428571428 
129.0 14.045454545454545 

122.0 11.043478260869565 
184.0 11.02127659574468 
129.0 11.03225806451613 
148.0 11.025 
172.0 11.024390243902438 
134.0 11.028571428571428 
176.0 11.023255813953488 
139.0 11.027777777777779 
143.0 11.026315789473685 
178.0 11.022727272727273 

123.0 14.0625 
219.0 14.02127659574468 
127.0 14.058823529411764 
128.0 14.043478260869565 
189.0 14.021739130434783 
158.0 14.025641025641026 
181.0 14.024390243902438 
156.0 14.028571428571428 
140.0 14.03225806451613 
138.0 14.03448275862069 
129.0 14.041666666666666 

