0.06382978723404255 0.5033715197215777 
0.7340425531914894 0.4959914650314881 
0.09042553191489362 0.5002269746797133 
0.5797872340425532 0.49628087894090345 
0.3776595744680851 0.49634570765661246 
0.19148936170212766 0.497901596833629 
0.11702127659574468 0.49820548143851506 
0.2127659574468085 0.4971722737819026 
0.09574468085106383 0.49965197215777246 
0.11170212765957446 0.49873989919193545 
0.32978723404255317 0.49663320891758306 
0.26595744680851063 0.49697547232350014 
0.28191489361702127 0.49688393676145254 

0.010638297872340425 0.003987819025521862 
0.4574468085106383 4.0603248259845503E-4 
0.031914893617021274 0.0024324526607290473 
0.28191489361702127 4.7350726833660046E-4 
0.15425531914893617 8.568867327568268E-4 
0.07446808510638298 0.0013385686239513572 
0.2393617021276596 6.935337435690578E-4 
0.1276595744680851 0.0012325986078886076 
0.06914893617021277 0.0019619216596150225 
0.047872340425531915 0.002109259649862958 

0.06382978723404255 0.5033715197215777 
0.32978723404255317 0.49663320891758306 
0.2074468085106383 0.4972782437979653 
0.30319148936170215 0.49697547232350014 
0.0851063829787234 0.5027637505118056 
0.09042553191489362 0.5005536806580889 
0.19680851063829788 0.49804893482387697 
0.14361702127659576 0.49894348690752416 
0.09574468085106383 0.5002269746797133 
0.1595744680851064 0.49837212783474305 
0.15425531914893617 0.4985498839907192 

0.06382978723404255 0.5033715197215777 
0.42021276595744683 0.4964131824423506 
0.0851063829787234 0.5027637505118056 
0.09042553191489362 0.5002269746797133 
0.324468085106383 0.49697547232350014 
0.25 0.4971722737819026 
0.15425531914893617 0.49804893482387697 
0.11170212765957446 0.49894348690752416 
0.2127659574468085 0.49738979118329474 
0.11702127659574468 0.49837212783474305 
0.3723404255319149 0.4967130703789636 

0.05319148936170213 0.006283836040216436 
0.5585106382978723 4.0603248259845503E-4 
0.35106382978723405 4.7350726833660046E-4 
0.07446808510638298 0.005800464037122842 
0.0797872340425532 0.00428729950569939 
0.19680851063829788 0.002109259649862958 
0.20212765957446807 0.0013385686239513572 
0.0851063829787234 0.003987819025521862 
0.10106382978723404 0.002800224017921473 
0.25 0.0010357971494861483 
0.30319148936170215 7.733952049496339E-4 
0.10638297872340426 0.0024324526607290473 
0.14361702127659576 0.002265806264501078 

0.75 0.4961007991750452 
0.05319148936170213 0.5027637505118056 
0.4521276595744681 0.4961585606093769 
0.10106382978723404 0.49837212783474305 
0.0851063829787234 0.5002269746797133 
0.07446808510638298 0.5013051044083527 
0.35638297872340424 0.49621854363733725 
0.14361702127659576 0.49804893482387697 
0.22340425531914893 0.49688393676145254 
0.1595744680851064 0.4972782437979653 
0.0797872340425532 0.5005536806580889 
0.2872340425531915 0.49655674581626097 
0.1702127659574468 0.4971722737819026 
0.31382978723404253 0.49648346867749427 
0.12234042553191489 0.49820548143851506 

0.015957446808510637 0.005800464037122842 
0.40425531914893614 1.611240010311982E-4 
0.25 4.0603248259845503E-4 
0.3617021276595745 3.4120376688949255E-4 
0.0425531914893617 0.00428729950569939 
0.05319148936170213 0.003987819025521862 
0.06382978723404255 0.002610208816705235 
0.1276595744680851 0.0011317978609018174 
0.10638297872340426 0.0019619216596150225 
0.07446808510638298 0.002109259649862958 
0.1702127659574468 7.733952049496339E-4 
0.2074468085106383 6.935337435690578E-4 
0.23404255319148937 6.170706422469921E-4 

0.05319148936170213 0.5013051044083527 
0.44148936170212766 0.49621854363733725 
0.0797872340425532 0.49939764411922183 
0.07446808510638298 0.5009115014915478 
0.22872340425531915 0.4970714730349158 
0.11702127659574468 0.4985498839907192 
0.34574468085106386 0.49634570765661246 
0.1702127659574468 0.4971722737819026 
0.2978723404255319 0.49663320891758306 
0.13297872340425532 0.497901596833629 
0.16489361702127658 0.4972782437979653 
0.39361702127659576 0.49628087894090345 
0.26063829787234044 0.4967130703789636 
0.24468085106382978 0.4967965619067708 
0.1276595744680851 0.49820548143851506 

0.10638297872340426 0.5033715197215777 
0.8138297872340425 0.4959914650314881 
0.40425531914893614 0.4967130703789636 
0.601063829787234 0.49663320891758306 
0.2712765957446808 0.4971722737819026 
0.1702127659574468 0.49873989919193545 
0.16489361702127658 0.5002269746797133 
0.11170212765957446 0.5027637505118056 
0.13297872340425532 0.5013051044083527 
0.7340425531914894 0.49634570765661246 
0.2553191489361702 0.497901596833629 
0.13829787234042554 0.5005536806580889 
0.648936170212766 0.49655674581626097 
0.22340425531914893 0.49820548143851506 
0.7819148936170213 0.4961007991750452 

0.10638297872340426 0.5027637505118056 
0.7340425531914894 0.4964131824423506 
0.3670212765957447 0.49655674581626097 
0.5585106382978723 0.49648346867749427 
0.11170212765957446 0.5013051044083527 
0.13297872340425532 0.5009115014915478 
0.13829787234042554 0.49992749419953586 
0.19680851063829788 0.49873989919193545 
0.1595744680851064 0.49965197215777246 
0.2712765957446808 0.49804893482387697 
0.30319148936170215 0.4972782437979653 
0.3191489361702128 0.4971722737819026 
0.22340425531914893 0.49837212783474305 
0.2553191489361702 0.49820548143851506 

