123.0 14.0625 
249.0 14.017857142857142 
128.0 14.043478260869565 
220.0 14.019607843137255 
182.0 14.02 
147.0 14.029411764705882 
133.0 14.03125 
151.0 14.025 
129.0 14.04 
132.0 14.03448275862069 
173.0 14.021739130434783 
161.0 14.023809523809524 
164.0 14.023255813953488 

113.0 11.041666666666666 
197.0 11.02 
117.0 11.03225806451613 
164.0 11.020408163265307 
140.0 11.022727272727273 
125.0 11.025641025641026 
156.0 11.021739130434783 
135.0 11.025 
124.0 11.029411764705882 
120.0 11.030303030303031 

123.0 14.0625 
173.0 14.021739130434783 
150.0 14.025641025641026 
168.0 14.023809523809524 
127.0 14.058823529411764 
128.0 14.045454545454545 
148.0 14.030303030303031 
138.0 14.035714285714286 
129.0 14.043478260869565 
141.0 14.03225806451613 
140.0 14.033333333333333 

123.0 14.0625 
190.0 14.020408163265307 
127.0 14.058823529411764 
128.0 14.043478260869565 
172.0 14.023809523809524 
158.0 14.025 
140.0 14.030303030303031 
132.0 14.035714285714286 
151.0 14.026315789473685 
133.0 14.03225806451613 
181.0 14.022222222222222 

121.0 11.055555555555555 
216.0 11.02 
177.0 11.020408163265307 
125.0 11.052631578947368 
126.0 11.043478260869565 
148.0 11.030303030303031 
149.0 11.025641025641026 
127.0 11.041666666666666 
130.0 11.03448275862069 
158.0 11.023809523809524 
168.0 11.022222222222222 
131.0 11.03225806451613 
138.0 11.03125 

252.0 14.018518518518519 
121.0 14.058823529411764 
196.0 14.018867924528301 
130.0 14.03225806451613 
127.0 14.043478260869565 
125.0 14.05 
178.0 14.01923076923077 
138.0 14.030303030303031 
153.0 14.023255813953488 
141.0 14.025641025641026 
126.0 14.045454545454545 
165.0 14.02127659574468 
143.0 14.025 
170.0 14.020833333333334 
134.0 14.03125 

114.0 11.052631578947368 
187.0 11.018518518518519 
158.0 11.02 
179.0 11.019607843137255 
119.0 11.043478260869565 
121.0 11.041666666666666 
123.0 11.033333333333333 
135.0 11.024390243902438 
131.0 11.029411764705882 
125.0 11.030303030303031 
143.0 11.022222222222222 
150.0 11.021739130434783 
155.0 11.02127659574468 

121.0 14.05 
194.0 14.01923076923077 
126.0 14.038461538461538 
125.0 14.047619047619047 
154.0 14.024390243902438 
133.0 14.033333333333333 
176.0 14.02 
143.0 14.025 
167.0 14.021739130434783 
136.0 14.029411764705882 
142.0 14.025641025641026 
185.0 14.019607843137255 
160.0 14.022222222222222 
157.0 14.022727272727273 
135.0 14.03125 

131.0 14.0625 
264.0 14.017857142857142 
187.0 14.022222222222222 
224.0 14.021739130434783 
162.0 14.025 
143.0 14.03448275862069 
142.0 14.043478260869565 
132.0 14.058823529411764 
136.0 14.05 
249.0 14.02 
159.0 14.029411764705882 
137.0 14.045454545454545 
233.0 14.02127659574468 
153.0 14.03125 
258.0 14.018518518518519 

131.0 14.058823529411764 
249.0 14.020408163265307 
180.0 14.02127659574468 
216.0 14.020833333333334 
132.0 14.05 
136.0 14.047619047619047 
137.0 14.041666666666666 
148.0 14.03448275862069 
141.0 14.04 
162.0 14.030303030303031 
168.0 14.025641025641026 
171.0 14.025 
153.0 14.03225806451613 
159.0 14.03125 

