0.34574468085106386 6.170706422469921E-4 
0.17553191489361702 0.0014501160092807838 
0.0 0.006283836040216436 
0.5 5.437935034802939E-4 
0.20212765957446807 0.0012325986078886076 
0.02127659574468085 0.005800464037122842 
0.026595744680851064 0.004614005484074928 
0.10638297872340426 0.002109259649862958 
0.2872340425531915 0.0010357971494861483 
0.0851063829787234 0.0034579689452078196 
0.09574468085106383 0.002800224017921473 
0.05319148936170213 0.003987819025521862 
0.324468085106383 7.733952049496339E-4 
0.10106382978723404 0.002610208816705235 
0.047872340425531915 0.00428729950569939 
