0.10638297872340426 0.5027637505118056 
0.8085106382978723 0.49634570765661246 
0.1276595744680851 0.5005536806580889 
0.5904255319148937 0.4964131824423506 
0.39893617021276595 0.49648346867749427 
0.24468085106382978 0.4972782437979653 
0.16489361702127658 0.49992749419953586 
0.18617021276595744 0.49894348690752416 
0.3404255319148936 0.4971722737819026 
0.21808510638297873 0.4985498839907192 
0.2393617021276596 0.497901596833629 
0.3829787234042553 0.4967965619067708 
0.23404255319148937 0.49804893482387697 
0.34574468085106386 0.49697547232350014 

0.06382978723404255 0.5033715197215777 
0.5478723404255319 5.437935034802939E-4 
0.0851063829787234 0.00428729950569939 
0.34574468085106386 6.170706422469921E-4 
0.26063829787234044 0.0012325986078886076 
0.2074468085106383 0.0013385686239513572 
0.13297872340425532 0.0024324526607290473 
0.30319148936170215 0.0010357971494861483 
0.17553191489361702 0.0014501160092807838 

0.6276595744680851 0.49655674581626097 
0.06382978723404255 0.5022235112142304 
0.4574468085106383 0.4967130703789636 
0.09042553191489362 0.5005536806580889 
0.12234042553191489 0.49992749419953586 
0.1702127659574468 0.4985498839907192 
0.25 0.49738979118329474 
0.3404255319148936 0.4970714730349158 
0.19148936170212766 0.49804893482387697 

0.1276595744680851 0.5013051044083527 
0.5585106382978723 6.935337435690578E-4 
0.4734042553191489 0.49655674581626097 
0.48404255319148937 0.0018230029830956914 
0.3776595744680851 0.49663320891758306 
0.2872340425531915 0.4972782437979653 
0.2393617021276596 0.49738979118329474 
0.13829787234042554 0.5005536806580889 
0.5159574468085106 7.733952049496339E-4 
0.18085106382978725 0.49837212783474305 
0.21808510638297873 0.49820548143851506 
0.5053191489361702 0.0014501160092807838 
0.4946808510638298 0.0015676929830060068 

0.05851063829787234 0.5027637505118056 
0.40425531914893614 0.49648346867749427 
0.0797872340425532 0.5002269746797133 
0.30851063829787234 0.49655674581626097 
0.18085106382978725 0.49804893482387697 
0.19680851063829788 0.4972782437979653 
0.09042553191489362 0.49992749419953586 
0.10106382978723404 0.49894348690752416 
0.26063829787234044 0.49688393676145254 
0.22340425531914893 0.49697547232350014 
0.13829787234042554 0.49820548143851506 
0.11170212765957446 0.4985498839907192 
0.13297872340425532 0.49837212783474305 

0.10106382978723404 0.5033715197215777 
0.574468085106383 0.4967130703789636 
0.2553191489361702 0.49738979118329474 
0.1702127659574468 0.49873989919193545 
0.1276595744680851 0.5013051044083527 
0.46808510638297873 0.4967965619067708 
0.35638297872340424 0.4971722737819026 
0.14893617021276595 0.49992749419953586 

0.09042553191489362 0.5005536806580889 
0.6702127659574468 0.4967130703789636 
0.15425531914893617 0.4985498839907192 
0.14361702127659576 0.5002269746797133 
0.3191489361702128 0.49750736815702 
0.601063829787234 0.4970714730349158 
0.44680851063829785 0.4972782437979653 
0.25 0.49804893482387697 

0.0 0.006283836040216436 
0.5 5.437935034802939E-4 
0.35638297872340424 6.935337435690578E-4 
0.4787234042553192 6.170706422469921E-4 
0.20212765957446807 0.0012325986078886076 
0.02127659574468085 0.005800464037122842 
0.026595744680851064 0.004614005484074928 
0.10638297872340426 0.002109259649862958 
0.18617021276595744 0.001691802010827581 
0.2872340425531915 0.0010357971494861483 
0.0851063829787234 0.0034579689452078196 
0.09574468085106383 0.002800224017921473 
0.05319148936170213 0.003987819025521862 
0.324468085106383 7.733952049496339E-4 
0.10106382978723404 0.002610208816705235 
0.047872340425531915 0.00428729950569939 

0.6329787234042553 6.170706422469921E-4 
0.06382978723404255 0.5040603248259861 
0.11170212765957446 0.004971826317533864 
0.10638297872340426 0.49992749419953586 
0.4521276595744681 6.935337435690578E-4 
0.18085106382978725 0.0015676929830060068 
0.3191489361702128 0.0013385686239513572 
0.39361702127659576 0.0012325986078886076 
0.40425531914893614 7.733952049496339E-4 
0.14361702127659576 0.002800224017921473 
0.07446808510638298 0.5033715197215777 
0.09042553191489362 0.5009115014915478 
0.10106382978723404 0.5002269746797133 

0.06382978723404255 0.5033715197215777 
0.5372340425531915 0.49648346867749427 
0.09042553191489362 0.5005536806580889 
0.39893617021276595 0.49663320891758306 
0.2712765957446808 0.4972782437979653 
0.09574468085106383 0.49992749419953586 
0.35106382978723405 0.49697547232350014 
0.16489361702127658 0.49894348690752416 
0.26063829787234044 0.497901596833629 
0.20212765957446807 0.49820548143851506 
0.1702127659574468 0.4985498839907192 
0.2393617021276596 0.49804893482387697 

