131.0 14.058823529411764 
263.0 14.02 
135.0 14.045454545454545 
222.0 14.020408163265307 
186.0 14.020833333333334 
157.0 14.025641025641026 
142.0 14.041666666666666 
146.0 14.035714285714286 
175.0 14.025 
152.0 14.033333333333333 
156.0 14.029411764705882 
183.0 14.022727272727273 
155.0 14.030303030303031 
176.0 14.023809523809524 

123.0 14.0625 
214.0 11.020833333333334 
127.0 11.043478260869565 
176.0 11.02127659574468 
160.0 11.025 
150.0 11.025641025641026 
136.0 11.03225806451613 
168.0 11.023809523809524 
144.0 11.026315789473685 

229.0 14.02127659574468 
123.0 14.055555555555555 
197.0 14.022222222222222 
128.0 14.045454545454545 
134.0 14.041666666666666 
143.0 14.033333333333333 
158.0 14.026315789473685 
175.0 14.024390243902438 
147.0 14.030303030303031 

135.0 14.05 
216.0 11.021739130434783 
200.0 14.02127659574468 
202.0 11.028571428571428 
182.0 14.021739130434783 
165.0 14.025641025641026 
156.0 14.026315789473685 
137.0 14.045454545454545 
208.0 11.022222222222222 
145.0 14.03225806451613 
152.0 14.03125 
206.0 11.026315789473685 
204.0 11.027027027027026 

122.0 14.058823529411764 
187.0 14.020833333333334 
126.0 14.043478260869565 
169.0 14.02127659574468 
145.0 14.030303030303031 
148.0 14.025641025641026 
128.0 14.041666666666666 
130.0 14.035714285714286 
160.0 14.023255813953488 
153.0 14.023809523809524 
137.0 14.03125 
132.0 14.033333333333333 
136.0 14.03225806451613 

130.0 14.0625 
219.0 14.022222222222222 
159.0 14.026315789473685 
143.0 14.03448275862069 
135.0 14.05 
199.0 14.022727272727273 
178.0 14.025 
139.0 14.041666666666666 

128.0 14.045454545454545 
237.0 14.022222222222222 
140.0 14.033333333333333 
138.0 14.043478260869565 
171.0 14.027027027027026 
224.0 14.024390243902438 
195.0 14.025641025641026 
158.0 14.030303030303031 

111.0 11.055555555555555 
205.0 11.020833333333334 
178.0 11.021739130434783 
201.0 11.02127659574468 
149.0 11.025 
115.0 11.052631578947368 
116.0 11.045454545454545 
131.0 11.030303030303031 
146.0 11.027777777777779 
165.0 11.023809523809524 
127.0 11.038461538461538 
129.0 11.03448275862069 
121.0 11.041666666666666 
172.0 11.022222222222222 
130.0 11.033333333333333 
120.0 11.043478260869565 

230.0 11.02127659574468 
123.0 14.066666666666666 
132.0 11.047619047619047 
131.0 14.041666666666666 
196.0 11.021739130434783 
145.0 11.027027027027026 
171.0 11.025641025641026 
185.0 11.025 
187.0 11.022222222222222 
138.0 11.03448275862069 
125.0 14.0625 
128.0 14.047619047619047 
130.0 14.043478260869565 

123.0 14.0625 
212.0 14.020833333333334 
128.0 14.045454545454545 
186.0 14.021739130434783 
162.0 14.025641025641026 
129.0 14.041666666666666 
177.0 14.023809523809524 
142.0 14.035714285714286 
160.0 14.029411764705882 
149.0 14.03125 
143.0 14.033333333333333 
156.0 14.030303030303031 

