0.011587848418415283 0.6581874891583823 
0.2878170999060445 0.2632481077367689 
0.01534606952709051 0.5792774241856983 
0.015659254619480114 0.4213996879197178 
0.01659880989664892 0.4213864009446191 
0.01691199498903852 0.263524427487607 
0.22674600689007204 0.2632813624974803 
0.1559661760100219 0.2632986705308327 
0.22987785781396805 0.2632657028482563 
0.012840588787973693 0.6581735841844415 
0.10272471030378955 0.26338379200633805 
0.12965862824929533 0.2633572515667959 
0.06984027560288131 0.2634060997033669 
0.09489508299404949 0.2633984117399838 
0.04541183839649233 0.2634584369925501 
0.06357657375508925 0.26343084096734426 
0.02192295646727216 0.2634894121228828 
0.1506420294393987 0.2633337882796644 
0.035076730347635456 0.2634786740777007 
0.13748825555903538 0.26334516972491484 
0.04415909802693392 0.2634683571323297 
0.13122455371124334 0.26335111911675013 
0.10021922956467272 0.2633909800420472 
0.020983401190103352 0.2635005975866141 
0.06451612903225806 0.2634222993404948 
0.06796116504854369 0.2634140574198508 
0.017851550266207328 0.2635122590275256 
0.15502662073285312 0.2633128963116707 
0.15189476980895708 0.2633230480425973 
0.1534606952709051 0.2633179016790025 

0.019104290635765738 0.1582458312933791 
0.010648293141246476 0.5529692134896178 
0.015972439711869714 0.36876997955245827 
0.017851550266207328 0.263524427487607 
0.01816473535859693 0.15826775480229247 
0.011274663326025681 0.4477363707052962 
0.013153773880363295 0.3950781902485387 
0.011901033510804886 0.39509147722363747 
0.01659880989664892 0.31615355816029744 

0.010648293141246476 0.5266464356779803 
0.058565612276855625 0.1581244087824743 
0.015659254619480114 0.39509147722363747 
0.016285624804259317 0.289820469723606 
0.02505480739116818 0.1582355143480081 
0.038834951456310676 0.1582255942082285 
0.04290635765737551 0.1581894565561732 
0.05355465079862198 0.15815094922201642 
0.015032884434700909 0.44770789861579824 
0.011274663326025681 0.47403001428581953 
0.02348888192922017 0.1582458312933791 
0.022862511744440966 0.2108622526855399 
0.017538365173817728 0.2108841761944533 
0.01691199498903852 0.23720404833144518 
0.013153773880363295 0.47401610931187865 
0.021609771374882555 0.21087299073072197 
0.05731287190729721 0.1581439930584266 
0.040400876918258694 0.15821604841334608 
0.0416536172878171 0.15819799818302263 

0.013153773880363295 0.6055571627922807 
0.07422486689633573 0.15813073287158386 
0.031631694331349824 0.2897765678284101 
0.015659254619480114 0.28979762281896315 
0.014406514249921704 0.44768190236016986 
0.03382398997807704 0.1582458312933791 
0.013780144065142498 0.500324320007959 
0.01691199498903852 0.2897868847737811 
0.035076730347635456 0.1582355143480081 
0.047604134043219545 0.1582255942082285 
0.050735984967115566 0.15821604841334608 
0.05825242718446602 0.15820685616642205 
0.06702160977137488 0.1581894565561732 
0.05981835264641403 0.15819799818302263 
0.07265894143438772 0.1581439930584266 
0.0704666457876605 0.15815813725772557 
0.0689007203257125 0.15816556895566217 

0.009708737864077669 0.7108184776661003 
0.043532727842154714 0.2897066224360642 
0.014719699342311305 0.44765807245917694 
0.015972439711869714 0.28979762281896315 
0.027560288130284997 0.28974790964682406 
0.03946132164108988 0.28973051003657524 
0.011587848418415283 0.5792628570701411 
0.010335108048856874 0.5792774241856983 
0.020043845912934545 0.2897571018937481 
0.019104290635765738 0.2897765678284101 
0.041027247103037894 0.2897222681159312 

0.02912621359223301 0.2897765678284101 
0.012840588787973693 0.7108337553726605 
0.014093329157532102 0.5266762805000976 
0.018791105543376135 0.28979762281896315 
0.024428437206388976 0.2897868847737811 
0.013153773880363295 0.6581874891583823 
0.017538365173817728 0.2898088082826945 
0.01534606952709051 0.5266610027935374 
0.017225180081428124 0.36879717150149793 
0.016285624804259317 0.44769461164069946 
0.01659880989664892 0.4214135928936587 

0.05198872533667397 0.1581894565561732 
0.010648293141246476 0.6845584505060933 
0.03131850923896023 0.15821604841334608 
0.015032884434700909 0.3161170189787749 
0.01816473535859693 0.15825656933856114 
0.011901033510804886 0.5266610027935374 
0.01252740369558409 0.3951053821975783 
0.02505480739116818 0.1582355143480081 
0.019104290635765738 0.1582458312933791 
0.013153773880363295 0.34246176885637786 
0.013780144065142498 0.3161286804196864 

0.05950516755402443 0.2897222681159312 
0.011901033510804886 0.6582173339804996 
0.01816473535859693 0.2897765678284101 
0.014406514249921704 0.34244905957584826 
0.012214218603194488 0.500324320007959 
0.013466958972752897 0.5003110330328603 
0.036642655809583466 0.28976664768863053 
0.017851550266207328 0.34242522967485534 
0.042593172564985904 0.2897390516634247 
0.05198872533667397 0.28973051003657524 

0.008769182586908864 0.6582020562739395 
0.07673034763545256 0.28971431039944734 
0.009395552771688067 0.47403001428581953 
0.046664578766050735 0.28973051003657524 
0.04572502348888193 0.28976664768863053 
0.02505480739116818 0.2897765678284101 
0.011901033510804886 0.342414044211124 
0.01096147823363608 0.4476697339000884 
0.013780144065142498 0.28979762281896315 
0.01252740369558409 0.2898088082826945 
0.010648293141246476 0.47401610931187865 

0.011274663326025681 0.7108337553726605 
0.020357031005324145 0.28973051003657524 
0.014719699342311305 0.28979762281896315 
0.011901033510804886 0.5528909152434985 
0.013153773880363295 0.3950416510670161 
0.018477920450986535 0.2897868847737811 
0.013780144065142498 0.34242522967485534 
0.019417475728155338 0.28974790964682406 

