679.0 4.142857142857143 
944.0 4.052631578947368 
820.0 4.083333333333333 
710.0 4.1 
706.0 4.111111111111111 
936.0 4.055555555555555 
872.0 4.0588235294117645 
836.0 4.0625 
831.0 4.071428571428571 
832.0 4.066666666666666 

691.0 4.111111111111111 
811.0 4.071428571428571 
695.0 4.1 
773.0 4.076923076923077 
727.0 4.090909090909091 
747.0 4.083333333333333 

668.0 4.111111111111111 
697.0 4.083333333333333 
695.0 4.090909090909091 

720.0 4.076923076923077 
696.0 4.1 

674.0 4.1 
669.0 4.111111111111111 

684.0 4.125 
686.0 4.111111111111111 

808.0 4.071428571428571 
684.0 4.111111111111111 
727.0 4.1 
753.0 4.083333333333333 
732.0 4.090909090909091 
781.0 4.076923076923077 

677.0 4.111111111111111 
764.0 4.071428571428571 
722.0 4.076923076923077 
694.0 4.083333333333333 
679.0 4.1 
692.0 4.090909090909091 

680.0 4.111111111111111 

788.0 4.0588235294117645 
682.0 6.111111111111111 
685.0 4.125 
743.0 4.083333333333333 
689.0 4.1 
728.0 4.090909090909091 
687.0 4.111111111111111 

