0.0 0.9800613496932514 
0.3333333333333333 0.016359918200408937 
0.1111111111111111 0.973415132924335 

0.3333333333333333 0.023006134969325277 
0.4444444444444444 0.016359918200408937 

0.3333333333333333 0.0315512708150748 

0.05555555555555555 0.9800613496932514 
0.3333333333333333 0.016359918200408937 
0.16666666666666666 0.973415132924335 

0.16666666666666666 0.016359918200408937 

0.19444444444444445 0.016359918200408937 
0.4166666666666667 0.006692693809258317 
0.3055555555555556 0.01104294478527603 

0.3333333333333333 0.023006134969325277 
0.5555555555555556 0.016359918200408937 

0.3888888888888889 0.0315512708150748 
0.05555555555555555 0.9800613496932514 
0.16666666666666666 0.973415132924335 

0.5555555555555556 0.01104294478527603 
0.16666666666666666 0.016359918200408937 

0.0 0.9800613496932514 
0.4444444444444444 0.016359918200408937 
0.2222222222222222 0.973415132924335 
0.3333333333333333 0.023006134969325277 

