0.11460258780036968 0.33289369559482984 
0.07578558225508318 0.3432531593966571 
0.10166358595194085 0.33873749568816824 
0.11275415896487985 0.3369634849455477 
0.4011090573012939 0.003946188340807218 
0.05730129390018484 0.3542600896860987 
0.12384473197781885 0.017937219730941784 
0.06099815157116451 0.34977578475336313 
0.21256931608133087 0.008024545669105584 
0.3567467652495379 0.005069214271787967 
0.17744916820702403 0.014093529788597146 
0.39371534195933455 0.00448430493273541 
0.1423290203327172 0.015867540531217746 
0.19408502772643252 0.010023740437879151 
