0.07763401109057301 0.3542600896860987 
0.3456561922365989 0.32857725234406865 
0.08133086876155268 0.3461883408071748 
0.2643253234750462 0.3292761050608584 
0.1423290203327172 0.3432531593966571 
0.1589648798521257 0.33873749568816824 
0.1977818853974122 0.3369634849455477 
0.07948243992606285 0.34977578475336313 
0.14602587800369685 0.3408071748878923 
0.22181146025878004 0.33408071748878926 
0.20702402957486138 0.3354260089686098 
0.2513863216266174 0.3318385650224215 
0.2532347504621072 0.3300448430493273 
0.24029574861367836 0.33289369559482984 

0.14048059149722736 0.34977578475336313 
0.9408502772643254 0.3239910313901346 
0.16266173752310537 0.33873749568816824 
0.48613678373382624 0.32543241511851373 
0.7264325323475046 0.32466367713004485 
0.15711645101663585 0.3461883408071748 
0.1977818853974122 0.3369634849455477 
0.20702402957486138 0.33289369559482984 
0.36968576709796674 0.3258594917787744 
0.8410351201478743 0.32431650513525245 
0.22181146025878004 0.3308945008260561 
0.30868761552680224 0.3300448430493273 
0.32532347504621073 0.32793916942873863 
0.31053604436229204 0.3292761050608584 
0.2144177449168207 0.3318385650224215 
0.3456561922365989 0.3268161434977579 
0.3659889094269871 0.32631942048982404 
0.3419593345656192 0.3273542600896862 

0.11460258780036968 0.33289369559482984 
0.8151571164510166 0.32368528332653895 
0.38632162661737524 0.3292761050608584 
0.2088724584103512 0.3300448430493273 
0.6598890942698706 0.3239910313901346 
0.4066543438077634 0.32631942048982404 
0.5637707948243993 0.3258594917787744 
0.39186691312384475 0.3273542600896862 
0.14048059149722736 0.3318385650224215 
0.2033271719038817 0.3308945008260561 
0.5878003696857671 0.32543241511851373 
0.600739371534196 0.3250347920210298 
0.3955637707948244 0.3268161434977579 
0.6247689463955638 0.32466367713004485 
0.6358595194085028 0.32431650513525245 

0.15526802218114602 0.3408071748878923 
0.07948243992606285 0.3461883408071748 

0.6229205175600739 0.3250347920210298 
0.07578558225508318 0.3432531593966571 
0.11645101663585952 0.33873749568816824 
0.4232902033271719 0.32543241511851373 
0.2513863216266174 0.3268161434977579 
0.3752310536044362 0.32631942048982404 
0.15157116451016636 0.3369634849455477 
0.3900184842883549 0.3258594917787744 
0.16820702402957485 0.33408071748878926 
0.18484288354898337 0.3318385650224215 
0.23475046210720887 0.32857725234406865 
0.16266173752310537 0.3354260089686098 
0.20517560073937152 0.3300448430493273 
0.1866913123844732 0.3308945008260561 
0.22735674676524953 0.3292761050608584 

0.8724584103512015 0.3239910313901346 
0.10166358595194085 0.33873749568816824 
0.5194085027726433 0.32466367713004485 
0.8484288354898336 0.32431650513525245 
0.12384473197781885 0.33289369559482984 
0.11275415896487985 0.3369634849455477 
0.3456561922365989 0.3258594917787744 
0.5064695009242144 0.3250347920210298 
0.2199630314232902 0.3292761050608584 
0.3142329020332717 0.32793916942873863 
0.14048059149722736 0.3318385650224215 
0.19038817005545286 0.3308945008260561 
0.33271719038817005 0.3273542600896862 
0.21256931608133087 0.3300448430493273 
0.33826247689463956 0.32631942048982404 

0.4011090573012939 0.003946188340807218 
0.05730129390018484 0.3542600896860987 
0.12384473197781885 0.017937219730941784 
0.06099815157116451 0.34977578475336313 
0.21256931608133087 0.008024545669105584 
0.3567467652495379 0.005069214271787967 
0.17744916820702403 0.014093529788597146 
0.39371534195933455 0.00448430493273541 
0.1423290203327172 0.015867540531217746 
0.19408502772643252 0.010023740437879151 

0.11275415896487985 0.33873749568816824 
0.43807763401109057 0.3268161434977579 
0.23475046210720887 0.3273542600896862 
0.13863216266173753 0.33408071748878926 
0.14972273567467653 0.3318385650224215 
0.12384473197781885 0.3354260089686098 
0.11645101663585952 0.3369634849455477 
0.1589648798521257 0.3300448430493273 
0.18299445471349354 0.3292761050608584 
0.20147874306839186 0.32857725234406865 
0.22365988909426987 0.32793916942873863 
0.15711645101663585 0.3308945008260561 

0.7060998151571165 0.32431650513525245 
0.10905730129390019 0.3432531593966571 
0.4879852125693161 0.32543241511851373 
0.6561922365988909 0.3250347920210298 
0.18114602587800369 0.3369634849455477 
0.19038817005545286 0.3318385650224215 
0.3123844731977819 0.32793916942873863 
0.4214417744916821 0.3268161434977579 
0.2975970425138632 0.3292761050608584 
0.2144177449168207 0.3300448430493273 
0.14972273567467653 0.3408071748878923 
0.16635859519408502 0.33873749568816824 
0.4454713493530499 0.3258594917787744 
0.7042513863216266 0.32466367713004485 
0.19408502772643252 0.3308945008260561 

0.1256931608133087 0.9955156950672645 
0.6765249537892791 0.323126201153107 
0.1478743068391867 0.3542600896860987 
0.5249537892791127 0.3268161434977579 
0.32717190388170053 0.3273542600896862 
0.5545286506469501 0.32543241511851373 
0.19593345656192238 0.3432531593966571 
0.2255083179297597 0.3369634849455477 
0.15711645101663585 0.3461883408071748 
0.19963031423290203 0.33873749568816824 
0.30129390018484287 0.3292761050608584 
0.2754158964879852 0.3300448430493273 
0.5804066543438078 0.3250347920210298 
0.5304990757855823 0.3258594917787744 
0.6044362292051756 0.32466367713004485 
0.6524953789279113 0.32339752044315484 
0.25508317929759705 0.3308945008260561 
0.6210720887245841 0.32431650513525245 
0.6284658040665434 0.3239910313901346 
0.6451016635859519 0.32368528332653895 
0.3142329020332717 0.32793916942873863 
0.2365988909426987 0.33289369559482984 
0.24399260628465805 0.3318385650224215 
0.14972273567467653 0.34977578475336313 

