0.8410041841004184 0.9029960429621251 
0.17154811715481172 0.9409836065573765 
0.31659693165969316 0.9168852459016389 
0.298465829846583 0.9192407247627259 
0.016736401673640166 0.9715846994535512 
0.03486750348675035 0.9535022354694482 
0.33472803347280333 0.9128166915052162 
0.1199442119944212 0.9467213114754093 
0.19246861924686193 0.9360655737704913 
0.19525801952580196 0.9318032786885241 
0.2524407252440725 0.928073770491803 
0.2719665271966527 0.9218579234972673 
0.3263598326359833 0.9147540983606552 
0.2608089260808926 0.924783027965284 
0.5453277545327755 0.9040983606557373 
0.500697350069735 0.9110477548111189 
0.5034867503486751 0.9094262295081967 
0.5230125523012552 0.9079344262295079 
0.5258019525801952 0.9065573770491799 
0.5397489539748954 0.9052823315118396 
