0.7740585774058577 0.9128166915052162 
0.13807531380753138 0.9715846994535512 
0.14086471408647142 0.9535022354694482 
0.595536959553696 0.9318032786885241 
0.6694560669456067 0.9218579234972673 
0.7168758716875872 0.9192407247627259 
0.6290097629009763 0.928073770491803 
0.6415620641562064 0.924783027965284 
0.7210599721059973 0.9168852459016389 
0.7545327754532776 0.9147540983606552 

0.17154811715481172 0.9840163934426226 
0.8410041841004184 0.9029960429621251 
0.6304044630404463 0.9065573770491799 
0.8284518828451883 0.9040983606557373 
0.3054393305439331 0.9467213114754093 
0.3082287308228731 0.9318032786885241 
0.23291492329149233 0.9535022354694482 
0.18410041841004185 0.9715846994535512 
0.4490934449093445 0.9218579234972673 
0.5397489539748954 0.9192407247627259 
0.20920502092050208 0.9616393442622945 
0.3291492329149233 0.928073770491803 
0.39609483960948394 0.924783027965284 
0.5788005578800558 0.9128166915052162 
0.5564853556485355 0.9168852459016389 
0.5760111576011158 0.9147540983606552 

0.07670850767085077 0.9616393442622945 

0.14086471408647142 0.9715846994535512 
0.6582984658298466 0.9110477548111189 
0.17154811715481172 0.9409836065573765 
0.3598326359832636 0.9128166915052162 
0.2803347280334728 0.9360655737704913 
0.29428172942817293 0.9218579234972673 
0.31659693165969316 0.9168852459016389 
0.34449093444909346 0.9147540983606552 
0.298465829846583 0.9192407247627259 

0.6443514644351465 0.9110477548111189 
0.16317991631799164 0.9715846994535512 
0.40446304044630405 0.9409836065573765 
0.4602510460251046 0.9128166915052162 
0.44490934449093444 0.9192407247627259 

0.200836820083682 0.9715846994535512 
0.9595536959553695 0.9029960429621251 
0.6359832635983264 0.9065573770491799 
0.8856345885634589 0.9052823315118396 
0.599721059972106 0.9128166915052162 
0.4309623430962343 0.9168852459016389 
0.27475592747559274 0.9409836065573765 
0.24267782426778242 0.9535022354694482 
0.2384937238493724 0.9616393442622945 
0.31659693165969316 0.9360655737704913 
0.37796373779637377 0.9318032786885241 
0.9539748953974896 0.9040983606557373 
0.6178521617852162 0.9079344262295079 
0.3891213389121339 0.924783027965284 
0.40585774058577406 0.9218579234972673 
0.38354253835425384 0.928073770491803 
0.42538354253835425 0.9192407247627259 

0.016736401673640166 0.9715846994535512 
0.6889818688981869 0.9094262295081967 
0.1199442119944212 0.9616393442622945 
0.4769874476987448 0.9218579234972673 
0.4895397489539749 0.9168852459016389 
0.6052998605299861 0.9128166915052162 
0.6178521617852162 0.9110477548111189 
0.4797768479776848 0.9192407247627259 

0.13389121338912133 0.9715846994535512 
0.1492329149232915 0.9467213114754093 
0.14504881450488144 0.9535022354694482 

0.03486750348675035 0.9535022354694482 
0.5327754532775453 0.9110477548111189 
0.33472803347280333 0.9128166915052162 
0.1199442119944212 0.9467213114754093 
0.19246861924686193 0.9360655737704913 
0.19525801952580196 0.9318032786885241 
0.31520223152022314 0.9192407247627259 
0.2524407252440725 0.928073770491803 
0.2719665271966527 0.9218579234972673 
0.3263598326359833 0.9147540983606552 
0.2608089260808926 0.924783027965284 

0.19804741980474197 1.0 
0.5453277545327755 0.9040983606557373 
0.200836820083682 0.9715846994535512 
0.3807531380753138 0.9535022354694482 
0.40585774058577406 0.928073770491803 
0.4281729428172943 0.9192407247627259 
0.500697350069735 0.9110477548111189 
0.5034867503486751 0.9094262295081967 
0.5230125523012552 0.9079344262295079 
0.4086471408647141 0.924783027965284 
0.41841004184100417 0.9218579234972673 
0.5258019525801952 0.9065573770491799 
0.5397489539748954 0.9052823315118396 

