0.18803418803418803 0.7397441738150013 
0.1794871794871795 0.7429094389192016 
0.21367521367521367 0.7334309369872467 
0.41025641025641024 0.011043193961177564 
0.47863247863247865 0.007886948541784728 
0.2564102564102564 0.7034695785724019 
0.26495726495726496 0.16719968772277538 
0.1452991452991453 0.7697210962724272 
0.23931623931623933 0.7066348436766022 
0.3333333333333333 0.1482655617802185 
0.4444444444444444 0.007887567034457236 
0.28205128205128205 0.1640422916984291 
0.29914529914529914 0.15773226077368183 
0.3162393162393162 0.15457537109108843 
0.5555555555555556 0.007886353837291945 
0.4017094017094017 0.017352518314871283 
0.2222222222222222 0.7302687188120173 
0.09401709401709402 0.77288949065503 
0.3418803418803419 0.02997376365752892 
0.37606837606837606 0.020508322345433126 
0.358974358974359 0.026817744148608994 
