0.28205128205128205 0.2050514392802704 
0.48717948717948717 0.007887567034457236 
0.358974358974359 0.17508716516425876 
0.37606837606837606 0.03312807628732017 
0.46153846153846156 0.011041879664248485 
0.3418803418803419 0.1861173133377135 
0.29914529914529914 0.2018940432559241 
0.3076923076923077 0.1955840123311768 
0.3247863247863248 0.19242712264858344 
0.39316239316239315 0.029972056778400244 
0.41025641025641024 0.02366263497522438 
0.42735042735042733 0.020506830944662536 
0.4444444444444444 0.014197506590968814 

0.5042735042735043 0.007886948541784728 
0.13675213675213677 0.810741242212525 
0.18803418803418803 0.7397441738150013 
0.29914529914529914 0.2050514392802704 
0.358974358974359 0.02997376365752892 
0.3418803418803419 0.1955840123311768 
0.15384615384615385 0.8075728478299222 
0.39316239316239315 0.020508322345433126 
0.42735042735042733 0.020507560434169885 
0.4358974358974359 0.011043193961177564 
0.4700854700854701 0.007887567034457236 
0.3247863247863248 0.2018940432559241 

0.1794871794871795 0.7429094389192016 
0.47863247863247865 0.007887567034457236 
0.2564102564102564 0.7129500404208302 
0.28205128205128205 0.2050514392802704 
0.358974358974359 0.19242712264858344 
0.37606837606837606 0.03312807628732017 
0.29914529914529914 0.2018940432559241 
0.3418803418803419 0.1955840123311768 
0.4188034188034188 0.020506830944662536 
0.23076923076923078 0.7302687188120173 
0.39316239316239315 0.029972056778400244 
0.452991452991453 0.011041879664248485 
0.19658119658119658 0.7397441738150013 
0.21367521367521367 0.7334309369872467 
0.4358974358974359 0.014197506590968814 

0.23931623931623933 0.7444865952340972 
0.49572649572649574 0.007886948541784728 
0.26495726495726496 0.7350080933021423 
0.27350427350427353 0.2050514392802704 
0.3504273504273504 0.0331272030003241 
0.3418803418803419 0.1861173133377135 
0.41025641025641024 0.011043193961177564 
0.2905982905982906 0.1955840123311768 
0.3247863247863248 0.192425938597296 
0.4444444444444444 0.011041879664248485 
0.46153846153846156 0.007887567034457236 
0.37606837606837606 0.02997126023480688 
0.39316239316239315 0.023661873063961135 
0.38461538461538464 0.02366263497522438 

0.5213675213675214 0.007886948541784728 
0.1282051282051282 0.810741242212525 
0.3162393162393162 0.1955840123311768 
0.2905982905982906 0.7066238912021932 
0.36752136752136755 0.03312807628732017 
0.3504273504273504 0.1861173133377135 
0.17094017094017094 0.8012584242015348 
0.1794871794871795 0.7429094389192016 
0.4188034188034188 0.029972056778400244 
0.2564102564102564 0.728715032085141 
0.21367521367521367 0.7334309369872467 
0.46153846153846156 0.011041879664248485 
0.5042735042735043 0.01104126117157598 
0.26495726495726496 0.7129500404208302 
0.42735042735042733 0.020506830944662536 
0.452991452991453 0.014197506590968814 

0.47863247863247865 0.007886948541784728 
0.1282051282051282 0.77288949065503 
0.2564102564102564 0.7034695785724019 
0.26495726495726496 0.16719968772277538 
0.1452991452991453 0.7697210962724272 
0.23931623931623933 0.7066348436766022 
0.3504273504273504 0.02997376365752892 
0.3333333333333333 0.1482655617802185 
0.4444444444444444 0.007887567034457236 
0.37606837606837606 0.026817744148608994 
0.38461538461538464 0.020508322345433126 
0.41025641025641024 0.017352518314871283 
0.4188034188034188 0.011043193961177564 
0.28205128205128205 0.1640422916984291 
0.29914529914529914 0.15773226077368183 
0.3162393162393162 0.15457537109108843 

0.1452991452991453 0.8075728478299222 
0.5555555555555556 0.007886353837291945 
0.29914529914529914 0.15773226077368183 
0.27350427350427353 0.6971563417446472 
0.3504273504273504 0.02997376365752892 
0.18803418803418803 0.7397441738150013 
0.4017094017094017 0.017352518314871283 
0.46153846153846156 0.014197506590968814 
0.23931623931623933 0.7066348436766022 
0.48717948717948717 0.007887567034457236 
0.5384615384615384 0.007886948541784728 
0.1794871794871795 0.7980943458979672 
0.17094017094017094 0.8012584242015348 
0.36752136752136755 0.026817744148608994 
0.38461538461538464 0.020508322345433126 
0.47863247863247865 0.011041879664248485 
0.4700854700854701 0.011043193961177564 

0.5042735042735043 0.007887567034457236 
0.1452991452991453 0.810741242212525 
0.27350427350427353 0.7129500404208302 
0.3076923076923077 0.2050514392802704 
0.39316239316239315 0.03312807628732017 
0.37606837606837606 0.1861173133377135 
0.20512820512820512 0.7397441738150013 
0.1623931623931624 0.8075728478299222 
0.18803418803418803 0.7429094389192016 
0.4700854700854701 0.011041879664248485 
0.4188034188034188 0.02366263497522438 
0.4358974358974359 0.020506830944662536 
0.46153846153846156 0.014197506590968814 
0.3247863247863248 0.2018940432559241 
0.3418803418803419 0.1955840123311768 
0.358974358974359 0.19242712264858344 

0.5213675213675214 0.007886948541784728 
0.11965811965811966 0.810741242212525 
0.2222222222222222 0.7302687188120173 
0.3076923076923077 0.2050514392802704 
0.3504273504273504 0.19242712264858344 
0.358974358974359 0.03312807628732017 
0.1794871794871795 0.7980943458979672 
0.18803418803418803 0.7397441738150013 
0.36752136752136755 0.026817744148608994 
0.4188034188034188 0.02366263497522438 
0.1452991452991453 0.8075728478299222 
0.48717948717948717 0.007887567034457236 
0.3333333333333333 0.1955840123311768 
0.4358974358974359 0.020506830944662536 
0.46153846153846156 0.014197506590968814 
0.4700854700854701 0.011043193961177564 
0.47863247863247865 0.011041879664248485 

0.452991452991453 0.007887567034457236 
0.09401709401709402 0.77288949065503 
0.2564102564102564 0.7034695785724019 
0.26495726495726496 0.16719968772277538 
0.23931623931623933 0.7066348436766022 
0.3162393162393162 0.15457537109108843 
0.3418803418803419 0.02997376365752892 
0.37606837606837606 0.020508322345433126 
0.4017094017094017 0.017352518314871283 
0.42735042735042733 0.014197506590968814 
0.28205128205128205 0.1640422916984291 
0.29914529914529914 0.15773226077368183 
0.358974358974359 0.026817744148608994 
0.4358974358974359 0.011043193961177564 
0.4444444444444444 0.009465367086624247 

