832.0 224.03225806451613 
856.0 99.02 
841.0 205.03333333333333 
843.0 115.02380952380952 
853.0 101.02 
839.0 212.02702702702703 
834.0 222.03030303030303 
835.0 218.02941176470588 
837.0 216.02777777777777 
845.0 113.02272727272727 
847.0 109.02222222222223 
849.0 107.02127659574468 
851.0 103.02083333333333 

858.0 99.01960784313725 
815.0 608.0714285714286 
821.0 563.0555555555555 
834.0 224.03225806451613 
841.0 113.02380952380952 
839.0 218.02941176470588 
817.0 606.0625 
845.0 107.02222222222223 
849.0 107.02173913043478 
850.0 101.02083333333333 
854.0 99.02 
837.0 222.03030303030303 

820.0 565.0625 
855.0 99.02 
829.0 546.0666666666667 
832.0 224.03225806451613 
841.0 216.02777777777777 
843.0 115.02380952380952 
834.0 222.03030303030303 
839.0 218.02941176470588 
848.0 107.02127659574468 
826.0 557.047619047619 
845.0 113.02272727272727 
852.0 101.02 
822.0 563.0555555555555 
824.0 559.0526315789474 
850.0 103.02083333333333 

827.0 566.0625 
857.0 99.01960784313725 
830.0 560.0526315789474 
831.0 224.03225806451613 
840.0 115.02325581395348 
839.0 212.02702702702703 
847.0 101.02083333333333 
833.0 218.02941176470588 
837.0 216.02702702702703 
851.0 101.02 
853.0 99.02 
843.0 113.02222222222223 
845.0 109.02173913043478 
844.0 109.02222222222223 

860.0 99.01960784313725 
814.0 608.0714285714286 
836.0 218.02941176470588 
833.0 542.0555555555555 
842.0 115.02380952380952 
840.0 212.02702702702703 
819.0 602.0588235294117 
820.0 565.0625 
848.0 113.02272727272727 
829.0 556.0625 
824.0 559.0526315789474 
853.0 101.02 
858.0 101.01960784313725 
830.0 546.0666666666667 
849.0 107.02127659574468 
852.0 103.02083333333333 

855.0 99.01960784313725 
814.0 584.0714285714286 
829.0 540.0555555555555 
830.0 200.03225806451613 
816.0 582.0625 
827.0 542.0625 
840.0 113.02380952380952 
838.0 188.02702702702703 
851.0 99.02 
843.0 111.02272727272727 
844.0 107.02222222222223 
847.0 105.02127659574468 
848.0 101.02083333333333 
832.0 198.03030303030303 
834.0 194.02941176470588 
836.0 192.02777777777777 

816.0 606.0625 
864.0 99.01923076923077 
834.0 194.02941176470588 
831.0 536.0526315789474 
840.0 113.02380952380952 
821.0 563.0555555555555 
846.0 105.02127659574468 
853.0 103.02083333333333 
827.0 542.0625 
856.0 99.02 
862.0 99.01960784313725 
820.0 600.0526315789474 
819.0 602.0588235294117 
842.0 111.02272727272727 
844.0 107.02222222222223 
855.0 101.02 
854.0 101.02083333333333 

858.0 99.02 
816.0 608.0714285714286 
831.0 546.0666666666667 
835.0 224.03225806451613 
845.0 115.02380952380952 
843.0 212.02702702702703 
823.0 563.0555555555555 
818.0 606.0625 
821.0 565.0625 
854.0 101.02 
848.0 109.02222222222223 
850.0 107.02127659574468 
853.0 103.02083333333333 
837.0 222.03030303030303 
839.0 218.02941176470588 
841.0 216.02777777777777 

860.0 99.01960784313725 
813.0 608.0714285714286 
825.0 557.047619047619 
835.0 224.03225806451613 
840.0 216.02777777777777 
841.0 115.02380952380952 
820.0 600.0526315789474 
821.0 563.0555555555555 
842.0 111.02272727272727 
848.0 109.02222222222223 
816.0 606.0625 
856.0 99.02 
838.0 218.02941176470588 
850.0 107.02127659574468 
853.0 103.02083333333333 
854.0 101.02083333333333 
855.0 101.02 

852.0 99.02 
810.0 584.0714285714286 
829.0 540.0555555555555 
830.0 200.03225806451613 
827.0 542.0625 
836.0 192.02777777777777 
839.0 113.02380952380952 
843.0 107.02222222222223 
846.0 105.02127659574468 
849.0 103.02083333333333 
832.0 198.03030303030303 
834.0 194.02941176470588 
841.0 111.02272727272727 
850.0 101.02083333333333 
851.0 100.0204081632653 

