966.0 4.04 
640.0 4.111111111111111 
775.0 4.05 
653.0 4.1 
678.0 4.076923076923077 
706.0 4.066666666666666 
719.0 4.052631578947368 
712.0 4.055555555555555 
679.0 4.071428571428571 

751.0 4.052631578947368 
645.0 6.1 
673.0 4.076923076923077 
723.0 4.055555555555555 
697.0 4.071428571428571 
703.0 4.0588235294117645 

612.0 3.1 
687.0 3.0555555555555554 
651.0 3.0833333333333335 
677.0 3.066666666666667 
660.0 3.0714285714285716 
682.0 3.0588235294117645 
657.0 3.076923076923077 

763.0 4.052631578947368 
647.0 4.111111111111111 
701.0 4.055555555555555 
684.0 4.076923076923077 
689.0 4.0588235294117645 
669.0 4.090909090909091 
670.0 4.083333333333333 

642.0 4.083333333333333 
689.0 3.05 
665.0 3.0588235294117645 
663.0 4.0588235294117645 
686.0 3.0526315789473686 
657.0 4.071428571428571 

710.0 4.052631578947368 
631.0 4.1 
684.0 4.071428571428571 
687.0 4.0625 
697.0 4.055555555555555 
693.0 4.0588235294117645 

819.0 4.041666666666667 
657.0 4.1 
681.0 4.076923076923077 
747.0 4.071428571428571 
806.0 4.05 
759.0 4.052631578947368 
757.0 4.055555555555555 
755.0 4.0625 
754.0 4.066666666666666 

804.0 4.052631578947368 
640.0 4.111111111111111 
737.0 4.055555555555555 
703.0 4.076923076923077 
723.0 4.071428571428571 
655.0 4.1 
729.0 4.0588235294117645 
683.0 4.083333333333333 
674.0 4.090909090909091 

630.0 4.083333333333333 
705.0 4.052631578947368 
669.0 4.076923076923077 
678.0 4.0625 
687.0 4.0588235294117645 
699.0 4.055555555555555 

845.0 4.041666666666667 
657.0 4.111111111111111 
838.0 4.05 
724.0 4.055555555555555 
710.0 4.071428571428571 
677.0 4.083333333333333 
664.0 4.1 
672.0 4.090909090909091 
713.0 4.0625 
840.0 4.045454545454546 
718.0 4.0588235294117645 

