0.7317554240631163 0.3247706422018349 
0.08875739644970414 0.347604485219164 
0.35502958579881655 0.3279816513761467 
0.11439842209072978 0.3440366972477063 
0.16370808678500987 0.33662667607621727 
0.21893491124260356 0.33333333333333326 
0.2445759368836292 0.3288266537904393 
0.23076923076923078 0.3297655453618756 
0.16568047337278108 0.3348623853211008 

0.3076923076923077 0.3288266537904393 
0.09861932938856016 0.9862385321100915 
0.15384615384615385 0.33662667607621727 
0.252465483234714 0.3297655453618756 
0.20118343195266272 0.3348623853211008 
0.21301775147928995 0.33081489476524545 

0.03353057199211045 0.022935779816513818 
0.1814595660749507 0.008664627930682945 
0.11045364891518737 0.017584097859327293 
0.16173570019723865 0.01223241590214077 
0.1282051282051282 0.013761467889908348 
0.17159763313609466 0.009713977334052852 
0.1222879684418146 0.015525758645024786 

0.33136094674556216 0.3288266537904393 
0.10256410256410256 0.347604485219164 
0.20907297830374755 0.3297655453618756 
0.1755424063116371 0.33662667607621727 
0.1854043392504931 0.33081489476524545 
0.14595660749506903 0.3411175979983319 
0.14792899408284024 0.33868501529051975 

0.09270216962524655 0.33868501529051975 
0.1854043392504931 0.006880733944954103 
0.13806706114398423 0.009713977334052852 
0.1341222879684418 0.33081489476524545 
0.1794871794871795 0.0077257363592468245 
0.1222879684418146 0.3348623853211008 

0.22682445759368836 0.3288266537904393 
0.07100591715976332 0.3440366972477063 
0.1755424063116371 0.3348623853211008 
0.1814595660749507 0.33199541284403666 
0.20118343195266272 0.3297655453618756 
0.1932938856015779 0.33081489476524545 

0.4418145956607495 0.3253058103975536 
0.1222879684418146 0.3440366972477063 
0.16962524654832348 0.33662667607621727 
0.29980276134122286 0.3348623853211008 
0.4161735700197239 0.3279816513761467 
0.3234714003944773 0.3288266537904393 
0.31952662721893493 0.3297655453618756 
0.3155818540433925 0.33199541284403666 
0.3136094674556213 0.33333333333333326 

0.41222879684418146 0.3288266537904393 
0.08875739644970414 0.347604485219164 
0.28007889546351084 0.3297655453618756 
0.21301775147928995 0.33662667607621727 
0.252465483234714 0.3348623853211008 
0.11834319526627218 0.3440366972477063 
0.26429980276134124 0.33081489476524545 
0.17357001972386588 0.33868501529051975 
0.15581854043392504 0.3411175979983319 

0.06903353057199212 0.33868501529051975 
0.21696252465483234 0.3288266537904393 
0.14595660749506903 0.33662667607621727 
0.16370808678500987 0.33199541284403666 
0.1814595660749507 0.33081489476524545 
0.20512820512820512 0.3297655453618756 

0.4930966469428008 0.3253058103975536 
0.1222879684418146 0.347604485219164 
0.47928994082840237 0.3279816513761467 
0.25443786982248523 0.3297655453618756 
0.22682445759368836 0.3348623853211008 
0.16173570019723865 0.33868501529051975 
0.13609467455621302 0.3440366972477063 
0.15187376725838264 0.3411175979983319 
0.23274161735700197 0.33199541284403666 
0.4832347140039448 0.3265221017514597 
0.24260355029585798 0.33081489476524545 

