0.08687615526802218 0.3461883408071748 
0.15711645101663585 0.33289369559482984 
0.2476894639556377 0.32793916942873863 
0.1256931608133087 0.33873749568816824 
0.10536044362292052 0.3432531593966571 
0.2088724584103512 0.3292761050608584 
0.1977818853974122 0.3308945008260561 
0.2033271719038817 0.3300448430493273 
0.4121996303142329 0.3250347920210298 
0.32717190388170053 0.32631942048982404 
0.3179297597042514 0.3268161434977579 
0.3585951940850277 0.32543241511851373 
0.3512014787430684 0.3258594917787744 
0.9279112754158965 0.32339752044315484 
0.8059149722735675 0.32368528332653895 
0.12939001848428835 0.3354260089686098 
0.5637707948243993 0.3239910313901346 
0.29390018484288355 0.3273542600896862 
0.46395563770794823 0.32431650513525245 
