0.13493530499075784 0.9919282511210761 
0.46395563770794823 0.3258594917787744 
0.1478743068391867 0.34977578475336313 
0.27726432532347506 0.32793916942873863 
0.3659889094269871 0.3273542600896862 
0.4048059149722736 0.32631942048982404 
0.19963031423290203 0.3369634849455477 
0.3900184842883549 0.3268161434977579 
0.24029574861367836 0.3300448430493273 
0.2587800369685767 0.3292761050608584 
0.21072088724584104 0.33408071748878926 
0.22181146025878004 0.33289369559482984 
0.2698706099815157 0.32857725234406865 
0.23105360443622922 0.3318385650224215 
0.23290203327171904 0.3308945008260561 

0.08687615526802218 0.3461883408071748 
0.5785582255083179 0.3250347920210298 
0.3955637707948244 0.3258594917787744 
0.5711645101663586 0.32543241511851373 
0.15711645101663585 0.33289369559482984 
0.2476894639556377 0.32793916942873863 
0.1256931608133087 0.33873749568816824 
0.10536044362292052 0.3432531593966571 
0.33086876155268025 0.3273542600896862 
0.2088724584103512 0.3292761050608584 
0.1977818853974122 0.3308945008260561 
0.37707948243992606 0.32631942048982404 
0.2033271719038817 0.3300448430493273 

0.11829944547134935 0.3461883408071748 
0.5582255083179297 0.32431650513525245 
0.4121996303142329 0.3250347920210298 
0.5508317929759704 0.32466367713004485 
0.21256931608133087 0.3369634849455477 
0.18299445471349354 0.3432531593966571 
0.19038817005545286 0.3408071748878923 
0.32717190388170053 0.32631942048982404 
0.3826247689463956 0.3258594917787744 
0.22365988909426987 0.3354260089686098 
0.23475046210720887 0.33289369559482984 
0.24584103512014788 0.3318385650224215 
0.2809611829944547 0.3308945008260561 
0.4066543438077634 0.32543241511851373 
0.3142329020332717 0.32793916942873863 
0.3179297597042514 0.3268161434977579 
0.29390018484288355 0.3292761050608584 
0.2902033271719039 0.3300448430493273 
0.3049907578558225 0.32857725234406865 

0.14417744916820702 0.3461883408071748 
0.8724584103512015 0.32368528332653895 
0.6654343807763401 0.32431650513525245 
0.8521256931608133 0.3239910313901346 
0.3585951940850277 0.32543241511851373 
0.5286506469500925 0.3250347920210298 
0.22365988909426987 0.3354260089686098 
0.24214417744916822 0.3308945008260561 
0.1922365988909427 0.3408071748878923 
0.19593345656192238 0.3369634849455477 
0.5397412199630314 0.32466367713004485 
0.1645101663585952 0.3432531593966571 
0.3068391866913124 0.32857725234406865 
0.32162661737523107 0.3268161434977579 
0.2680221811460259 0.3292761050608584 
0.2643253234750462 0.3300448430493273 
0.33271719038817005 0.32631942048982404 
0.3512014787430684 0.3258594917787744 

0.11829944547134935 0.3432531593966571 
0.9279112754158965 0.32339752044315484 
0.18853974121996303 0.3408071748878923 
0.1922365988909427 0.33408071748878926 
0.2735674676524954 0.32793916942873863 
0.48428835489833644 0.3273542600896862 
0.6284658040665434 0.32431650513525245 
0.7966728280961183 0.3239910313901346 
0.8059149722735675 0.32368528332653895 
0.5545286506469501 0.3258594917787744 
0.24029574861367836 0.33289369559482984 
0.2476894639556377 0.3300448430493273 
0.4953789279112754 0.32631942048982404 
0.24399260628465805 0.3318385650224215 
0.6025878003696857 0.3250347920210298 
0.25508317929759705 0.3292761050608584 
0.266173752310536 0.32857725234406865 
0.6229205175600739 0.32466367713004485 
0.4879852125693161 0.3268161434977579 

0.7153419593345656 0.32466367713004485 
0.11829944547134935 0.3432531593966571 
0.44731977818853974 0.3250347920210298 
0.12939001848428835 0.3354260089686098 
0.16635859519408502 0.33408071748878926 
0.4288354898336414 0.32631942048982404 
0.23105360443622922 0.33289369559482984 
0.36229205175600737 0.3268161434977579 
0.30129390018484287 0.3273542600896862 
0.25508317929759705 0.3308945008260561 
0.2698706099815157 0.3292761050608584 
0.23844731977818853 0.3318385650224215 
0.2735674676524954 0.32857725234406865 
0.2902033271719039 0.32793916942873863 

0.5637707948243993 0.3239910313901346 
0.14417744916820702 0.34977578475336313 
0.14602587800369685 0.3432531593966571 
0.2088724584103512 0.3354260089686098 
0.29390018484288355 0.3273542600896862 
0.46395563770794823 0.32431650513525245 
0.3974121996303142 0.3258594917787744 
0.2513863216266174 0.3300448430493273 
0.23290203327171904 0.33289369559482984 
0.21811460258780038 0.33408071748878926 
0.4399260628465804 0.3250347920210298 
0.2698706099815157 0.3292761050608584 
0.4195933456561922 0.32543241511851373 
0.2846580406654344 0.32857725234406865 
0.2920517560073937 0.32793916942873863 

0.6876155268022182 0.32431650513525245 
0.12199630314232902 0.34977578475336313 
0.3974121996303142 0.32543241511851373 
0.5489833641404805 0.3250347920210298 
0.6765249537892791 0.32466367713004485 
0.22181146025878004 0.33873749568816824 
0.1423290203327172 0.3461883408071748 
0.2513863216266174 0.33408071748878926 
0.18484288354898337 0.3432531593966571 
0.1977818853974122 0.3408071748878923 
0.2587800369685767 0.33289369559482984 
0.2920517560073937 0.3300448430493273 
0.3123844731977819 0.3292761050608584 
0.2735674676524954 0.3318385650224215 
0.33271719038817005 0.32857725234406865 
0.3733826247689464 0.3258594917787744 
0.3345656192236599 0.32793916942873863 
0.35304990757855825 0.3273542600896862 
0.2828096118299446 0.3308945008260561 
0.36414048059149723 0.32631942048982404 
0.3567467652495379 0.3268161434977579 

0.36968576709796674 0.3258594917787744 
0.11090573012939002 0.34977578475336313 
0.18484288354898337 0.3408071748878923 
0.11829944547134935 0.3461883408071748 
0.21626617375231053 0.33408071748878926 
0.23475046210720887 0.3308945008260561 
0.27911275415896486 0.32857725234406865 
0.3456561922365989 0.32631942048982404 
0.25508317929759705 0.3300448430493273 
0.30129390018484287 0.32793916942873863 
0.32532347504621073 0.3268161434977579 
0.22920517560073936 0.33289369559482984 
0.27171903881700554 0.3292761050608584 
0.3179297597042514 0.3273542600896862 
0.23290203327171904 0.3318385650224215 

0.13123844731977818 0.3542600896860987 
0.5341959334565619 0.3250347920210298 
0.3456561922365989 0.32631942048982404 
0.49907578558225507 0.3258594917787744 
0.13493530499075784 0.3461883408071748 
0.2735674676524954 0.32793916942873863 
0.1478743068391867 0.3432531593966571 
0.32532347504621073 0.3273542600896862 
0.2144177449168207 0.3354260089686098 
0.17744916820702403 0.3408071748878923 
0.18853974121996303 0.33873749568816824 
0.22920517560073936 0.33289369559482984 
0.23475046210720887 0.3308945008260561 
0.24953789279112754 0.3292761050608584 
0.5268022181146026 0.32543241511851373 
0.24584103512014788 0.3300448430493273 

