1763.0 95.01639344262296 
1442.0 468.037037037037 
1476.0 114.02222222222223 
1463.0 462.0344827586207 
1651.0 95.01694915254237 
1529.0 95.01923076923077 
1583.0 95.01851851851852 
1586.0 95.01818181818182 
1634.0 95.01785714285714 
1522.0 97.02 
1495.0 100.01960784313725 
1454.0 463.037037037037 
1642.0 95.01724137931035 
1485.0 100.02083333333333 
1479.0 107.02222222222223 
1491.0 100.02 
1459.0 463.0357142857143 
1525.0 95.01960784313725 
1481.0 106.02173913043478 
1483.0 102.02173913043478 
1477.0 112.02222222222223 
1638.0 95.01754385964912 
1460.0 462.0357142857143 
