1460.0 465.0357142857143 
2011.0 95.01123595505618 
1463.0 465.03333333333336 
1467.0 111.02380952380952 
1716.0 95.01515151515152 
1620.0 95.015625 
1843.0 95.01219512195122 
1925.0 95.01190476190476 
1542.0 95.01666666666667 
1615.0 95.01639344262296 
1982.0 95.01176470588236 
1726.0 95.01449275362319 
1779.0 95.01428571428572 
1534.0 95.01724137931035 
1491.0 95.01754385964912 
1812.0 95.01315789473684 
1987.0 95.01149425287356 
1796.0 95.01388888888889 
1477.0 95.01785714285714 
1471.0 103.02127659574468 
1468.0 105.02222222222223 
1472.0 97.01923076923077 
1801.0 95.01351351351352 
1807.0 95.01333333333334 
1474.0 95.01851851851852 
1986.0 95.01162790697674 
1618.0 95.01612903225806 
