0.02890548879506333 0.9542066771654708 
0.2078596947060734 0.06266227816677397 
0.02987983111399805 0.9542009404510539 
0.03117895420591101 0.10124329405842936 
0.1120493666774927 0.06267171239579494 
0.08087041247158168 0.0626728532196847 
0.15329652484572914 0.06266458920272715 
0.17992854822994478 0.06266388960340798 
0.055537512179278985 0.06267536303224219 
0.07924650860669048 0.06267470472075172 
0.19844105228970446 0.06266355214961875 
0.11529717440727509 0.062670125162557 
0.1325105553751218 0.0626696263178251 
0.052939265995453066 0.06267674775641184 
0.03897369275738876 0.0626774765586064 
0.1432283208834037 0.06266690892678539 
0.20006495615459566 0.06266290051471538 
0.13803182851575188 0.06266867019875556 
0.034426761935693405 0.06267823138945074 
0.03247807729782397 0.08196183072928366 
0.03150373497888925 0.08678294925105036 
0.03280285807080221 0.06750038114275068 
0.13965573238064308 0.06266776576179793 
0.1416044170185125 0.06266733163205825 
0.03345241961675869 0.06267982492123328 
0.1997401753816174 0.06266322254359204 
0.0802208509256252 0.06267406764511575 

0.027281584930172135 0.9590287043394028 
0.08184475479051641 0.06267345079410315 
0.029555050341019812 0.9518004441738523 
0.03020461188697629 0.09642585314670071 
0.056187073725235466 0.06268066678708066 
0.07469957778499513 0.06267823138945074 
0.03897369275738876 0.06268437786918334 
0.055212731406300744 0.06268244956181625 
0.03247807729782397 0.06750642483854126 
0.03702500811951932 0.06268540228247212 
0.07729782396882104 0.06267604365937642 
0.0802208509256252 0.06267470472075172 
0.027606365703150372 0.9542098642290359 
0.03117895420591101 0.08196659949732954 
0.07567392010392984 0.0626774765586064 
0.055862292952257225 0.0626815410323837 

0.025657681065280935 0.9710829436377061 
0.10522897044494967 0.06267901366868943 
0.03247807729782397 0.06750531039818271 
0.02890548879506333 0.9662537774413883 
0.07827216628775577 0.06268066678708066 
0.05488795063332251 0.0626815410323837 
0.03670022734654108 0.06268437786918334 
0.05131536213056187 0.06268339443242613 
0.027606365703150372 0.9662603967272543 
0.027931146476128613 0.9662569645049534 

0.03052939265995453 0.10847155422397983 
0.04287106203312764 0.06267823138945074 
0.03247807729782397 0.07955031825546778 
0.03670022734654108 0.06268437786918334 
0.0425462812601494 0.0626815410323837 
0.03605066580058461 0.06750642483854126 
0.03117895420591101 0.09401120941660084 
0.03182851575186749 0.09401004544555967 

0.029230269568041572 0.9710869593377981 
0.04871711594673595 0.06267901366868943 
0.03345241961675869 0.9518038763961533 
0.034426761935693405 0.11328656985806876 
0.046118869762910034 0.06750223454279311 
0.040922377395258204 0.07473049470834359 
0.03864891198441052 0.07954838994810069 
0.046768431308866515 0.0626815410323837 
0.03670022734654108 0.07955031825546778 
0.03052939265995453 0.9710829436377061 
0.03215329652484573 0.9518075831962381 
0.03540110425462813 0.09400893100520112 
0.03605066580058461 0.08437125078446715 
0.034751542708671646 0.09883004952696782 
0.03637544657356284 0.08436915836583476 
0.035076323481649886 0.0988277711155681 

0.1981162715167262 0.07471098987932544 
0.027606365703150372 0.9903511650567882 
0.03280285807080221 0.9662641035273392 
0.034101981162715164 0.10847155422397983 
0.11237414745047093 0.0747144319079757 
0.14939915556999026 0.07471359747678775 
0.09126339720688535 0.07471531206142051 
0.18057810977590127 0.07471168947864461 
0.07340045469308216 0.0747193743080889 
0.16596297499188048 0.07471242405792973 
0.08736602793114648 0.0747188126717124 
0.15134784020785969 0.0747131963079474 
0.16303994803507632 0.07471280529528024 
0.055212731406300744 0.07472864130830116 
0.046768431308866515 0.07472954983773371 
0.03637544657356284 0.0747314781451008 
0.04059759662227996 0.07473049470834359 
0.06430659304969145 0.0747238480323293 
0.07015264696329977 0.07472314393529386 
0.034426761935693405 0.09401120941660084 
0.07275089314712568 0.07472246330815964 
0.059434881455017866 0.0747253316653682 
0.06235790841182202 0.07472457683452384 
0.08866515102305944 0.07471722543847446 
0.03605066580058461 0.0843723652248257 
0.05748619681714842 0.07472611394460689 
0.03540110425462813 0.08919120533519269 

0.12731406300746995 0.06267470472075172 
0.023059434881455017 0.9614381243945863 
0.034101981162715164 0.10846772974770177 
0.02987983111399805 0.9469754497338426 
0.09093861643390712 0.06267604365937642 
0.05131536213056187 0.0626815410323837 
0.06885352387138681 0.06267982492123328 
0.06982786619032154 0.06267901366868943 
0.08541734329327703 0.06267823138945074 
0.04904189671971419 0.06750223454279311 
0.04027281584930172 0.07472954983773371 
0.026956804157193894 0.9493910241186688 
0.08801558947710296 0.06267674775641184 
0.03702500811951932 0.07473250255838956 
0.035076323481649886 0.09160178936141734 
0.03897369275738876 0.07473049470834359 
0.028580708022085094 0.9493878370551039 
0.050016239038648914 0.06268244956181625 
0.03572588502760637 0.08919120533519269 
0.03637544657356284 0.07955352511445872 
0.034426761935693405 0.10364888963733479 
0.08671646638519 0.0626774765586064 
0.02890548879506333 0.9469784169999204 

0.19616758687885677 0.06266495195792966 
0.02987983111399805 0.9782979104512279 
0.03117895420591101 0.9542210189515137 
0.03150373497888925 0.09641946550074317 
0.12569015914257875 0.0626696263178251 
0.1669373173108152 0.06266914152505745 
0.10620331276388438 0.06267345079410315 
0.06820396232543033 0.06267604365937642 
0.1227671321857746 0.06267227403217145 
0.17343293277038 0.06266821178550307 
0.1890224098733355 0.06266733163205825 
0.06008444300097434 0.06267674775641184 
0.04546930821695356 0.06267982492123328 
0.05326404676843131 0.06267901366868943 
0.03215329652484573 0.08195973831065127 
0.05456316986034427 0.0626774765586064 
0.03572588502760637 0.07232526494890824 
0.037349788892497564 0.06268437786918334 
0.19259499837609614 0.0626664972008703 
0.0425462812601494 0.0626815410323837 
0.039298473530367 0.06268339443242613 
0.1701851250405976 0.06266867019875556 
0.19032153296524845 0.06266690892678539 
0.12374147450470932 0.06267171239579494 

0.10587853199090613 0.06267901366868943 
0.023708996427411498 0.9638443573862048 
0.03150373497888925 0.9590197805614208 
0.03345241961675869 0.11329179353298516 
0.07307567392010393 0.06267982492123328 
0.06885352387138681 0.06268244956181625 
0.05456316986034427 0.06268339443242613 
0.039298473530367 0.06750321797955032 
0.05196492367651835 0.06268437786918334 
0.028255927249106853 0.961415814949631 
0.027281584930172135 0.9614197519105054 
0.07242611237414745 0.06268066678708066 
0.03670022734654108 0.07955134266875655 
0.03864891198441052 0.07232415050854969 
0.03572588502760637 0.0843723652248257 
0.034751542708671646 0.09883126640578353 
0.035076323481649886 0.09401004544555967 

0.026956804157193894 0.9662641035273392 
0.28937966872361154 0.06266355214961875 
0.028580708022085094 0.09642445394806237 
0.027281584930172135 0.9542066771654708 
0.22279961026307243 0.06266776576179793 
0.16986034426761937 0.06266821178550307 
0.27931146476128615 0.06266495195792966 
0.23351737577135434 0.06266609603202994 
0.13868139006170835 0.062670125162557 
0.11237414745047093 0.06267063867919281 
0.16498863267294575 0.06266867019875556 
0.08379343942838584 0.06267470472075172 
0.10750243585579734 0.06267406764511575 
0.052939265995453066 0.0626815410323837 
0.05391360831438779 0.06267901366868943 
0.06852874309840858 0.06267674775641184 
0.03897369275738876 0.06268244956181625 
0.08151997401753816 0.06267604365937642 
0.2257226372198766 0.0626664972008703 
0.034101981162715164 0.08196410914068337 
0.28255927249106855 0.06266388960340798 
0.034751542708671646 0.07714410505927523 
0.03540110425462813 0.06750531039818271 
0.03605066580058461 0.06268437786918334 
0.10945112049366677 0.06267345079410315 
0.03702500811951932 0.06268339443242613 
0.11010068203962325 0.06267171239579494 
0.11107502435855797 0.06267116752468342 

