1460.0 465.0357142857143 
2011.0 95.01123595505618 
1463.0 465.03333333333336 
1467.0 111.02380952380952 
1716.0 95.01515151515152 
1620.0 95.015625 
1843.0 95.01219512195122 
1925.0 95.01190476190476 
1542.0 95.01666666666667 
1615.0 95.01639344262296 
1982.0 95.01176470588236 
1726.0 95.01449275362319 
1779.0 95.01428571428572 
1534.0 95.01724137931035 
1491.0 95.01754385964912 
1812.0 95.01315789473684 
1987.0 95.01149425287356 
1796.0 95.01388888888889 
1477.0 95.01785714285714 
1471.0 103.02127659574468 
1468.0 105.02222222222223 
1472.0 97.01923076923077 
1801.0 95.01351351351352 
1807.0 95.01333333333334 
1474.0 95.01851851851852 
1986.0 95.01162790697674 
1618.0 95.01612903225806 

1455.0 467.037037037037 
1623.0 95.01587301587301 
1462.0 464.037037037037 
1464.0 109.02439024390245 
1544.0 95.01886792452831 
1601.0 95.01785714285714 
1491.0 95.0204081632653 
1541.0 95.01960784313725 
1471.0 97.02173913043478 
1485.0 95.02083333333333 
1609.0 95.01694915254237 
1618.0 95.01639344262296 
1456.0 465.037037037037 
1467.0 103.02325581395348 
1604.0 95.01754385964912 
1543.0 95.01923076923077 

1450.0 472.04 
1695.0 95.01818181818182 
1471.0 97.02127659574468 
1460.0 470.0357142857143 
1612.0 95.01886792452831 
1540.0 95.01923076923077 
1484.0 95.0204081632653 
1529.0 95.02 
1456.0 470.03846153846155 
1457.0 470.037037037037 

1465.0 114.02380952380952 
1503.0 95.01785714285714 
1471.0 102.0204081632653 
1484.0 95.0204081632653 
1502.0 95.01923076923077 
1482.0 97.02173913043478 
1467.0 108.02222222222223 
1469.0 108.02173913043478 

1461.0 472.0416666666667 
1521.0 95.01818181818182 
1474.0 464.03846153846155 
1477.0 116.02222222222223 
1513.0 97.02 
1497.0 100.02 
1490.0 102.01960784313725 
1515.0 95.01923076923077 
1484.0 102.0204081632653 
1465.0 472.04 
1470.0 464.04 
1480.0 108.02127659574468 
1482.0 104.02127659574468 
1478.0 110.02222222222223 
1483.0 104.0204081632653 
1479.0 110.02127659574468 

1981.0 100.01190476190476 
1456.0 480.037037037037 
1472.0 470.04 
1476.0 114.02380952380952 
1717.0 100.01333333333334 
1831.0 100.01298701298701 
1652.0 100.01369863013699 
1927.0 100.01219512195122 
1597.0 100.01538461538462 
1882.0 100.0125 
1640.0 100.01515151515152 
1837.0 100.01282051282051 
1873.0 100.0126582278481 
1541.0 100.01923076923077 
1515.0 100.01960784313725 
1483.0 100.0204081632653 
1496.0 100.02 
1569.0 100.01724137931035 
1587.0 100.01694915254237 
1477.0 108.02222222222223 
1595.0 100.01666666666667 
1554.0 100.01785714285714 
1563.0 100.01754385964912 
1644.0 100.01449275362319 
1482.0 104.02173913043478 
1548.0 100.01818181818182 
1480.0 106.02173913043478 

1763.0 95.01639344262296 
1442.0 468.037037037037 
1476.0 114.02222222222223 
1463.0 462.0344827586207 
1651.0 95.01694915254237 
1529.0 95.01923076923077 
1583.0 95.01851851851852 
1586.0 95.01818181818182 
1634.0 95.01785714285714 
1522.0 97.02 
1495.0 100.01960784313725 
1454.0 463.037037037037 
1642.0 95.01724137931035 
1485.0 100.02083333333333 
1479.0 107.02222222222223 
1491.0 100.02 
1459.0 463.0357142857143 
1525.0 95.01960784313725 
1481.0 106.02173913043478 
1483.0 102.02173913043478 
1477.0 112.02222222222223 
1638.0 95.01754385964912 
1460.0 462.0357142857143 

1975.0 95.01234567901234 
1463.0 475.0344827586207 
1467.0 465.0416666666667 
1468.0 109.02173913043478 
1758.0 95.01428571428572 
1885.0 95.01408450704226 
1698.0 95.01587301587301 
1581.0 95.01694915254237 
1749.0 95.01538461538462 
1905.0 95.01369863013699 
1953.0 95.01333333333334 
1556.0 95.01724137931035 
1511.0 95.01851851851852 
1535.0 95.01818181818182 
1470.0 103.0204081632653 
1539.0 95.01754385964912 
1481.0 99.02173913043478 
1486.0 95.0204081632653 
1964.0 95.01298701298701 
1502.0 95.01923076923077 
1492.0 95.02 
1895.0 95.01388888888889 
1957.0 95.01315789473684 
1752.0 95.01515151515152 

1697.0 95.01818181818182 
1444.0 469.0357142857143 
1468.0 467.03333333333336 
1474.0 116.02439024390245 
1596.0 95.01851851851852 
1583.0 95.01960784313725 
1539.0 95.02 
1492.0 97.0204081632653 
1531.0 95.0204081632653 
1458.0 468.02777777777777 
1455.0 468.02941176470586 
1594.0 95.01886792452831 
1484.0 102.02083333333333 
1490.0 99.02127659574468 
1481.0 104.02173913043478 
1478.0 110.02272727272727 
1479.0 108.02173913043478 

1454.0 470.04 
2262.0 95.01176470588236 
1459.0 109.02380952380952 
1455.0 465.0357142857143 
2057.0 95.01351351351352 
1894.0 95.01369863013699 
2231.0 95.01234567901234 
2090.0 95.01282051282051 
1798.0 95.01449275362319 
1717.0 95.01470588235294 
1879.0 95.01388888888889 
1629.0 95.01639344262296 
1702.0 95.01612903225806 
1534.0 95.01923076923077 
1537.0 95.01818181818182 
1582.0 95.01724137931035 
1491.0 95.01960784313725 
1622.0 95.01694915254237 
2066.0 95.01298701298701 
1476.0 103.02222222222223 
2241.0 95.01190476190476 
1478.0 101.02173913043478 
1480.0 97.02127659574468 
1482.0 95.0204081632653 
1708.0 95.01587301587301 
1485.0 95.02 
1710.0 95.01515151515152 
1713.0 95.01492537313433 

