0.5217391304347826 0.10344827586206899 

0.5217391304347826 0.062068965517241545 
0.5 0.10344827586206899 

0.2826086956521739 0.10344827586206899 
0.32608695652173914 0.062068965517241545 

0.10869565217391304 0.062068965517241545 
0.15217391304347827 0.03448275862068991 

0.8478260869565217 0.10344827586206899 
0.6521739130434783 1.0 

0.45652173913043476 0.062068965517241545 

0.5217391304347826 0.10344827586206899 

0.5217391304347826 0.10344827586206899 

0.6304347826086957 0.10344827586206899 

0.8260869565217391 0.10344827586206899 

