0.43478260869565216 0.03448275862068991 
0.17391304347826086 0.10344827586206899 
0.21739130434782608 0.062068965517241545 

0.10869565217391304 0.03448275862068991 
0.15217391304347827 0.014778325123153028 

0.021739130434782608 0.062068965517241545 
0.06521739130434782 0.03448275862068991 

0.1956521739130435 0.10344827586206899 
0.2826086956521739 0.03448275862068991 
0.2391304347826087 0.062068965517241545 

0.41304347826086957 0.03448275862068991 
0.1956521739130435 0.10344827586206899 
0.2391304347826087 0.062068965517241545 

0.13043478260869565 0.062068965517241545 
0.17391304347826086 0.03448275862068991 

0.043478260869565216 0.014778325123153028 
0.0 0.03448275862068991 

0.021739130434782608 0.10344827586206899 
0.06521739130434782 0.062068965517241545 

0.0 0.03448275862068991 
0.043478260869565216 0.014778325123153028 

0.08695652173913043 0.10344827586206899 
0.17391304347826086 0.014778325123153028 
0.13043478260869565 0.03448275862068991 

