0.027777777777777776 0.026392187912377987 
0.9148148148148149 0.0 
0.42407407407407405 0.0016381358014579252 
0.6462962962962963 0.0012668250197941365 
0.03333333333333333 0.022802850356294598 
0.7537037037037037 5.938242280285373E-4 
0.912962962962963 2.8791477722596616E-4 
0.11296296296296296 0.019866119628589946 
0.17037037037037037 0.013573125212080176 
0.18333333333333332 0.010688836104513098 
0.65 9.194697724312558E-4 
0.12777777777777777 0.015348072355198335 
0.2111111111111111 0.006650831353919216 
0.11851851851851852 0.01741884402216952 
0.20185185185185187 0.008445500131960909 
0.34814814814814815 0.0034204275534442255 
0.412962962962963 0.002923442353371084 
0.29259259259259257 0.003958828186856676 
0.2518518518518518 0.005881687591901347 
0.27037037037037037 0.004544046266652993 
0.25555555555555554 0.0051824659900669605 
0.4185185185185185 0.0024632708718220274 
0.4222222222222222 0.002035968781812005 
0.007407407407407408 0.6724729480073897 
0.011111111111111112 0.6688836104513063 
