627.0 4.125 
1079.0 4.027027027027027 
700.0 4.045454545454546 
880.0 4.041666666666667 
640.0 4.076923076923077 
629.0 4.111111111111111 
667.0 4.0588235294117645 
997.0 4.029411764705882 
1062.0 4.0285714285714285 
922.0 4.032258064516129 
964.0 4.03125 
674.0 4.052631578947368 
685.0 4.05 
984.0 4.03030303030303 
697.0 4.0476190476190474 
668.0 4.055555555555555 
907.0 4.0344827586206895 
1066.0 4.027777777777778 
918.0 4.033333333333333 
884.0 4.04 
892.0 4.038461538461538 
894.0 4.037037037037037 
902.0 4.035714285714286 
