605.0 3.111111111111111 
1084.0 3.0294117647058822 
819.0 3.0344827586206895 
939.0 3.033333333333333 
608.0 3.1 
997.0 3.03125 
1083.0 3.0303030303030303 
651.0 3.090909090909091 
682.0 3.0714285714285716 
689.0 3.0625 
941.0 3.032258064516129 
659.0 3.076923076923077 
704.0 3.05 
654.0 3.0833333333333335 
699.0 3.0555555555555554 
778.0 3.04 
813.0 3.0384615384615383 
748.0 3.0416666666666665 
726.0 3.0476190476190474 
736.0 3.0434782608695654 
728.0 3.0454545454545454 
816.0 3.037037037037037 
818.0 3.0357142857142856 
