1061.0 4.027777777777778 
629.0 4.1 
665.0 4.071428571428571 
686.0 4.052631578947368 
884.0 4.032258064516129 
978.0 4.03125 
815.0 4.033333333333333 
737.0 4.04 
777.0 4.038461538461538 
1014.0 4.03030303030303 
1045.0 4.029411764705882 
714.0 4.043478260869565 
791.0 4.035714285714286 
694.0 4.05 
710.0 4.0476190476190474 
728.0 4.041666666666667 
787.0 4.037037037037037 
713.0 4.045454545454546 

1118.0 4.027777777777778 
625.0 4.111111111111111 
725.0 4.033333333333333 
859.0 4.03125 
985.0 4.0285714285714285 
630.0 4.090909090909091 
872.0 4.03030303030303 
981.0 4.029411764705882 
647.0 4.0588235294117645 
643.0 4.071428571428571 
669.0 4.052631578947368 
640.0 4.083333333333333 
674.0 4.045454545454546 
642.0 4.076923076923077 
684.0 4.041666666666667 
711.0 4.04 
663.0 4.055555555555555 
717.0 4.038461538461538 
721.0 4.0344827586206895 
678.0 4.043478260869565 

605.0 3.111111111111111 
1084.0 3.0294117647058822 
819.0 3.0344827586206895 
939.0 3.033333333333333 
608.0 3.1 
997.0 3.03125 
1083.0 3.0303030303030303 
651.0 3.090909090909091 
682.0 3.0714285714285716 
689.0 3.0625 
941.0 3.032258064516129 
659.0 3.076923076923077 
704.0 3.05 
654.0 3.0833333333333335 
699.0 3.0555555555555554 
778.0 3.04 
813.0 3.0384615384615383 
748.0 3.0416666666666665 
726.0 3.0476190476190474 
736.0 3.0434782608695654 
728.0 3.0454545454545454 
816.0 3.037037037037037 
818.0 3.0357142857142856 

627.0 4.125 
1079.0 4.027027027027027 
700.0 4.045454545454546 
880.0 4.041666666666667 
640.0 4.076923076923077 
629.0 4.111111111111111 
667.0 4.0588235294117645 
997.0 4.029411764705882 
1062.0 4.0285714285714285 
922.0 4.032258064516129 
964.0 4.03125 
674.0 4.052631578947368 
685.0 4.05 
984.0 4.03030303030303 
697.0 4.0476190476190474 
668.0 4.055555555555555 
907.0 4.0344827586206895 
1066.0 4.027777777777778 
918.0 4.033333333333333 
884.0 4.04 
892.0 4.038461538461538 
894.0 4.037037037037037 
902.0 4.035714285714286 

643.0 4.090909090909091 
972.0 4.029411764705882 
686.0 4.0625 
742.0 4.0344827586206895 
860.0 4.033333333333333 
649.0 4.083333333333333 
955.0 4.03125 
861.0 4.032258064516129 
704.0 4.05 
706.0 4.045454545454546 
717.0 4.043478260869565 
730.0 4.035714285714286 
721.0 4.041666666666667 
727.0 4.04 
728.0 4.038461538461538 
729.0 4.037037037037037 

617.0 4.1 
952.0 4.027027027027027 
680.0 4.071428571428571 
874.0 4.0285714285714285 
773.0 4.038461538461538 
861.0 4.03030303030303 
805.0 4.03125 
723.0 4.041666666666667 
781.0 4.0344827586206895 
695.0 4.052631578947368 
691.0 4.0588235294117645 
682.0 4.066666666666666 
689.0 4.0625 
796.0 4.033333333333333 
699.0 4.05 
707.0 4.045454545454546 
716.0 4.043478260869565 
706.0 4.0476190476190474 
801.0 4.032258064516129 

594.0 5.111111111111111 
912.0 4.029411764705882 
638.0 4.090909090909091 
596.0 5.1 
713.0 4.043478260869565 
789.0 4.041666666666667 
837.0 4.037037037037037 
790.0 4.04 
675.0 4.052631578947368 
700.0 4.05 
652.0 4.066666666666666 
669.0 4.055555555555555 
882.0 4.03125 
898.0 4.03030303030303 
844.0 4.0344827586206895 
859.0 4.033333333333333 
874.0 4.032258064516129 
703.0 4.0476190476190474 
710.0 4.045454545454546 

626.0 4.1 
961.0 4.027027027027027 
670.0 4.052631578947368 
894.0 4.03030303030303 
803.0 4.03125 
727.0 4.035714285714286 
790.0 4.032258064516129 
919.0 4.0285714285714285 
681.0 4.0476190476190474 
706.0 4.045454545454546 
947.0 4.027777777777778 
679.0 4.05 
721.0 4.04 
723.0 4.037037037037037 
715.0 4.043478260869565 
717.0 4.041666666666667 

632.0 4.083333333333333 
753.0 4.035714285714286 
660.0 4.0476190476190474 
716.0 4.045454545454546 
638.0 4.071428571428571 
647.0 4.055555555555555 
633.0 4.076923076923077 
726.0 4.043478260869565 
733.0 4.04 
743.0 4.037037037037037 
653.0 4.05 
648.0 4.052631578947368 

606.0 4.111111111111111 
890.0 4.0344827586206895 
680.0 4.041666666666667 
780.0 4.04 
620.0 4.083333333333333 
640.0 4.066666666666666 
837.0 4.035714285714286 
792.0 4.037037037037037 
608.0 4.1 
615.0 4.090909090909091 
642.0 4.0625 
645.0 4.055555555555555 
670.0 4.043478260869565 
656.0 4.0476190476190474 
649.0 4.05 
664.0 4.045454545454546 
784.0 4.038461538461538 
647.0 4.052631578947368 

