1054.0 4.1 
1851.0 4.0227272727272725 
1229.0 4.090909090909091 
1632.0 4.0285714285714285 
1498.0 4.029411764705882 
1246.0 4.076923076923077 
1769.0 4.025 
1658.0 4.0256410256410255 
1352.0 4.038461538461538 
1286.0 4.052631578947368 
1453.0 4.035714285714286 
1272.0 4.0588235294117645 
1405.0 4.037037037037037 
1254.0 4.066666666666666 
1251.0 4.071428571428571 
1785.0 4.023809523809524 
1486.0 4.033333333333333 
1266.0 4.0625 
1828.0 4.023255813953488 
1301.0 4.05 
1314.0 4.0476190476190474 
1645.0 4.026315789473684 
1327.0 4.045454545454546 
1332.0 4.043478260869565 
1344.0 4.041666666666667 
1494.0 4.03125 
1348.0 4.04 
