1049.0 5.142857142857143 
1825.0 4.020408163265306 
1065.0 4.111111111111111 
1508.0 4.024390243902439 
1617.0 4.023809523809524 
1142.0 4.055555555555555 
1758.0 4.020833333333333 
1443.0 4.025 
1364.0 4.032258064516129 
1306.0 4.0344827586206895 
1626.0 4.023255813953488 
1680.0 4.0227272727272725 
1250.0 4.037037037037037 
1303.0 4.035714285714286 
1171.0 4.043478260869565 
1218.0 4.038461538461538 
1717.0 4.022222222222222 
1423.0 4.027027027027027 
1390.0 4.027777777777778 
1146.0 4.045454545454546 
1729.0 4.0212765957446805 
1382.0 4.0285714285714285 
1439.0 4.0256410256410255 
