1072.0 4.111111111111111 
1772.0 4.023255813953488 
1093.0 4.0625 
1077.0 4.090909090909091 
1229.0 4.032258064516129 
1391.0 4.03125 
1635.0 4.023809523809524 
1096.0 4.055555555555555 
1556.0 4.026315789473684 
1076.0 4.1 
1430.0 4.0285714285714285 
1500.0 4.027777777777778 
1137.0 4.05 
1222.0 4.0344827586206895 
1165.0 4.04 
1197.0 4.035714285714286 
1411.0 4.03030303030303 
1151.0 4.043478260869565 
1173.0 4.038461538461538 
1193.0 4.037037037037037 
1138.0 4.0476190476190474 
1145.0 4.045454545454546 
