0.40112540192926044 0.24831103753747033 
0.2942122186495177 0.2540196229516617 
0.3271704180064309 0.2526583448913545 
0.3954983922829582 0.24885615444704826 
0.3496784565916399 0.25020804438280164 
0.3754019292604502 0.2491579155934218 
0.3384244372990354 0.25106032282055923 
0.35610932475884244 0.24983107507379346 
0.3721864951768489 0.24948202941730452 
0.3279742765273312 0.2520749400083657 
0.33360128617363344 0.2515445719329215 
0.1382636655948553 0.5029390396935473 
0.14790996784565916 0.2567421790722761 
0.24517684887459806 0.25572122052704577 
0.8802250803858521 0.24540745563135094 
0.6254019292604501 0.24638318505237755 
0.7130225080385852 0.24624089117847783 
0.8263665594855305 0.24551163507474177 
0.5731511254019293 0.24653259361997232 
0.7202572347266881 0.2461052156242944 
0.7636655948553055 0.24597570714075562 
0.7934083601286174 0.24585195458981862 
0.5570739549839229 0.24702927615548978 
0.5305466237942122 0.24721323265012582 
0.8030546623794212 0.2456202476859365 
0.5241157556270096 0.2474077009444554 
0.569935691318328 0.2466896641653923 
