0.1985530546623794 0.2626823015172529 
0.1832797427652733 0.26763240355473356 
0.19694533762057878 0.26490984743411916 

0.14308681672025725 0.5058560641084913 
0.23553054662379422 0.26763240355473356 
0.1832797427652733 0.5029390396935473 
0.15032154340836013 0.5042853586542907 

0.27491961414790994 0.26763240355473356 
0.837620578778135 0.2461052156242944 
0.29180064308681675 0.25572122052704577 
0.27893890675241156 0.2626823015172529 
0.40112540192926044 0.24831103753747033 
0.5313504823151125 0.24806403143781783 
0.727491961414791 0.24624089117847783 
0.2942122186495177 0.2540196229516617 
0.6639871382636656 0.2468550015816239 
0.27813504823151125 0.26490984743411916 
0.5627009646302251 0.2474077009444554 
0.6189710610932476 0.24721323265012582 
0.3271704180064309 0.2526583448913545 
0.3954983922829582 0.24885615444704826 
0.3496784565916399 0.25020804438280164 
0.3754019292604502 0.2491579155934218 
0.547427652733119 0.2478319954048109 
0.3384244372990354 0.25106032282055923 
0.35610932475884244 0.24983107507379346 
0.3721864951768489 0.24948202941730452 
0.3279742765273312 0.2520749400083657 
0.33360128617363344 0.2515445719329215 

0.20980707395498394 0.26490984743411916 
0.2508038585209003 0.2626823015172529 

0.2604501607717042 0.26490984743411916 
0.9011254019292605 0.24597570714075562 
0.40112540192926044 0.2626823015172529 
0.72508038585209 0.2474077009444554 
0.617363344051447 0.24761360855021616 
0.41479099678456594 0.259255307798997 
0.8352090032154341 0.24653259361997232 
0.7459807073954984 0.2466896641653923 
0.5 0.24983107507379346 
0.44694533762057875 0.2533031608146579 
0.5811897106109325 0.2491579155934218 
0.43569131832797425 0.25482037475184244 
0.542604501607717 0.24948202941730452 
0.4212218649517685 0.2567421790722761 
0.4188102893890675 0.2579089888382537 
0.8480707395498392 0.24624089117847783 
0.6077170418006431 0.248574510710433 
0.43086816720257237 0.25572122052704577 
0.882636655948553 0.2461052156242944 
0.4590032154340836 0.2526583448913545 
0.4694533762057878 0.2520749400083657 
0.7355305466237942 0.2468550015816239 
0.47990353697749194 0.2515445719329215 
0.48392282958199356 0.25106032282055923 
0.49356913183279744 0.2506164278008939 
0.6141479099678456 0.24806403143781783 
0.4967845659163987 0.25020804438280164 

0.1382636655948553 0.5029390396935473 
0.38022508038585207 0.2540196229516617 
0.14790996784565916 0.2567421790722761 
0.24517684887459806 0.25572122052704577 
0.3737942122186495 0.25482037475184244 

0.2170418006430868 0.26490984743411916 
0.2202572347266881 0.2626823015172529 

0.227491961414791 0.26763240355473356 
0.2282958199356913 0.26490984743411916 

0.2459807073954984 0.2626823015172529 
0.21221864951768488 0.26490984743411916 

0.25643086816720256 0.5204411861832112 
0.8802250803858521 0.24540745563135094 
0.2692926045016077 0.26763240355473356 
0.6254019292604501 0.24638318505237755 
0.7130225080385852 0.24624089117847783 
0.3311897106109325 0.2540196229516617 
0.8263665594855305 0.24551163507474177 
0.5731511254019293 0.24653259361997232 
0.5096463022508039 0.24831103753747033 
0.4630225080385852 0.24885615444704826 
0.7202572347266881 0.2461052156242944 
0.7636655948553055 0.24597570714075562 
0.4180064308681672 0.24948202941730452 
0.46061093247588425 0.2491579155934218 
0.3545016077170418 0.25106032282055923 
0.39228295819935693 0.24983107507379346 
0.7934083601286174 0.24585195458981862 
0.5570739549839229 0.24702927615548978 
0.5305466237942122 0.24721323265012582 
0.33440514469453375 0.2515445719329215 
0.8030546623794212 0.2456202476859365 
0.5241157556270096 0.2474077009444554 
0.569935691318328 0.2466896641653923 

