162.0 11.025641025641026
123.0 11.041666666666666
156.0 11.027027027027026
149.0 11.03125
140.0 11.03225806451613
119.0 11.045454545454545
112.0 11.058823529411764
136.0 11.037037037037036
117.0 11.05
111.0 11.058823529411764
142.0 11.029411764705882
118.0 11.03448275862069
115.0 11.055555555555555
128.0 11.033333333333333
116.0 11.043478260869565
214.0 11.022222222222222
163.0 11.025
152.0 11.027027027027026
161.0 11.026315789473685
151.0 11.028571428571428
123.0 11.043478260869565
205.0 11.020408163265307
169.0 11.020833333333334
125.0 11.041666666666666
132.0 11.03225806451613
164.0 11.022222222222222
150.0 11.022727272727273
139.0 11.028571428571428
134.0 11.030303030303031
142.0 11.025641025641026
148.0 11.023255813953488
140.0 11.026315789473685
121.0 11.0625
202.0 11.018518518518519
198.0 11.01923076923077
188.0 11.019607843137255
182.0 11.02
111.0 11.058823529411764
113.0 11.055555555555555
116.0 11.041666666666666
126.0 11.026315789473685
118.0 11.03448275862069
125.0 11.03125
156.0 11.020408163265307
130.0 11.025641025641026
138.0 11.023255813953488
146.0 11.02127659574468
136.0 11.024390243902438
149.0 11.020833333333334
124.0 11.03225806451613
121.0 14.0625
127.0 14.043478260869565
130.0 14.035714285714286
131.0 14.03225806451613
125.0 14.045454545454545
128.0 14.04
123.0 14.055555555555555
208.0 11.02
132.0 11.03225806451613
170.0 11.020408163265307
157.0 11.022222222222222
168.0 11.020833333333334
143.0 11.024390243902438
149.0 11.023809523809524
154.0 11.023255813953488
139.0 11.030303030303031
135.0 11.03125
140.0 11.025
197.0 11.02
114.0 11.05
164.0 11.020408163265307
119.0 11.041666666666666
123.0 11.03225806451613
151.0 11.023255813953488
139.0 11.023809523809524
131.0 11.028571428571428
135.0 11.025
156.0 11.021739130434783
127.0 11.029411764705882
125.0 11.03125
128.0 11.023255813953488
136.0 11.02127659574468
118.0 11.03225806451613
124.0 11.030303030303031
152.0 11.02
119.0 11.03125
213.0 11.017543859649123
180.0 11.017857142857142
111.0 11.055555555555555
164.0 11.018867924528301
113.0 11.05
116.0 11.041666666666666
126.0 11.026315789473685
117.0 11.04
156.0 11.019607843137255
150.0 11.020408163265307
124.0 11.03125
152.0 11.02
136.0 11.021739130434783
128.0 11.026315789473685
144.0 11.020833333333334
230.0 11.017241379310345
111.0 11.055555555555555
113.0 11.052631578947368
116.0 11.041666666666666
202.0 11.017543859649123
155.0 11.019607843137255
118.0 11.03448275862069
172.0 11.01923076923077
188.0 11.017857142857142
125.0 11.028571428571428
119.0 11.03225806451613
180.0 11.018867924528301
131.0 11.025
133.0 11.023809523809524
169.0 10.026315789473685
147.0 10.027777777777779
138.0 10.037037037037036
163.0 10.027027027027026
112.0 11.058823529411764
134.0 11.027027027027026
116.0 11.045454545454545
124.0 11.03448275862069
115.0 11.055555555555555
126.0 11.03225806451613
131.0 11.03225806451613
111.0 11.058823529411764
187.0 11.022727272727273
138.0 11.027777777777779
179.0 11.026315789473685
122.0 11.033333333333333
115.0 11.052631578947368
116.0 11.043478260869565
117.0 11.041666666666666
112.0 11.055555555555555
182.0 11.025641025641026
194.0 11.018181818181818
171.0 11.020408163265307
186.0 11.019607843137255
142.0 11.023809523809524
134.0 11.025641025641026
155.0 11.021739130434783
163.0 11.020833333333334
122.0 11.03225806451613
187.0 11.01923076923077
138.0 11.025
112.0 11.058823529411764
116.0 11.045454545454545
117.0 11.043478260869565
118.0 11.035714285714286
124.0 11.030303030303031
119.0 11.033333333333333
111.0 11.055555555555555
116.0 11.04
114.0 11.05
118.0 11.033333333333333
125.0 11.03125
133.0 11.025641025641026
134.0 11.025
113.0 11.052631578947368
195.0 11.01923076923077
151.0 11.020833333333334
172.0 11.020408163265307
127.0 11.030303030303031
143.0 11.022727272727273
141.0 11.023255813953488
140.0 14.03225806451613
125.0 14.047619047619047
168.0 14.023809523809524
150.0 14.025641025641026
132.0 14.035714285714286
133.0 14.033333333333333
123.0 14.058823529411764
179.0 14.02127659574468
128.0 14.043478260869565
130.0 14.041666666666666
111.0 11.0625
156.0 11.022727272727273
113.0 11.058823529411764
116.0 11.045454545454545
118.0 11.035714285714286
141.0 11.025
117.0 11.043478260869565
125.0 11.03225806451613
134.0 11.027027027027026
133.0 11.027777777777779
204.0 11.020833333333334
160.0 11.021739130434783
140.0 11.025641025641026
184.0 11.02127659574468
184.0 11.02
113.0 11.058823529411764
135.0 11.024390243902438
158.0 11.023809523809524
118.0 11.043478260869565
120.0 11.03448275862069
166.0 11.020833333333334
130.0 11.025
176.0 11.020408163265307
129.0 11.028571428571428
125.0 11.030303030303031
160.0 11.022727272727273
115.0 11.05
121.0 11.03125
126.0 11.029411764705882
162.0 11.021739130434783
123.0 12.045454545454545
171.0 12.020833333333334
143.0 12.023809523809524
128.0 12.035714285714286
126.0 12.043478260869565
139.0 12.030303030303031
156.0 12.022727272727273
132.0 12.03225806451613
163.0 12.022222222222222
164.0 12.02127659574468
135.0 12.03125
121.0 14.0625
123.0 14.066666666666666
128.0 14.047619047619047
148.0 14.033333333333333
137.0 14.037037037037036
129.0 14.045454545454545
142.0 14.035714285714286
126.0 14.0625
209.0 11.022727272727273
180.0 11.05
200.0 11.043478260869565
201.0 11.027027027027026
123.0 14.0625
176.0 14.027027027027026
125.0 14.047619047619047
128.0 14.043478260869565
178.0 14.026315789473685
158.0 14.028571428571428
148.0 14.03448275862069
132.0 14.037037037037036
138.0 14.035714285714286
