0.07100591715976332 0.5745612473746039 
0.7514792899408284 0.568361159564748 
0.10059171597633136 0.5715175679043111 
0.7041420118343196 0.5688543483678046 
0.3668639053254438 0.5698786635741532 
0.10650887573964497 0.5711793812965006 
0.4437869822485207 0.569313524149961 
0.40828402366863903 0.569488448257449 
0.11834319526627218 0.5738848741589833 
0.6272189349112426 0.5682545241478706 
0.14792899408284024 0.5715175679043111 
0.5266272189349113 0.5691502616496387 
0.3727810650887574 0.569313524149961 
0.2603550295857988 0.5698786635741532 
0.21301775147928995 0.5708719389257639 
0.1893491124260355 0.5711793812965006 
0.5739644970414202 0.568473888434018 
0.33136094674556216 0.569488448257449 
0.5798816568047337 0.568361159564748 
0.2958579881656805 0.5696763297062324 
0.07100591715976332 0.5732930475953152 
0.17159763313609466 0.5691502616496387 
0.10650887573964497 0.5708719389257639 
0.10059171597633136 0.5711793812965006 
0.04142011834319527 0.14619154414818494 
0.30177514792899407 0.14194253292185005 
0.07100591715976332 0.14421878893595796 
0.17751479289940827 0.14319839830894424 
0.21893491124260356 0.1428824063728367 
0.26627218934911245 0.14213939830685388 
0.22485207100591717 0.14273922252678786 
0.07100591715976332 0.5732930475953152 
0.39644970414201186 0.5691502616496387 
0.10059171597633136 0.5705912306742217 
0.35502958579881655 0.569488448257449 
0.09467455621301775 0.5727708476861962 
0.1834319526627219 0.5703339147769747 
0.01775147928994083 0.14665572184517953 
0.33727810650887574 0.1420383752803389 
0.17159763313609466 0.1428824063728367 
0.047337278106508875 0.14475681308474714 
0.16568047337278108 0.14398205831049068 
0.03550295857988166 0.14619154414818494 
0.11242603550295859 0.14421878893595796 
0.09467455621301775 0.14447610483320494 
0.005917159763313609 0.14665572184517953 
0.5325443786982249 0.1420383752803389 
0.20118343195266272 0.14303513580862187 
0.4911242603550296 0.14213939830685388 
0.14792899408284024 0.14356120386521565 
0.03550295857988166 0.1454024420632943 
0.07100591715976332 0.14475681308474714 
0.05325443786982249 0.14506425545548385 
0.07100591715976332 0.5738848741589833 
0.2781065088757396 0.568361159564748 
0.17159763313609466 0.569313524149961 
0.10059171597633136 0.5715175679043111 
0.10650887573964497 0.5708719389257639 
0.07100591715976332 0.5732930475953152 
0.44970414201183434 0.569313524149961 
0.3254437869822485 0.5705912306742217 
0.10650887573964497 0.5708719389257639 
0.10059171597633136 0.5711793812965006 
0.40828402366863903 0.569488448257449 
0.07100591715976332 0.5738848741589833 
0.1952662721893491 0.569488448257449 
0.10059171597633136 0.5711793812965006 
0.15976331360946747 0.5708719389257639 
0.07100591715976332 0.5732930475953152 
0.6627218934911243 0.5688543483678046 
0.17159763313609466 0.569313524149961 
0.10059171597633136 0.5711793812965006 
0.14792899408284024 0.5705912306742217 
0.13609467455621302 0.5708719389257639 
0.0 0.14717792175429845 
0.28994082840236685 0.14224603372373124 
0.07692307692307693 0.14337332241643233 
0.15976331360946747 0.14303513580862187 
0.023668639053254437 0.14665572184517953 
0.029585798816568046 0.14506425545548385 
0.03550295857988166 0.14475681308474714 
0.07100591715976332 0.5738848741589833 
0.47928994082840237 0.568361159564748 
0.10059171597633136 0.5711793812965006 
0.24260355029585798 0.569488448257449 
0.20710059171597633 0.5708719389257639 
0.40236686390532544 0.5691502616496387 
0.46153846153846156 0.5689975322138534 
0.07692307692307693 0.5727708476861962 
0.30177514792899407 0.568361159564748 
0.10650887573964497 0.5705912306742217 
0.22485207100591717 0.5688543483678046 
0.14201183431952663 0.569488448257449 
0.17159763313609466 0.5691502616496387 
0.14792899408284024 0.569313524149961 
0.34911242603550297 0.5708719389257639 
0.11834319526627218 0.5723066699892017 
0.22485207100591717 0.5711793812965006 
0.14792899408284024 0.5718913531024171 
0.1893491124260355 0.5715175679043111 
0.07100591715976332 0.5738848741589833 
0.1834319526627219 0.569313524149961 
0.10059171597633136 0.5715175679043111 
0.09467455621301775 0.5732930475953152 
0.1301775147928994 0.5711793812965006 
0.17159763313609466 0.5696763297062324 
0.07100591715976332 0.5738848741589833 
0.40828402366863903 0.5696763297062324 
0.10059171597633136 0.5711793812965006 
0.3254437869822485 0.5705912306742217 
0.15976331360946747 0.5708719389257639 
0.0 0.14665572184517953 
0.1834319526627219 0.1424781225722284 
0.04142011834319527 0.14319839830894424 
0.023668639053254437 0.14619154414818494 
0.10059171597633136 0.14303513580862187 
0.029585798816568046 0.14447610483320494 
0.6094674556213018 0.14145693163884035 
0.0 0.14665572184517953 
0.029585798816568046 0.14447610483320494 
0.3076923076923077 0.14185148268128578 
0.08875739644970414 0.14337332241643233 
0.10650887573964497 0.14303513580862187 
0.1952662721893491 0.1424781225722284 
0.24260355029585798 0.14213939830685388 
0.2958579881656805 0.1420383752803389 
0.23668639053254437 0.1423587625930012 
0.07100591715976332 0.5745612473746039 
0.1893491124260355 0.5711793812965006 
0.10059171597633136 0.5715175679043111 
0.11834319526627218 0.5723066699892017 
0.621301775147929 0.5675720574798571 
0.31952662721893493 0.5682545241478706 
0.5680473372781065 0.5678799997568875 
0.14792899408284024 0.5708719389257639 
0.22485207100591717 0.5691502616496387 
0.1834319526627219 0.5700971841515075 
0.2781065088757396 0.5687198423306075 
0.6035502958579881 0.5676437940330291 
0.07100591715976332 0.5738848741589833 
0.4319526627218935 0.5675720574798571 
0.23668639053254437 0.5681535011213557 
0.1301775147928994 0.5691502616496387 
0.10059171597633136 0.5711793812965006 
0.21301775147928995 0.5689975322138534 
0.10650887573964497 0.5705912306742217 
0.07100591715976332 0.5738848741589833 
0.33727810650887574 0.5677188671700694 
0.23668639053254437 0.5681535011213557 
0.10059171597633136 0.5711793812965006 
0.14201183431952663 0.5705912306742217 
0.17159763313609466 0.5691502616496387 
0.22485207100591717 0.5687198423306075 
0.10650887573964497 0.5708719389257639 
0.1834319526627219 0.5689975322138534 
0.11834319526627218 0.5732930475953152 
0.6153846153846154 0.5675034399072579 
0.5088757396449705 0.5681535011213557 
0.33727810650887574 0.5682545241478706 
0.14792899408284024 0.5715175679043111 
0.1834319526627219 0.5705912306742217 
0.5621301775147929 0.5675720574798571 
0.21893491124260356 0.5696763297062324 
0.24260355029585798 0.5691502616496387 
0.2958579881656805 0.5687198423306075 
0.07100591715976332 0.5738848741589833 
0.9467455621301775 0.5673747819586344 
0.10059171597633136 0.5711793812965006 
0.6331360946745562 0.5677188671700694 
0.3905325443786982 0.5678799997568875 
0.17159763313609466 0.5691502616496387 
0.16568047337278108 0.5705912306742217 
0.7928994082840237 0.567437742231365 
0.33136094674556216 0.5681535011213557 
0.10650887573964497 0.5708719389257639 
0.24260355029585798 0.5689975322138534 
0.28994082840236685 0.5685932484132451 
0.2781065088757396 0.5688543483678046 
0.07100591715976332 0.5738848741589833 
0.9526627218934911 0.5672564166459008 
0.10059171597633136 0.5711793812965006 
0.17159763313609466 0.5689975322138534 
0.31952662721893493 0.5681535011213557 
0.5857988165680473 0.5678799997568875 
0.8106508875739645 0.5677975152183973 
0.10650887573964497 0.5708719389257639 
0.2781065088757396 0.5687198423306075 
0.8461538461538461 0.5675034399072579 
0.8994082840236687 0.5673747819586344 
0.07100591715976332 0.5738848741589833 
0.6331360946745562 0.5675720574798571 
0.08284023668639054 0.5708719389257639 
0.38461538461538464 0.5678799997568875 
0.14201183431952663 0.569313524149961 
0.1952662721893491 0.5688543483678046 
0.28994082840236685 0.568473888434018 
0.10059171597633136 0.5705912306742217 
0.3254437869822485 0.5680576587628668 
0.07100591715976332 0.14447610483320494 
0.5562130177514792 0.14119926565193733 
0.3431952662721893 0.14125965611761773 
0.08284023668639054 0.14421878893595796 
0.1242603550295858 0.1428824063728367 
0.3136094674556213 0.14145693163884035 
0.23076923076923078 0.14152866819201232 
0.16568047337278108 0.1423587625930012 
0.13609467455621302 0.1426047164895907 
0.1834319526627219 0.14194253292185005 
0.21893491124260356 0.1416037413290526 
0.17159763313609466 0.1420383752803389 
0.08284023668639054 0.5708719389257639 
0.3905325443786982 0.5676437940330291 
0.14792899408284024 0.5691502616496387 
0.10059171597633136 0.5705912306742217 
0.24260355029585798 0.5685932484132451 
0.28402366863905326 0.5681535011213557 
0.3668639053254438 0.5677975152183973 
0.31952662721893493 0.5680576587628668 
0.33727810650887574 0.5679666085223025 
0.05917159763313609 0.14717792175429845 
0.5680473372781065 0.14132261639034827 
0.08875739644970414 0.14447610483320494 
0.08284023668639054 0.14665572184517953 
0.38461538461538464 0.14138831406624122 
0.25443786982248523 0.14168238937738056 
0.1893491124260355 0.1420383752803389 
0.14201183431952663 0.14356120386521565 
0.16568047337278108 0.1428824063728367 
0.14792899408284024 0.14319839830894424 
0.15976331360946747 0.14303513580862187 
0.07100591715976332 0.5738848741589833 
0.5384615384615384 0.14093086358224657 
0.08875739644970414 0.1454024420632943 
0.17159763313609466 0.1420383752803389 
0.23076923076923078 0.14176487391587078 
0.514792899408284 0.14103203051620697 
0.4556213017751479 0.1410855894812447 
0.26627218934911245 0.1416037413290526 
0.3727810650887574 0.14125965611761773 
0.3136094674556213 0.14145693163884035 
0.42011834319526625 0.14114129080488397 
0.35502958579881655 0.14138831406624122 
0.14792899408284024 0.14273922252678786 
0.10059171597633136 0.14447610483320494 
0.13609467455621302 0.14356120386521565 
0.11834319526627218 0.14398205831049068 
0.07100591715976332 0.5732930475953152 
0.5976331360946746 0.567437742231365 
0.09467455621301775 0.5727708476861962 
0.10059171597633136 0.5708719389257639 
0.2781065088757396 0.5685932484132451 
0.17159763313609466 0.5689975322138534 
0.11834319526627218 0.5705912306742217 
0.5029585798816568 0.5675720574798571 
0.15976331360946747 0.569488448257449 
0.42011834319526625 0.5677975152183973 
0.31952662721893493 0.5680576587628668 
0.3668639053254438 0.5679666085223025 
0.0 0.14665572184517953 
0.4319526627218935 0.14119926565193733 
0.26627218934911245 0.14125965611761773 
0.011834319526627219 0.14619154414818494 
0.029585798816568046 0.14421878893595796 
0.08875739644970414 0.1420383752803389 
0.04142011834319527 0.14319839830894424 
0.17751479289940827 0.14168238937738056 
0.17159763313609466 0.14194253292185005 
0.08284023668639054 0.14273922252678786 
0.07100591715976332 0.5732930475953152 
0.4970414201183432 0.5677188671700694 
0.30177514792899407 0.5677975152183973 
0.09467455621301775 0.5727708476861962 
0.10059171597633136 0.5708719389257639 
0.1242603550295858 0.569488448257449 
0.20118343195266272 0.5681535011213557 
0.1301775147928994 0.5691502616496387 
0.1893491124260355 0.5682545241478706 
0.07100591715976332 0.5738848741589833 
1.0 0.567437742231365 
0.10059171597633136 0.5703339147769747 
0.5562130177514792 0.5675720574798571 
0.8106508875739645 0.5675034399072579 
0.5325443786982249 0.5677975152183973 
0.14201183431952663 0.5691502616496387 
0.33727810650887574 0.5679666085223025 
0.2603550295857988 0.5680576587628668 
0.20710059171597633 0.5688543483678046 
0.24260355029585798 0.568361159564748 
0.1893491124260355 0.5689975322138534 
0.029585798816568046 0.14447610483320494 
0.26627218934911245 0.14119926565193733 
0.05325443786982249 0.14319839830894424 
0.11242603550295859 0.14194253292185005 
0.03550295857988166 0.14421878893595796 
0.09467455621301775 0.1426047164895907 
0.15976331360946747 0.1416037413290526 
0.20710059171597633 0.14132261639034827 
0.14792899408284024 0.14176487391587078 
0.22485207100591717 0.14125965611761773 
0.07692307692307693 0.1428824063728367 
0.11834319526627218 1.0 
0.8875739644970414 0.993489907799651 
0.14792899408284024 0.9969870647667809 
0.6331360946745562 0.9936185657482745 
0.5384615384615384 0.9939126410594143 
0.1952662721893491 0.9954286499909777 
0.4319526627218935 0.9942686269623724 
0.1893491124260355 0.9964490406179918 
0.3254437869822485 0.9947083742542622 
0.25443786982248523 0.9951126580548699 
0.6035502958579881 0.9938339930110859 
0.15384615384615385 0.9967063565152388 
0.07100591715976332 0.5753416780080124 
0.5502958579881657 0.5675720574798571 
0.10059171597633136 0.5715175679043111 
0.23668639053254437 0.568473888434018 
0.378698224852071 0.568361159564748 
0.1242603550295858 0.5698786635741532 
0.4970414201183432 0.5679666085223025 
0.17159763313609466 0.569313524149961 
0.21301775147928995 0.5689975322138534 
0.4437869822485207 0.5681535011213557 
0.3905325443786982 0.5682545241478706 
0.23076923076923078 0.5685932484132451 
0.6094674556213018 0.14132261639034827 
0.01775147928994083 0.14619154414818494 
0.38461538461538464 0.14138831406624122 
0.047337278106508875 0.14475681308474714 
0.05917159763313609 0.14337332241643233 
0.029585798816568046 0.14577622726140033 
0.17751479289940827 0.1424781225722284 
0.3076923076923077 0.14168238937738056 
0.20710059171597633 0.14194253292185005 
0.11242603550295859 0.14273922252678786 
0.2781065088757396 0.14176487391587078 
0.1834319526627219 0.1420383752803389 
0.08875739644970414 0.1428824063728367 
0.07692307692307693 0.14319839830894424 
0.07100591715976332 0.5738848741589833 
0.5443786982248521 0.5675720574798571 
0.10059171597633136 0.5715175679043111 
0.21893491124260356 0.5708719389257639 
0.31952662721893493 0.5682545241478706 
0.4437869822485207 0.5676437940330291 
0.22485207100591717 0.5696763297062324 
0.30177514792899407 0.569313524149961 
0.13609467455621302 0.5711793812965006 
0.3905325443786982 0.5681535011213557 
0.4260355029585799 0.5680576587628668 
0.26627218934911245 0.569488448257449 
0.05917159763313609 0.5732930475953152 
0.7396449704142012 0.566998165054482 
0.34911242603550297 0.5673747819586344 
0.5798816568047337 0.5672007153222615 
0.08284023668639054 0.5727708476861962 
0.08875739644970414 0.5708719389257639 
0.1893491124260355 0.5679666085223025 
0.24260355029585798 0.5676437940330291 
0.09467455621301775 0.5705912306742217 
0.11242603550295859 0.569488448257449 
0.11834319526627218 0.5689975322138534 
0.6331360946745562 0.5671471563572237 
0.07100591715976332 0.5732930475953152 
0.42011834319526625 0.567437742231365 
0.17159763313609466 0.5689975322138534 
0.10059171597633136 0.5708719389257639 
0.2958579881656805 0.5680576587628668 
0.10650887573964497 0.5705912306742217 
0.24260355029585798 0.5688543483678046 
0.3668639053254438 0.5676437940330291 
0.2781065088757396 0.5685932484132451 
0.08284023668639054 0.5727708476861962 
0.514792899408284 0.567314391492954 
0.10650887573964497 0.5723066699892017 
0.14201183431952663 0.5687198423306075 
0.2485207100591716 0.5679666085223025 
0.11242603550295859 0.5705912306742217 
0.33727810650887574 0.5678799997568875 
0.40828402366863903 0.5677188671700694 
0.4437869822485207 0.5675720574798571 
0.11834319526627218 0.5700971841515075 
0.13609467455621302 0.569313524149961 
0.6449704142011834 0.5673747819586344 
0.07100591715976332 0.5727708476861962 
0.42011834319526625 0.567437742231365 
0.08284023668639054 0.5708719389257639 
0.14201183431952663 0.5689975322138534 
0.10059171597633136 0.5705912306742217 
0.33727810650887574 0.5676437940330291 
0.24260355029585798 0.568361159564748 
0.28402366863905326 0.5679666085223025 
0.20710059171597633 0.5687198423306075 
0.1834319526627219 0.5688543483678046 
0.27218934911242604 0.5680576587628668 
0.7396449704142012 0.5670459894232633 
0.07100591715976332 0.5727708476861962 
0.10059171597633136 0.5700971841515075 
0.30177514792899407 0.5677188671700694 
0.4970414201183432 0.5675720574798571 
0.5325443786982249 0.567437742231365 
0.20118343195266272 0.5679666085223025 
0.14201183431952663 0.5689975322138534 
0.6331360946745562 0.5672564166459008 
0.16568047337278108 0.568473888434018 
0.6863905325443787 0.5671471563572237 
0.14792899408284024 0.5687198423306075 
0.07100591715976332 0.5732930475953152 
0.6449704142011834 0.5672007153222615 
0.42011834319526625 0.5672564166459008 
0.10650887573964497 0.5705912306742217 
0.1242603550295858 0.5691502616496387 
0.09467455621301775 0.5718913531024171 
0.23668639053254437 0.5681535011213557 
0.1301775147928994 0.5689975322138534 
0.10059171597633136 0.5708719389257639 
0.28402366863905326 0.5678799997568875 
0.3668639053254438 0.5675034399072579 
0.3136094674556213 0.5677188671700694 
0.33727810650887574 0.5675720574798571 
0.07100591715976332 0.5723066699892017 
0.41420118343195267 0.567437742231365 
0.22485207100591717 0.5680576587628668 
0.09467455621301775 0.5718913531024171 
0.33136094674556216 0.5677975152183973 
0.10059171597633136 0.5703339147769747 
0.1301775147928994 0.5688543483678046 
0.10650887573964497 0.5700971841515075 
0.1242603550295858 0.5691502616496387 
0.07100591715976332 0.5732930475953152 
0.5739644970414202 0.566998165054482 
0.2781065088757396 0.5680576587628668 
0.09467455621301775 0.5727708476861962 
0.17159763313609466 0.5688543483678046 
0.26627218934911245 0.5685932484132451 
0.1242603550295858 0.569488448257449 
0.10059171597633136 0.5711793812965006 
0.39644970414201186 0.5677975152183973 
0.10650887573964497 0.5705912306742217 
0.46745562130177515 0.5672007153222615 
0.5207100591715976 0.5671471563572237 
0.44970414201183434 0.567437742231365 
0.41420118343195267 0.5676437940330291 
0.5739644970414202 0.14114129080488397 
0.08284023668639054 0.5723066699892017 
0.11242603550295859 0.5703339147769747 
0.1242603550295858 0.1428824063728367 
0.34911242603550297 0.14119926565193733 
0.27218934911242604 0.14145693163884035 
0.33727810650887574 0.14125965611761773 
0.1893491124260355 0.14176487391587078 
0.22485207100591717 0.14168238937738056 
0.25443786982248523 0.1416037413290526 
0.16568047337278108 0.1426047164895907 
0.14201183431952663 0.14273922252678786 
0.17159763313609466 0.14185148268128578 
0.07100591715976332 0.5732930475953152 
1.0 0.5668645866451275 
0.09467455621301775 0.5727708476861962 
0.10059171597633136 0.5708719389257639 
0.39644970414201186 0.5673747819586344 
0.1242603550295858 0.569488448257449 
0.591715976331361 0.567314391492954 
0.1301775147928994 0.5689975322138534 
0.834319526627219 0.5669075504610018 
0.23668639053254437 0.5681535011213557 
0.7633136094674556 0.567095618485206 
0.6804733727810651 0.5671471563572237 
0.27218934911242604 0.5680576587628668 
0.3431952662721893 0.5677188671700694 
0.6272189349112426 0.5672564166459008 
0.8165680473372781 0.5669520486988714 
0.35502958579881655 0.5676437940330291 
0.5562130177514792 0.567437742231365 
0.07100591715976332 0.5718913531024171 
0.09467455621301775 0.5715175679043111 
0.10059171597633136 0.5700971841515075 
0.3076923076923077 0.5676437940330291 
0.4319526627218935 0.5675034399072579 
0.17159763313609466 0.5687198423306075 
0.23668639053254437 0.5680576587628668 
0.10650887573964497 0.5698786635741532 
0.1242603550295858 0.5691502616496387 
0.1301775147928994 0.5688543483678046 
0.25443786982248523 0.5679666085223025 
0.07100591715976332 0.5723066699892017 
0.727810650887574 0.5669520486988714 
0.24260355029585798 0.568473888434018 
0.10059171597633136 0.5705912306742217 
0.15384615384615385 0.5691502616496387 
0.10650887573964497 0.5703339147769747 
0.5739644970414202 0.5672564166459008 
0.46745562130177515 0.567314391492954 
0.33727810650887574 0.5675720574798571 
0.6272189349112426 0.567095618485206 
0.17159763313609466 0.5688543483678046 
0.42011834319526625 0.567437742231365 
0.28402366863905326 0.5679666085223025 
0.3136094674556213 0.5678799997568875 
0.07100591715976332 0.5727708476861962 
0.6035502958579881 0.567314391492954 
0.378698224852071 0.567437742231365 
0.09467455621301775 0.5723066699892017 
0.10059171597633136 0.5705912306742217 
0.25443786982248523 0.5675720574798571 
0.20118343195266272 0.5678799997568875 
0.14792899408284024 0.5687198423306075 
0.10650887573964497 0.5703339147769747 
0.1242603550295858 0.569488448257449 
0.1301775147928994 0.5689975322138534 
0.05917159763313609 0.5723066699892017 
0.7337278106508875 0.566998165054482 
0.46153846153846156 0.5671471563572237 
0.08284023668639054 0.5718913531024171 
0.08875739644970414 0.5705912306742217 
0.09467455621301775 0.5703339147769747 
0.11242603550295859 0.569313524149961 
0.11834319526627218 0.5688543483678046 
0.17751479289940827 0.5687198423306075 
0.28402366863905326 0.5676437940330291 
0.21893491124260356 0.568361159564748 
0.23076923076923078 0.5678799997568875 
0.33727810650887574 0.5675720574798571 
0.40828402366863903 0.5672564166459008 
0.35502958579881655 0.567437742231365 
0.22485207100591717 0.5680576587628668 
0.3905325443786982 0.567314391492954 
0.07100591715976332 0.5745612473746039 
0.5207100591715976 0.5673747819586344 
0.10059171597633136 0.5711793812965006 
0.378698224852071 0.5675720574798571 
0.25443786982248523 0.5677975152183973 
0.20118343195266272 0.5681535011213557 
0.10650887573964497 0.5708719389257639 
0.1242603550295858 0.5696763297062324 
0.14792899408284024 0.5689975322138534 
0.1301775147928994 0.569313524149961 
0.07100591715976332 0.5727708476861962 
0.42011834319526625 0.567437742231365 
0.30177514792899407 0.5676437940330291 
0.23076923076923078 0.5679666085223025 
0.09467455621301775 0.5723066699892017 
0.10059171597633136 0.5708719389257639 
0.17751479289940827 0.5687198423306075 
0.10650887573964497 0.5705912306742217 
0.1242603550295858 0.569488448257449 
0.1301775147928994 0.5691502616496387 
0.7928994082840237 0.567095618485206 
0.11242603550295859 0.5723066699892017 
0.20118343195266272 0.5685932484132451 
0.1834319526627219 0.5700971841515075 
0.4911242603550296 0.567314391492954 
0.6863905325443787 0.5672564166459008 
0.2958579881656805 0.5678799997568875 
0.4378698224852071 0.5675034399072579 
0.1301775147928994 0.5718913531024171 
0.14201183431952663 0.5708719389257639 
0.24260355029585798 0.568473888434018 
0.25443786982248523 0.5681535011213557 
0.15976331360946747 0.5705912306742217 
0.7396449704142012 0.5671471563572237 
0.07100591715976332 0.5732930475953152 
0.46745562130177515 0.567314391492954 
0.14792899408284024 0.5691502616496387 
0.08284023668639054 0.5715175679043111 
0.10059171597633136 0.5708719389257639 
0.20710059171597633 0.5687198423306075 
0.24260355029585798 0.5682545241478706 
0.41420118343195267 0.5676437940330291 
0.3136094674556213 0.5679666085223025 
0.3668639053254438 0.5677188671700694 
0.28402366863905326 0.5681535011213557 
0.9763313609467456 0.5669520486988714 
0.07100591715976332 0.5727708476861962 
0.10650887573964497 0.5705912306742217 
0.1242603550295858 0.5691502616496387 
0.35502958579881655 0.5673747819586344 
0.7396449704142012 0.5671471563572237 
0.5502958579881657 0.567314391492954 
0.9289940828402367 0.567095618485206 
0.23076923076923078 0.5680576587628668 
0.09467455621301775 0.5718913531024171 
0.17159763313609466 0.5688543483678046 
0.10059171597633136 0.5708719389257639 
0.6863905325443787 0.5672564166459008 
0.30177514792899407 0.5675720574798571 
0.1301775147928994 0.5689975322138534 
0.9704142011834319 0.5670459894232633 
0.5088757396449705 0.14114129080488397 
0.01775147928994083 0.1454024420632943 
0.3136094674556213 0.14119926565193733 
0.047337278106508875 0.14421878893595796 
0.07100591715976332 0.1428824063728367 
0.23668639053254437 0.1416037413290526 
0.16568047337278108 0.14168238937738056 
0.11834319526627218 0.1423587625930012 
0.14201183431952663 0.14185148268128578 
0.26627218934911245 0.14138831406624122 
0.09467455621301775 0.1424781225722284 
0.08284023668639054 0.14273922252678786 
0.0 0.14665572184517953 
0.44970414201183434 0.14083692285785468 
0.10059171597633136 0.1416037413290526 
0.14792899408284024 0.14132261639034827 
0.03550295857988166 0.14421878893595796 
0.04142011834319527 0.1428824063728367 
0.07692307692307693 0.1426047164895907 
0.24260355029585798 0.14114129080488397 
0.01775147928994083 0.1454024420632943 
0.029585798816568046 0.14447610483320494 
0.3136094674556213 0.1410855894812447 
0.011834319526627219 0.14577622726140033 
0.40236686390532544 0.14098049264418921 
0.35502958579881655 0.14103203051620697 
0.047337278106508875 0.14273922252678786 
0.07100591715976332 0.5718913531024171 
0.6449704142011834 0.5672564166459008 
0.42011834319526625 0.567314391492954 
0.09467455621301775 0.5715175679043111 
0.10059171597633136 0.5700971841515075 
0.10650887573964497 0.5698786635741532 
0.1242603550295858 0.5689975322138534 
0.17159763313609466 0.5685932484132451 
0.33727810650887574 0.5675034399072579 
0.23076923076923078 0.5682545241478706 
0.3905325443786982 0.567437742231365 
0.23668639053254437 0.5680576587628668 
0.28402366863905326 0.5677975152183973 
0.1301775147928994 0.5688543483678046 
0.2781065088757396 0.5678799997568875 
0.6272189349112426 0.5670459894232633 
0.07100591715976332 0.5723066699892017 
0.20118343195266272 0.5680576587628668 
0.10059171597633136 0.5708719389257639 
0.1301775147928994 0.5688543483678046 
0.10650887573964497 0.5705912306742217 
0.1242603550295858 0.569488448257449 
0.46745562130177515 0.5672007153222615 
0.5739644970414202 0.5671471563572237 
0.28994082840236685 0.5679666085223025 
0.38461538461538464 0.567437742231365 
0.4378698224852071 0.567314391492954 
0.3609467455621302 0.5676437940330291 
0.3076923076923077 0.5677975152183973 
0.33136094674556216 0.5677188671700694 
0.01775147928994083 0.1454024420632943 
0.6035502958579881 0.14079242461998503 
0.40828402366863903 0.14083692285785468 
0.03550295857988166 0.14475681308474714 
0.05917159763313609 0.14337332241643233 
0.1242603550295858 0.1420383752803389 
0.10059171597633136 0.14273922252678786 
0.23668639053254437 0.14125965611761773 
0.1893491124260355 0.14152866819201232 
0.07692307692307693 0.1428824063728367 
0.3136094674556213 0.14103203051620697 
0.15384615384615385 0.14185148268128578 
0.3609467455621302 0.14098049264418921 
0.0 0.14619154414818494 
0.5088757396449705 0.14093086358224657 
0.3136094674556213 0.14098049264418921 
0.011834319526627219 0.1454024420632943 
0.029585798816568046 0.14421878893595796 
0.08875739644970414 0.1420383752803389 
0.03550295857988166 0.14398205831049068 
0.04142011834319527 0.14303513580862187 
0.07692307692307693 0.1426047164895907 
0.13609467455621302 0.14194253292185005 
0.17159763313609466 0.14176487391587078 
0.1834319526627219 0.14152866819201232 
0.26627218934911245 0.1410855894812447 
0.047337278106508875 0.14273922252678786 
0.21893491124260356 0.14138831406624122 
0.23076923076923078 0.14119926565193733 
0.07100591715976332 0.5723066699892017 
0.7396449704142012 0.5669520486988714 
0.35502958579881655 0.567314391492954 
0.6331360946745562 0.5671471563572237 
0.09467455621301775 0.5718913531024171 
0.10059171597633136 0.5703339147769747 
0.21893491124260356 0.5687198423306075 
0.1301775147928994 0.5688543483678046 
0.10650887573964497 0.5700971841515075 
0.1242603550295858 0.5691502616496387 
0.23076923076923078 0.5679666085223025 
0.30177514792899407 0.5675034399072579 
0.2485207100591716 0.5677975152183973 
0.6863905325443787 0.5670459894232633 
0.01775147928994083 0.1454024420632943 
0.3136094674556213 0.14103203051620697 
0.14201183431952663 0.1416037413290526 
0.21893491124260356 0.14152866819201232 
0.029585798816568046 0.14506425545548385 
0.047337278106508875 0.14398205831049068 
0.09467455621301775 0.14224603372373124 
0.05917159763313609 0.14376353773313644 
0.07100591715976332 0.14303513580862187 
0.26627218934911245 0.14119926565193733 
0.08284023668639054 0.14273922252678786 
0.23668639053254437 0.14132261639034827 
0.07100591715976332 0.5727708476861962 
0.6745562130177515 0.5669075504610018 
0.10059171597633136 0.5705912306742217 
0.20118343195266272 0.5680576587628668 
0.621301775147929 0.5672007153222615 
0.25443786982248523 0.5677188671700694 
0.3609467455621302 0.567437742231365 
0.1301775147928994 0.5689975322138534 
0.5088757396449705 0.567314391492954 
0.4556213017751479 0.5673747819586344 
0.10650887573964497 0.5703339147769747 
0.1242603550295858 0.569488448257449 
0.07100591715976332 0.5727708476861962 
0.8165680473372781 0.5672564166459008 
0.3609467455621302 0.5673747819586344 
0.6272189349112426 0.567314391492954 
0.09467455621301775 0.5723066699892017 
0.10059171597633136 0.5705912306742217 
0.17751479289940827 0.5682545241478706 
0.10650887573964497 0.5703339147769747 
0.1242603550295858 0.569313524149961 
0.1301775147928994 0.5689975322138534 
0.34911242603550297 0.5677188671700694 
0.2958579881656805 0.5679666085223025 
0.23076923076923078 0.5680576587628668 
0.07100591715976332 0.5738848741589833 
0.7988165680473372 0.567095618485206 
0.09467455621301775 0.5732930475953152 
0.10059171597633136 0.5711793812965006 
0.40828402366863903 0.5676437940330291 
0.5976331360946746 0.5675720574798571 
0.30177514792899407 0.5678799997568875 
0.20710059171597633 0.5688543483678046 
0.23076923076923078 0.5682545241478706 
0.10650887573964497 0.5708719389257639 
0.1242603550295858 0.5696763297062324 
0.7751479289940828 0.567314391492954 
0.1301775147928994 0.569313524149961 
0.6686390532544378 0.567437742231365 
0.6153846153846154 0.5675034399072579 
0.07100591715976332 0.5732930475953152 
0.727810650887574 0.14088303921346518 
0.23668639053254437 0.5680576587628668 
0.26627218934911245 0.14398205831049068 
0.6390532544378699 0.14103203051620697 
0.5266272189349113 0.1410855894812447 
0.21893491124260356 0.5687198423306075 
0.1301775147928994 0.5688543483678046 
0.3609467455621302 0.1416037413290526 
0.4437869822485207 0.14138831406624122 
0.3076923076923077 0.14224603372373124 
0.3431952662721893 0.1420383752803389 
0.4970414201183432 0.14114129080488397 
0.47337278106508873 0.14132261639034827 
0.09467455621301775 0.5723066699892017 
0.1242603550295858 0.569488448257449 
0.10650887573964497 0.5705912306742217 
0.2781065088757396 0.14303513580862187 
0.28994082840236685 0.1428824063728367 
0.2958579881656805 0.1426047164895907 
0.34911242603550297 0.14176487391587078 
0.48520710059171596 0.14125965611761773 
0.10059171597633136 0.5708719389257639 
0.07100591715976332 0.5727708476861962 
0.7396449704142012 0.566998165054482 
0.39644970414201186 0.567314391492954 
0.6331360946745562 0.5672007153222615 
0.09467455621301775 0.5723066699892017 
0.10059171597633136 0.5705912306742217 
0.21893491124260356 0.5687198423306075 
0.1301775147928994 0.5689975322138534 
0.10650887573964497 0.5703339147769747 
0.1242603550295858 0.569313524149961 
0.23668639053254437 0.5681535011213557 
0.3431952662721893 0.5675034399072579 
0.28994082840236685 0.5677975152183973 
0.6863905325443787 0.567095618485206 
0.27218934911242604 0.5679666085223025 
0.023668639053254437 0.14717792175429845 
0.5029585798816568 0.14125965611761773 
0.2958579881656805 0.14132261639034827 
0.0650887573964497 0.1428824063728367 
0.11834319526627218 0.14194253292185005 
0.05325443786982249 0.14447610483320494 
0.1893491124260355 0.1416037413290526 
0.029585798816568046 0.14577622726140033 
0.07692307692307693 0.14273922252678786 
0.047337278106508875 0.14506425545548385 
0.07100591715976332 0.5738848741589833 
0.5562130177514792 0.5672564166459008 
0.09467455621301775 0.5732930475953152 
0.10059171597633136 0.5711793812965006 
0.20118343195266272 0.5681535011213557 
0.5029585798816568 0.567437742231365 
0.39644970414201186 0.5675034399072579 
0.25443786982248523 0.5677975152183973 
0.1301775147928994 0.569313524149961 
0.3431952662721893 0.5677188671700694 
0.10650887573964497 0.5708719389257639 
0.1242603550295858 0.5696763297062324 
0.35502958579881655 0.5676437940330291 
0.05325443786982249 0.1454024420632943 
0.5088757396449705 0.14103203051620697 
0.24260355029585798 0.14114129080488397 
0.08284023668639054 0.14376353773313644 
0.09467455621301775 0.1423587625930012 
0.0650887573964497 0.14475681308474714 
0.14792899408284024 0.14138831406624122 
0.10059171597633136 0.1420383752803389 
0.14201183431952663 0.14168238937738056 
0.1952662721893491 0.14125965611761773 
0.07100591715976332 0.5723066699892017 
0.7041420118343196 0.5669520486988714 
0.08284023668639054 0.5703339147769747 
0.3431952662721893 0.5676437940330291 
0.650887573964497 0.5672564166459008 
0.25443786982248523 0.5679666085223025 
0.10059171597633136 0.5700971841515075 
0.1301775147928994 0.5691502616496387 
0.4556213017751479 0.567437742231365 
0.5443786982248521 0.567314391492954 
0.14792899408284024 0.5687198423306075 
0.20118343195266272 0.568361159564748 
0.7041420118343196 0.14074946080411074 
0.0 0.14619154414818494 
0.011834319526627219 0.14577622726140033 
0.029585798816568046 0.14421878893595796 
0.5384615384615384 0.14079242461998503 
0.2603550295857988 0.1410855894812447 
0.04142011834319527 0.14319839830894424 
0.3609467455621302 0.14103203051620697 
0.4556213017751479 0.14083692285785468 
0.22485207100591717 0.14138831406624122 
0.16568047337278108 0.14145693163884035 
0.11242603550295859 0.14224603372373124 
0.07692307692307693 0.14273922252678786 
0.08284023668639054 0.1423587625930012 
0.047337278106508875 0.1428824063728367 
0.40828402366863903 0.14098049264418921 
0.11834319526627218 0.14185148268128578 
0.1301775147928994 0.14168238937738056 
0.07100591715976332 0.5732930475953152 
0.9763313609467456 0.5668645866451275 
0.09467455621301775 0.5723066699892017 
0.10059171597633136 0.5708719389257639 
0.41420118343195267 0.567437742231365 
0.5857988165680473 0.5673747819586344 
0.10650887573964497 0.5705912306742217 
0.1242603550295858 0.569313524149961 
0.2958579881656805 0.5676437940330291 
0.17751479289940827 0.5682545241478706 
0.6863905325443787 0.5671471563572237 
0.8698224852071006 0.5669075504610018 
0.7928994082840237 0.5670459894232633 
0.22485207100591717 0.5679666085223025 
0.1301775147928994 0.5689975322138534 
0.6331360946745562 0.5672564166459008 
0.834319526627219 0.566998165054482 
0.07100591715976332 0.14398205831049068 
0.6035502958579881 0.14088303921346518 
0.4556213017751479 0.14098049264418921 
0.09467455621301775 0.1423587625930012 
0.08875739644970414 0.14303513580862187 
0.1893491124260355 0.14145693163884035 
0.3609467455621302 0.1410855894812447 
0.08284023668639054 0.14356120386521565 
0.26627218934911245 0.14132261639034827 
0.11834319526627218 0.14194253292185005 
0.3136094674556213 0.14114129080488397 
0.15976331360946747 0.14168238937738056 
0.28402366863905326 0.14119926565193733 
0.14201183431952663 0.14176487391587078 
0.07100591715976332 0.5723066699892017 
0.7396449704142012 0.567095618485206 
0.35502958579881655 0.567314391492954 
0.6863905325443787 0.5671471563572237 
0.09467455621301775 0.5715175679043111 
0.10059171597633136 0.5703339147769747 
0.23076923076923078 0.5677188671700694 
0.17751479289940827 0.568361159564748 
0.10650887573964497 0.5700971841515075 
0.1242603550295858 0.5691502616496387 
0.1301775147928994 0.5688543483678046 
0.28402366863905326 0.5676437940330291 
0.30177514792899407 0.567437742231365 
0.11834319526627218 1.0 
0.46153846153846156 0.14168238937738056 
0.13609467455621302 0.1454024420632943 
0.33727810650887574 0.14224603372373124 
0.24260355029585798 0.14319839830894424 
0.20710059171597633 0.14398205831049068 
0.17159763313609466 0.14475681308474714 
0.07100591715976332 0.5732930475953152 
0.10059171597633136 0.5708719389257639 
0.3668639053254438 0.5696763297062324 
0.3254437869822485 0.5703339147769747 
0.07100591715976332 0.5732930475953152 
0.6390532544378699 0.5681535011213557 
0.08284023668639054 0.5708719389257639 
0.378698224852071 0.5682545241478706 
0.14792899408284024 0.5705912306742217 
0.2485207100591716 0.569488448257449 
0.26627218934911245 0.5689975322138534 
0.3431952662721893 0.5687198423306075 
0.0650887573964497 0.14619154414818494 
0.25443786982248523 0.1420383752803389 
0.07692307692307693 0.14447610483320494 
0.1242603550295858 0.14303513580862187 
0.15976331360946747 0.1426047164895907 
0.20710059171597633 0.14213939830685388 
0.1952662721893491 0.14224603372373124 
0.07100591715976332 0.5732930475953152 
0.2781065088757396 0.5689975322138534 
0.17159763313609466 0.569313524149961 
0.10059171597633136 0.5708719389257639 
0.09467455621301775 0.5727708476861962 
0.14792899408284024 0.5705912306742217 
0.07100591715976332 0.5738848741589833 
0.3431952662721893 0.0 
0.10059171597633136 0.5711793812965006 
0.1242603550295858 0.14577622726140033 
0.21301775147928995 2.0765844339231426E-4 
0.15976331360946747 0.001522828584876719 
0.3076923076923077 1.0102302651496851E-4 
0.13609467455621302 0.14506425545548385 
0.07100591715976332 0.7143450452695407 
0.40828402366863903 0.569488448257449 
0.14201183431952663 0.5711793812965006 
0.13609467455621302 0.7123722900573136 
0.2958579881656805 0.5708719389257639 
0.10059171597633136 0.7129103142061028 
0.07100591715976332 0.5732930475953152 
0.25443786982248523 0.5691502616496387 
0.10059171597633136 0.5708719389257639 
0.1893491124260355 0.5696763297062324 
0.07100591715976332 0.5732930475953152 
0.6982248520710059 0.5689975322138534 
0.2958579881656805 0.5708719389257639 
0.33136094674556216 0.569488448257449 
0.5798816568047337 0.5691502616496387 
0.10059171597633136 0.5715175679043111 
0.10650887573964497 0.5711793812965006 
0.005917159763313609 0.14665572184517953 
0.25443786982248523 0.1420383752803389 
0.13609467455621302 0.14213939830685388 
0.029585798816568046 0.14475681308474714 
0.07692307692307693 0.14319839830894424 
0.023668639053254437 0.14619154414818494 
0.08875739644970414 0.1428824063728367 
0.07100591715976332 0.5738848741589833 
0.44970414201183434 0.5687198423306075 
0.10059171597633136 0.5705912306742217 
0.15384615384615385 0.5696763297062324 
0.09467455621301775 0.5732930475953152 
0.33136094674556216 0.569313524149961 
0.14792899408284024 0.5703339147769747 
0.3727810650887574 0.5689975322138534 
0.07100591715976332 0.5732930475953152 
0.23076923076923078 0.5689975322138534 
0.10650887573964497 0.5705912306742217 
0.09467455621301775 0.5727708476861962 
0.10059171597633136 0.5708719389257639 
0.01775147928994083 0.14619154414818494 
0.15976331360946747 0.1423587625930012 
0.047337278106508875 0.14447610483320494 
0.07692307692307693 0.14303513580862187 
0.11834319526627218 0.1428824063728367 
0.029585798816568046 0.14577622726140033 
0.07100591715976332 0.14337332241643233 
0.07100591715976332 0.5727708476861962 
0.2781065088757396 0.5688543483678046 
0.17159763313609466 0.5691502616496387 
0.10650887573964497 0.5708719389257639 
0.10059171597633136 0.5711793812965006 
0.07100591715976332 0.5732930475953152 
0.5207100591715976 0.5688543483678046 
0.17159763313609466 0.5691502616496387 
0.10059171597633136 0.5711793812965006 
0.10650887573964497 0.5708719389257639 
0.05917159763313609 0.5727708476861962 
0.3076923076923077 0.5681535011213557 
0.08875739644970414 0.5705912306742217 
0.26627218934911245 0.5685932484132451 
0.1242603550295858 0.569313524149961 
0.08284023668639054 0.5723066699892017 
0.17159763313609466 0.5689975322138534 
0.07100591715976332 0.5727708476861962 
0.17159763313609466 0.5691502616496387 
0.10059171597633136 0.5708719389257639 
0.15976331360946747 0.569488448257449 
0.07100591715976332 0.5738848741589833 
0.2781065088757396 0.5689975322138534 
0.17159763313609466 0.569313524149961 
0.10059171597633136 0.5715175679043111 
0.10650887573964497 0.5711793812965006 
0.07100591715976332 0.5732930475953152 
0.17159763313609466 0.569488448257449 
0.10059171597633136 0.5708719389257639 
0.09467455621301775 0.5727708476861962 
0.0 0.14665572184517953 
0.44970414201183434 0.14152866819201232 
0.15976331360946747 0.14224603372373124 
0.40236686390532544 0.1420383752803389 
0.0650887573964497 0.14303513580862187 
0.023668639053254437 0.14577622726140033 
0.029585798816568046 0.14447610483320494 
0.03550295857988166 0.14421878893595796 
0.005917159763313609 0.14619154414818494 
0.42011834319526625 0.14194253292185005 
0.07100591715976332 0.5723066699892017 
0.6923076923076923 0.567314391492954 
0.35502958579881655 0.5675034399072579 
0.6804733727810651 0.567437742231365 
0.09467455621301775 0.5718913531024171 
0.10059171597633136 0.5703339147769747 
0.20118343195266272 0.5680576587628668 
0.25443786982248523 0.5677188671700694 
0.10650887573964497 0.5700971841515075 
0.1242603550295858 0.5691502616496387 
0.1301775147928994 0.5688543483678046 
0.07100591715976332 0.5727708476861962 
0.6035502958579881 0.5673747819586344 
0.5502958579881657 0.5676437940330291 
0.3076923076923077 0.5677188671700694 
0.08284023668639054 0.5705912306742217 
0.16568047337278108 0.568473888434018 
0.10059171597633136 0.5700971841515075 
0.1301775147928994 0.569313524149961 
0.23668639053254437 0.5681535011213557 
0.28994082840236685 0.5678799997568875 
0.25443786982248523 0.5680576587628668 
0.14792899408284024 0.5688543483678046 
0.14201183431952663 0.5689975322138534 
0.07100591715976332 0.5727708476861962 
0.3727810650887574 0.5675720574798571 
0.17751479289940827 0.5682545241478706 
0.09467455621301775 0.5723066699892017 
0.1242603550295858 0.569313524149961 
0.10059171597633136 0.5705912306742217 
0.27218934911242604 0.5680576587628668 
0.2781065088757396 0.5679666085223025 
0.17159763313609466 0.5689975322138534 
0.10650887573964497 0.5703339147769747 
0.07100591715976332 0.5727708476861962 
0.7337278106508875 0.567437742231365 
0.4319526627218935 0.5675034399072579 
0.08284023668639054 0.5705912306742217 
0.1893491124260355 0.5687198423306075 
0.23076923076923078 0.5681535011213557 
0.1301775147928994 0.5689975322138534 
0.10059171597633136 0.5700971841515075 
0.1242603550295858 0.569488448257449 
0.378698224852071 0.5677975152183973 
0.2958579881656805 0.5679666085223025 
0.33727810650887574 0.5678799997568875 
0.01775147928994083 0.14665572184517953 
0.4911242603550296 0.14088303921346518 
0.029585798816568046 0.14619154414818494 
0.047337278106508875 0.14447610483320494 
0.05917159763313609 0.14319839830894424 
0.35502958579881655 0.14119926565193733 
0.4437869822485207 0.1410855894812447 
0.1834319526627219 0.14168238937738056 
0.08875739644970414 0.14273922252678786 
0.13609467455621302 0.14194253292185005 
0.2603550295857988 0.14138831406624122 
0.3076923076923077 0.14125965611761773 
0.0650887573964497 0.1428824063728367 
0.44970414201183434 0.14103203051620697 
0.15976331360946747 0.14185148268128578 
0.07100591715976332 0.5732930475953152 
0.47337278106508873 0.567437742231365 
0.26627218934911245 0.5681535011213557 
0.1301775147928994 0.5691502616496387 
0.3668639053254438 0.5677975152183973 
0.09467455621301775 0.5723066699892017 
0.10059171597633136 0.5708719389257639 
0.10650887573964497 0.5705912306742217 
0.1242603550295858 0.569488448257449 
0.11242603550295859 0.5732930475953152 
0.5325443786982249 0.567437742231365 
0.14201183431952663 0.5715175679043111 
0.23076923076923078 0.5691502616496387 
0.1952662721893491 0.5703339147769747 
0.28402366863905326 0.5688543483678046 
0.16568047337278108 0.5705912306742217 
0.40828402366863903 0.5679666085223025 
0.47928994082840237 0.5675720574798571 
0.3254437869822485 0.5682545241478706 
0.35502958579881655 0.5681535011213557 
0.07100591715976332 0.5732930475953152 
0.7337278106508875 0.5675034399072579 
0.23668639053254437 0.5681535011213557 
0.09467455621301775 0.5727708476861962 
0.10059171597633136 0.5708719389257639 
0.4260355029585799 0.5680576587628668 
0.21893491124260356 0.5688543483678046 
0.1301775147928994 0.5689975322138534 
0.5443786982248521 0.5677975152183973 
0.10650887573964497 0.5705912306742217 
0.1242603550295858 0.569488448257449 
0.6390532544378699 0.5675720574798571 
0.005917159763313609 0.14665572184517953 
0.5621301775147929 0.14125965611761773 
0.3136094674556213 0.14132261639034827 
0.029585798816568046 0.14475681308474714 
0.26627218934911245 0.1416037413290526 
0.03550295857988166 0.14447610483320494 
0.04142011834319527 0.14337332241643233 
0.17159763313609466 0.14185148268128578 
0.07692307692307693 0.1426047164895907 
0.13609467455621302 0.1423587625930012 
0.14201183431952663 0.14194253292185005 
0.047337278106508875 0.14303513580862187 
0.07100591715976332 0.5727708476861962 
0.6686390532544378 0.5673747819586344 
0.1301775147928994 0.5688543483678046 
0.33727810650887574 0.5677975152183973 
0.5443786982248521 0.5677188671700694 
0.23668639053254437 0.5680576587628668 
0.09467455621301775 0.5718913531024171 
0.10059171597633136 0.5705912306742217 
0.10650887573964497 0.5703339147769747 
0.1242603550295858 0.569313524149961 
0.5621301775147929 0.5676437940330291 
0.3254437869822485 0.5679666085223025 
0.8047337278106509 0.567314391492954 
0.07100591715976332 0.5727708476861962 
0.40828402366863903 0.567437742231365 
0.09467455621301775 0.5723066699892017 
0.10059171597633136 0.5705912306742217 
0.23668639053254437 0.5681535011213557 
0.1301775147928994 0.5689975322138534 
0.1242603550295858 0.569488448257449 
0.30177514792899407 0.5677188671700694 
0.35502958579881655 0.5675720574798571 
0.07100591715976332 0.5732930475953152 
0.6331360946745562 0.566998165054482 
0.09467455621301775 0.5727708476861962 
0.10059171597633136 0.5708719389257639 
0.514792899408284 0.5672007153222615 
0.10650887573964497 0.5705912306742217 
0.1242603550295858 0.569313524149961 
0.17751479289940827 0.5682545241478706 
0.23076923076923078 0.5680576587628668 
0.1301775147928994 0.5689975322138534 
0.28994082840236685 0.5677975152183973 
0.46153846153846156 0.567314391492954 
0.30177514792899407 0.5677188671700694 
0.35502958579881655 0.5675034399072579 
0.40828402366863903 0.5673747819586344 
0.3609467455621302 0.567437742231365 
0.07100591715976332 0.5732930475953152 
0.378698224852071 0.567437742231365 
0.1242603550295858 0.569313524149961 
0.09467455621301775 0.5727708476861962 
0.10059171597633136 0.5708719389257639 
0.28994082840236685 0.5677975152183973 
0.17751479289940827 0.5682545241478706 
0.17159763313609466 0.5689975322138534 
0.23076923076923078 0.5681535011213557 
0.2781065088757396 0.5679666085223025 
0.0 0.14619154414818494 
0.38461538461538464 0.14119926565193733 
0.029585798816568046 0.14398205831049068 
0.01775147928994083 0.1454024420632943 
0.04142011834319527 0.14303513580862187 
0.08284023668639054 0.14273922252678786 
0.3076923076923077 0.14138831406624122 
0.22485207100591717 0.1416037413290526 
0.3136094674556213 0.14125965611761773 
0.1301775147928994 0.14194253292185005 
0.13609467455621302 0.14185148268128578 
0.1952662721893491 0.14176487391587078 
0.011834319526627219 0.14577622726140033 
0.21893491124260356 0.14168238937738056 
0.01775147928994083 0.14619154414818494 
0.4970414201183432 0.14103203051620697 
0.23668639053254437 0.14125965611761773 
0.3609467455621302 0.14119926565193733 
0.07100591715976332 0.14319839830894424 
0.05917159763313609 0.14421878893595796 
0.029585798816568046 0.1454024420632943 
0.1301775147928994 0.14194253292185005 
0.047337278106508875 0.14475681308474714 
0.09467455621301775 0.1426047164895907 
0.1893491124260355 0.14152866819201232 
0.08875739644970414 0.14273922252678786 
0.15384615384615385 0.14185148268128578 
0.17751479289940827 0.1416037413290526 
0.11242603550295859 0.5732930475953152 
0.7218934911242604 0.5675034399072579 
0.5207100591715976 0.5676437940330291 
0.14201183431952663 0.5715175679043111 
0.16568047337278108 0.5703339147769747 
0.23076923076923078 0.5691502616496387 
0.3254437869822485 0.5682545241478706 
0.4319526627218935 0.5678799997568875 
0.2603550295857988 0.5688543483678046 
0.378698224852071 0.5679666085223025 
0.07100591715976332 0.5732930475953152 
0.6449704142011834 0.5675034399072579 
0.1301775147928994 0.5689975322138534 
0.10059171597633136 0.5708719389257639 
0.4319526627218935 0.5675720574798571 
0.23668639053254437 0.5681535011213557 
0.10650887573964497 0.5705912306742217 
0.21893491124260356 0.5688543483678046 
0.33136094674556216 0.5678799997568875 
0.07100591715976332 0.5727708476861962 
0.6035502958579881 0.5673747819586344 
0.08284023668639054 0.5705912306742217 
0.4970414201183432 0.5675720574798571 
0.28402366863905326 0.5677975152183973 
0.10059171597633136 0.5703339147769747 
0.1301775147928994 0.5691502616496387 
0.20118343195266272 0.5679666085223025 
0.1834319526627219 0.5681535011213557 
0.17751479289940827 0.5687198423306075 
0.14792899408284024 0.5689975322138534 
0.07100591715976332 0.5723066699892017 
0.6153846153846154 0.5677188671700694 
0.42011834319526625 0.5677975152183973 
0.10059171597633136 0.5708719389257639 
0.14792899408284024 0.5698786635741532 
0.31952662721893493 0.5679666085223025 
0.1893491124260355 0.5688543483678046 
0.2781065088757396 0.568473888434018 
0.10650887573964497 0.5703339147769747 
0.22485207100591717 0.5685932484132451 
0.07100591715976332 0.5732930475953152 
0.8402366863905325 0.5672007153222615 
0.39644970414201186 0.5675034399072579 
0.6804733727810651 0.567437742231365 
0.09467455621301775 0.5727708476861962 
0.10059171597633136 0.5708719389257639 
0.10650887573964497 0.5705912306742217 
0.1242603550295858 0.569488448257449 
0.2958579881656805 0.5677188671700694 
0.1893491124260355 0.5688543483678046 
0.1301775147928994 0.5689975322138534 
0.23668639053254437 0.5682545241478706 
0.24260355029585798 0.5680576587628668 
0.7337278106508875 0.5673747819586344 
0.7396449704142012 0.567314391492954 
0.7928994082840237 0.5672564166459008 
0.07100591715976332 0.5745612473746039 
0.893491124260355 0.567437742231365 
0.10059171597633136 0.5711793812965006 
0.2781065088757396 0.5681535011213557 
0.17159763313609466 0.5689975322138534 
0.5325443786982249 0.5680576587628668 
0.7928994082840237 0.5678799997568875 
0.10650887573964497 0.5708719389257639 
0.5857988165680473 0.5679666085223025 
0.07100591715976332 0.5738848741589833 
0.35502958579881655 0.5681535011213557 
0.10059171597633136 0.5711793812965006 
0.3136094674556213 0.5687198423306075 
0.1834319526627219 0.5691502616496387 
0.13609467455621302 0.569488448257449 
0.17751479289940827 0.569313524149961 
0.07100591715976332 0.5745612473746039 
0.5502958579881657 0.5680576587628668 
0.10059171597633136 0.5711793812965006 
0.48520710059171596 0.5685932484132451 
0.17159763313609466 0.5691502616496387 
0.2781065088757396 0.5688543483678046 
0.10650887573964497 0.5708719389257639 
0.26627218934911245 0.5689975322138534 
0.07100591715976332 0.7165996226549428 
0.6390532544378699 0.709682169313368 
0.10059171597633136 0.7132177565768395 
0.17159763313609466 0.7111886369299776 
0.10650887573964497 0.7129103142061028 
0.2781065088757396 0.7108927236481435 
0.3609467455621302 0.7103995348450869 
0.46745562130177515 0.7102928994282096 
0.5443786982248521 0.7100049838026414 
0.5207100591715976 0.7101918764016946 
0.07692307692307693 0.5745612473746039 
1.0 0.567437742231365 
0.8994082840236687 0.5677975152183973 
0.08284023668639054 0.5711793812965006 
0.4556213017751479 0.5678799997568875 
0.14792899408284024 0.569488448257449 
0.10650887573964497 0.5708719389257639 
0.2485207100591716 0.5687198423306075 
0.34911242603550297 0.5681535011213557 
0.1952662721893491 0.5691502616496387 
0.9467455621301775 0.5675034399072579 
0.40236686390532544 0.5679666085223025 
0.07100591715976332 0.5738848741589833 
0.47928994082840237 0.5679666085223025 
0.10059171597633136 0.5711793812965006 
0.3136094674556213 0.5703339147769747 
0.15976331360946747 0.5708719389257639 
0.3254437869822485 0.5691502616496387 
0.4260355029585799 0.5687198423306075 
0.3905325443786982 0.5688543483678046 
0.07100591715976332 0.5738848741589833 
0.6804733727810651 0.5675034399072579 
0.33727810650887574 0.5677975152183973 
0.10059171597633136 0.5708719389257639 
0.23076923076923078 0.5680576587628668 
0.17159763313609466 0.5689975322138534 
0.10650887573964497 0.5705912306742217 
0.1242603550295858 0.569488448257449 
0.1301775147928994 0.5691502616496387 
0.07100591715976332 0.5727708476861962 
0.40236686390532544 0.567437742231365 
0.10059171597633136 0.5705912306742217 
0.23076923076923078 0.5681535011213557 
0.2958579881656805 0.5680576587628668 
0.17751479289940827 0.5689975322138534 
0.34911242603550297 0.5677975152183973 
0.11242603550295859 0.5703339147769747 
0.14201183431952663 0.5696763297062324 
0.15384615384615385 0.5691502616496387 
0.14792899408284024 0.569488448257449 
0.07100591715976332 0.5732930475953152 
0.47337278106508873 0.5675720574798571 
0.17159763313609466 0.5689975322138534 
0.10059171597633136 0.5708719389257639 
0.2781065088757396 0.5685932484132451 
0.34911242603550297 0.5678799997568875 
0.10650887573964497 0.5705912306742217 
0.2958579881656805 0.5680576587628668 
0.07100591715976332 0.5745612473746039 
0.6449704142011834 0.5679666085223025 
0.10059171597633136 0.5715175679043111 
0.47928994082840237 0.5687198423306075 
0.22485207100591717 0.5689975322138534 
0.5443786982248521 0.5681535011213557 
0.1893491124260355 0.569313524149961 
0.14792899408284024 0.5705912306742217 
0.14201183431952663 0.5711793812965006 
0.5325443786982249 0.568361159564748 
0.07100591715976332 0.5738848741589833 
0.4911242603550296 0.5681535011213557 
0.23668639053254437 0.5682545241478706 
0.1301775147928994 0.5691502616496387 
0.10059171597633136 0.5711793812965006 
0.10650887573964497 0.5705912306742217 
0.05917159763313609 0.5738848741589833 
0.7041420118343196 0.567437742231365 
0.08875739644970414 0.5705912306742217 
0.48520710059171596 0.5675034399072579 
0.14792899408284024 0.569313524149961 
0.21893491124260356 0.5691502616496387 
0.39644970414201186 0.5675720574798571 
0.22485207100591717 0.568361159564748 
0.25443786982248523 0.5681535011213557 
0.3254437869822485 0.5680576587628668 
0.3609467455621302 0.5677975152183973 
0.3431952662721893 0.5679666085223025 
0.07100591715976332 0.5738848741589833 
0.5443786982248521 0.5676437940330291 
0.10059171597633136 0.5711793812965006 
0.2781065088757396 0.5688543483678046 
0.40236686390532544 0.568361159564748 
0.14201183431952663 0.5705912306742217 
0.1834319526627219 0.569488448257449 
0.4378698224852071 0.5682545241478706 
0.21893491124260356 0.5691502616496387 
0.0 0.14717792175429845 
0.47928994082840237 0.14138831406624122 
0.26627218934911245 0.14152866819201232 
0.46745562130177515 0.14145693163884035 
0.011834319526627219 0.14665572184517953 
0.029585798816568046 0.14475681308474714 
0.04142011834319527 0.14337332241643233 
0.17751479289940827 0.14185148268128578 
0.03550295857988166 0.14447610483320494 
0.08284023668639054 0.1428824063728367 
0.13609467455621302 0.14213939830685388 
0.1301775147928994 0.14224603372373124 
0.07100591715976332 0.5732930475953152 
0.5502958579881657 0.14125965611761773 
0.09467455621301775 0.14506425545548385 
0.28994082840236685 0.14138831406624122 
0.26627218934911245 0.14176487391587078 
0.20710059171597633 0.14185148268128578 
0.1301775147928994 0.14356120386521565 
0.13609467455621302 0.14273922252678786 
0.17159763313609466 0.14194253292185005 
0.07100591715976332 0.5745612473746039 
0.8994082840236687 0.5675720574798571 
0.10059171597633136 0.5715175679043111 
0.8461538461538461 0.5678799997568875 
0.5680473372781065 0.5682545241478706 
0.3668639053254438 0.568361159564748 
0.14792899408284024 0.5711793812965006 
0.22485207100591717 0.5696763297062324 
0.3254437869822485 0.5689975322138534 
0.30177514792899407 0.569313524149961 
0.26627218934911245 0.569488448257449 
0.14201183431952663 0.5711793812965006 
0.6745562130177515 0.567437742231365 
0.4437869822485207 0.5675034399072579 
0.20710059171597633 0.5696763297062324 
0.3905325443786982 0.5677975152183973 
0.27218934911242604 0.5691502616496387 
0.3136094674556213 0.568473888434018 
0.3254437869822485 0.5682545241478706 
0.25443786982248523 0.569313524149961 
0.07100591715976332 0.5732930475953152 
0.5798816568047337 0.5677188671700694 
0.41420118343195267 0.5677975152183973 
0.10059171597633136 0.5715175679043111 
0.20118343195266272 0.569313524149961 
0.11834319526627218 0.5705912306742217 
0.3431952662721893 0.5680576587628668 
0.23668639053254437 0.5688543483678046 
0.28994082840236685 0.568473888434018 
0.10650887573964497 0.5708719389257639 
0.0650887573964497 0.14447610483320494 
0.4319526627218935 0.14132261639034827 
0.10650887573964497 0.1428824063728367 
0.21893491124260356 0.14185148268128578 
0.3609467455621302 0.14176487391587078 
0.13609467455621302 0.1423587625930012 
0.38461538461538464 0.1416037413290526 
0.16568047337278108 0.14224603372373124 
0.1893491124260355 0.1420383752803389 
0.39644970414201186 0.14152866819201232 
0.07100591715976332 0.5732930475953152 
0.6390532544378699 0.567437742231365 
0.09467455621301775 0.5727708476861962 
0.10059171597633136 0.5705912306742217 
0.46153846153846156 0.5675034399072579 
0.2781065088757396 0.5680576587628668 
0.41420118343195267 0.5678799997568875 
0.26627218934911245 0.568473888434018 
0.17159763313609466 0.5689975322138534 
0.15976331360946747 0.569313524149961 
0.10650887573964497 0.5703339147769747 
0.11242603550295859 0.5732930475953152 
0.6804733727810651 0.5673747819586344 
0.14201183431952663 0.5708719389257639 
0.5088757396449705 0.567437742231365 
0.17751479289940827 0.5700971841515075 
0.1834319526627219 0.5691502616496387 
0.41420118343195267 0.5677188671700694 
0.5029585798816568 0.5676437940330291 
0.27218934911242604 0.5685932484132451 
0.3136094674556213 0.5681535011213557 
0.21893491124260356 0.5689975322138534 
0.3609467455621302 0.5680576587628668 
0.3668639053254438 0.5679666085223025 
0.11242603550295859 0.5738848741589833 
0.9704142011834319 0.5669520486988714 
0.14201183431952663 0.5711793812965006 
0.47337278106508873 0.5675034399072579 
0.1834319526627219 0.5689975322138534 
0.6745562130177515 0.567437742231365 
0.7988165680473372 0.566998165054482 
0.17751479289940827 0.5703339147769747 
0.33136094674556216 0.5677975152183973 
0.23668639053254437 0.5685932484132451 
0.2781065088757396 0.5681535011213557 
0.7455621301775148 0.5672564166459008 
0.6923076923076923 0.5673747819586344 
0.46745562130177515 0.567437742231365 
0.07100591715976332 0.5715175679043111 
0.41420118343195267 0.5677188671700694 
0.24260355029585798 0.5678799997568875 
0.10059171597633136 0.5703339147769747 
0.1301775147928994 0.569488448257449 
0.08284023668639054 0.5708719389257639 
0.16568047337278108 0.5685932484132451 
0.14201183431952663 0.5691502616496387 
0.20118343195266272 0.5681535011213557 
0.1893491124260355 0.568361159564748 
0.8402366863905325 0.567314391492954 
0.10059171597633136 0.5705912306742217 
0.3905325443786982 0.567437742231365 
0.15384615384615385 0.569488448257449 
0.621301775147929 0.5673747819586344 
0.17159763313609466 0.5689975322138534 
0.24260355029585798 0.5685932484132451 
0.28402366863905326 0.5681535011213557 
0.33727810650887574 0.5677188671700694 
0.4319526627218935 0.14114129080488397 
0.011834319526627219 0.14665572184517953 
0.14201183431952663 0.14176487391587078 
0.2781065088757396 0.14168238937738056 
0.04142011834319527 0.14447610483320494 
0.05325443786982249 0.14319839830894424 
0.029585798816568046 0.14577622726140033 
0.3254437869822485 0.14125965611761773 
0.11242603550295859 0.14185148268128578 
0.31952662721893493 0.1416037413290526 
0.38461538461538464 0.14119926565193733 
0.10650887573964497 0.1423587625930012 
0.023668639053254437 0.14619154414818494 
0.0650887573964497 0.1428824063728367 
0.08284023668639054 0.1426047164895907 
0.07692307692307693 0.14273922252678786 
0.07100591715976332 0.5732930475953152 
0.6982248520710059 0.567095618485206 
0.6449704142011834 0.5672007153222615 
0.39644970414201186 0.5672564166459008 
0.09467455621301775 0.5727708476861962 
0.10059171597633136 0.5708719389257639 
0.1301775147928994 0.5689975322138534 
0.23668639053254437 0.5681535011213557 
0.10650887573964497 0.5705912306742217 
0.1242603550295858 0.569488448257449 
0.24260355029585798 0.5677975152183973 
0.2958579881656805 0.5675034399072579 
0.34911242603550297 0.567314391492954 
0.08875739644970414 0.14447610483320494 
0.6863905325443787 0.14114129080488397 
0.13609467455621302 0.1426047164895907 
0.28994082840236685 0.14152866819201232 
0.47928994082840237 0.14145693163884035 
0.1893491124260355 0.14185148268128578 
0.16568047337278108 0.1424781225722284 
0.5798816568047337 0.14119926565193733 
0.27218934911242604 0.14176487391587078 
0.5266272189349113 0.14138831406624122 
0.5739644970414202 0.5672564166459008 
0.07100591715976332 0.5732930475953152 
0.1301775147928994 0.5691502616496387 
0.10059171597633136 0.5711793812965006 
0.21301775147928995 0.5689975322138534 
0.23668639053254437 0.5682545241478706 
0.10650887573964497 0.5705912306742217 
0.4437869822485207 0.567437742231365 
0.31952662721893493 0.5681535011213557 
0.5207100591715976 0.567314391492954 
0.3905325443786982 0.5677188671700694 
0.33727810650887574 0.5680576587628668 
0.46153846153846156 0.14119926565193733 
0.023668639053254437 0.1454024420632943 
0.05917159763313609 0.14273922252678786 
0.05325443786982249 0.14398205831049068 
0.2958579881656805 0.1416037413290526 
0.3431952662721893 0.14125965611761773 
0.1834319526627219 0.14176487391587078 
0.04142011834319527 0.14475681308474714 
0.08875739644970414 0.1424781225722284 
0.1242603550295858 0.14213939830685388 
0.30177514792899407 0.14138831406624122 
0.15384615384615385 0.14194253292185005 
0.07100591715976332 0.5732930475953152 
0.6331360946745562 0.5675034399072579 
0.10059171597633136 0.5705912306742217 
0.47928994082840237 0.5679666085223025 
0.27218934911242604 0.5680576587628668 
0.1301775147928994 0.5689975322138534 
0.21301775147928995 0.5687198423306075 
0.5325443786982249 0.5677188671700694 
0.1242603550295858 0.5696763297062324 
0.23668639053254437 0.5681535011213557 
0.08875739644970414 0.5727708476861962 
0.5029585798816568 0.5671471563572237 
0.11834319526627218 0.5711793812965006 
0.15384615384615385 0.5698786635741532 
0.40236686390532544 0.567437742231365 
0.1834319526627219 0.5691502616496387 
0.2603550295857988 0.5679666085223025 
0.21301775147928995 0.5688543483678046 
0.3136094674556213 0.5678799997568875 
0.2485207100591716 0.5682545241478706 
0.33136094674556216 0.5677975152183973 
0.3727810650887574 0.5677188671700694 
0.378698224852071 0.5676437940330291 
0.07100591715976332 0.5732930475953152 
0.8698224852071006 0.567314391492954 
0.10059171597633136 0.5711793812965006 
0.1301775147928994 0.5691502616496387 
0.4970414201183432 0.567437742231365 
0.727810650887574 0.5673747819586344 
0.21893491124260356 0.5689975322138534 
0.23668639053254437 0.5681535011213557 
0.10650887573964497 0.5705912306742217 
0.3254437869822485 0.5680576587628668 
0.41420118343195267 0.5675034399072579 
0.07100591715976332 0.5727708476861962 
0.4911242603550296 0.567314391492954 
0.08284023668639054 0.5708719389257639 
0.2958579881656805 0.568473888434018 
0.1893491124260355 0.5688543483678046 
0.38461538461538464 0.5675720574798571 
0.10059171597633136 0.5705912306742217 
0.17159763313609466 0.569313524149961 
0.33136094674556216 0.5678799997568875 
0.3609467455621302 0.5677975152183973 
0.07100591715976332 0.5732930475953152 
0.6982248520710059 0.567314391492954 
0.08284023668639054 0.5708719389257639 
0.47337278106508873 0.567437742231365 
0.10059171597633136 0.5705912306742217 
0.1834319526627219 0.5691502616496387 
0.3668639053254438 0.5676437940330291 
0.24260355029585798 0.568473888434018 
0.28402366863905326 0.5679666085223025 
0.1893491124260355 0.5689975322138534 
0.3136094674556213 0.5678799997568875 
0.07100591715976332 0.5732930475953152 
0.7396449704142012 0.5672007153222615 
0.39644970414201186 0.567437742231365 
0.6863905325443787 0.567314391492954 
0.10059171597633136 0.5708719389257639 
0.23668639053254437 0.5681535011213557 
0.3431952662721893 0.5676437940330291 
0.10650887573964497 0.5705912306742217 
0.1242603550295858 0.569488448257449 
0.20118343195266272 0.5688543483678046 
0.1301775147928994 0.5691502616496387 
0.23076923076923078 0.568473888434018 
0.07100591715976332 0.28679518836508605 
0.35502958579881655 0.2832980313979567 
0.1893491124260355 0.28372076465771945 
0.10059171597633136 0.28541169769677127 
0.08875739644970414 0.28651448011354386 
0.16568047337278108 0.2846430917699296 
0.26627218934911245 0.28356704347235123 
0.1242603550295858 0.28492078165317564 
0.3076923076923077 0.28349530691917924 
0.3136094674556213 0.2833609916706872 
0.14201183431952663 0.28477759780712675 
0.05917159763313609 0.5732930475953152 
0.7869822485207101 0.567095618485206 
0.08284023668639054 0.5727708476861962 
0.08875739644970414 0.5700971841515075 
0.5680473372781065 0.5671471563572237 
0.11242603550295859 0.5689975322138534 
0.16568047337278108 0.5680576587628668 
0.15976331360946747 0.5687198423306075 
0.24260355029585798 0.5677188671700694 
0.33136094674556216 0.5675034399072579 
0.40828402366863903 0.5673747819586344 
0.514792899408284 0.5672564166459008 
0.21893491124260356 0.5679666085223025 
0.46153846153846156 0.567314391492954 
0.22485207100591717 0.5678799997568875 
0.07692307692307693 0.7132177565768395 
0.4378698224852071 0.7094131572389735 
0.38461538461538464 0.7097572424504083 
0.24260355029585798 0.7100049838026414 
0.14201183431952663 0.7108927236481435 
0.10059171597633136 0.7119170388544921 
0.08284023668639054 0.7123722900573136 
0.16568047337278108 0.7103995348450869 
0.20118343195266272 0.7100960340432058 
0.7810650887573964 0.5673747819586344 
0.07100591715976332 0.5727708476861962 
0.4378698224852071 0.567437742231365 
0.10059171597633136 0.5705912306742217 
0.14201183431952663 0.5691502616496387 
0.2958579881656805 0.5677975152183973 
0.20118343195266272 0.5680576587628668 
0.17751479289940827 0.5685932484132451 
0.14792899408284024 0.5689975322138534 
0.11242603550295859 0.5727708476861962 
0.5621301775147929 0.5672007153222615 
0.1301775147928994 0.5705912306742217 
0.15384615384615385 0.569488448257449 
0.3136094674556213 0.5679666085223025 
0.22485207100591717 0.5688543483678046 
0.40828402366863903 0.5677975152183973 
0.2485207100591716 0.568473888434018 
0.4970414201183432 0.5675720574798571 
0.5088757396449705 0.5673747819586344 
0.4378698224852071 0.5677188671700694 
0.11834319526627218 0.5745612473746039 
0.3431952662721893 0.569488448257449 
0.14792899408284024 0.5723066699892017 
0.21301775147928995 0.5711793812965006 
0.2603550295857988 0.5700971841515075 
0.2958579881656805 0.5698786635741532 
0.33136094674556216 0.5696763297062324 
0.07100591715976332 0.5738848741589833 
0.20710059171597633 0.5711793812965006 
0.10059171597633136 0.5718913531024171 
0.14201183431952663 0.5715175679043111 
0.13609467455621302 0.5711793812965006 
0.10059171597633136 0.5718913531024171 
0.07100591715976332 0.5738848741589833 
0.08875739644970414 0.5738848741589833 
0.3136094674556213 0.5703339147769747 
0.11834319526627218 0.5715175679043111 
0.26627218934911245 0.5708719389257639 
0.10059171597633136 0.5732930475953152 
0.10059171597633136 0.5711793812965006 
0.21893491124260356 0.5691502616496387 
0.15384615384615385 0.5696763297062324 
0.10650887573964497 0.5708719389257639 
0.1834319526627219 0.569488448257449 
0.23076923076923078 0.569313524149961 
0.08875739644970414 0.5732930475953152 
0.1834319526627219 0.5696763297062324 
0.11242603550295859 0.5727708476861962 
0.11834319526627218 0.5715175679043111 
0.15384615384615385 0.5705912306742217 
0.14201183431952663 0.5711793812965006 
0.14792899408284024 0.5708719389257639 
0.07100591715976332 0.5745612473746039 
0.20710059171597633 0.5708719389257639 
0.10059171597633136 0.5718913531024171 
0.13609467455621302 0.5711793812965006 
0.1301775147928994 0.5715175679043111 
0.5798816568047337 0.14152866819201232 
0.11242603550295859 0.5745612473746039 
0.40828402366863903 0.1454024420632943 
0.14201183431952663 0.5723066699892017 
0.5266272189349113 0.14447610483320494 
0.5325443786982249 0.14213939830685388 
0.07100591715976332 0.5745612473746039 
0.4378698224852071 0.5696763297062324 
0.13609467455621302 0.5711793812965006 
0.3609467455621302 0.5698786635741532 
0.10059171597633136 0.5718913531024171 
0.10059171597633136 0.5711793812965006 
0.7455621301775148 0.5689975322138534 
0.1893491124260355 0.569488448257449 
0.10650887573964497 0.5708719389257639 
0.11242603550295859 0.5753416780080124 
0.378698224852071 0.5696763297062324 
0.14201183431952663 0.5723066699892017 
0.1952662721893491 0.5708719389257639 
0.27218934911242604 0.5700971841515075 
0.11242603550295859 0.5753416780080124 
0.7514792899408284 0.5691502616496387 
0.42011834319526625 0.5700971841515075 
0.14201183431952663 0.5727708476861962 
0.23076923076923078 0.5711793812965006 
0.6449704142011834 0.5698786635741532 
0.6923076923076923 0.5696763297062324 
0.7041420118343196 0.569313524149961 
0.07692307692307693 0.5738848741589833 
0.34911242603550297 0.569488448257449 
0.10650887573964497 0.5718913531024171 
0.24260355029585798 0.5698786635741532 
0.17159763313609466 0.5708719389257639 
0.14201183431952663 0.5715175679043111 
0.30177514792899407 0.5696763297062324 
0.07692307692307693 0.5738848741589833 
0.4319526627218935 0.569488448257449 
0.14201183431952663 0.5708719389257639 
0.38461538461538464 0.5696763297062324 
0.10650887573964497 0.5715175679043111 
0.07100591715976332 0.5732930475953152 
0.1893491124260355 0.569488448257449 
0.10650887573964497 0.5708719389257639 
0.10059171597633136 0.5711793812965006 
0.14201183431952663 0.5718913531024171 
0.30177514792899407 0.5689975322138534 
0.23076923076923078 0.569313524149961 
0.16568047337278108 0.5705912306742217 
0.07100591715976332 0.5732930475953152 
0.38461538461538464 0.5682545241478706 
0.1834319526627219 0.569488448257449 
0.08284023668639054 0.5711793812965006 
0.10059171597633136 0.5705912306742217 
0.27218934911242604 0.569313524149961 
0.3076923076923077 0.5691502616496387 
0.33136094674556216 0.5688543483678046 
0.07100591715976332 0.5732930475953152 
0.39644970414201186 0.5681535011213557 
0.2781065088757396 0.568473888434018 
0.10059171597633136 0.5711793812965006 
0.21893491124260356 0.569313524149961 
0.1242603550295858 0.5696763297062324 
0.10650887573964497 0.5708719389257639 
0.15976331360946747 0.569488448257449 
0.1301775147928994 0.5732930475953152 
0.4556213017751479 0.569488448257449 
0.1952662721893491 0.5698786635741532 
0.35502958579881655 0.5696763297062324 
0.15976331360946747 0.5711793812965006 
0.14792899408284024 0.5723066699892017 
0.14201183431952663 0.5727708476861962 
0.07100591715976332 0.5745612473746039 
0.6627218934911243 0.5688543483678046 
0.08284023668639054 0.5715175679043111 
0.4378698224852071 0.5691502616496387 
0.33136094674556216 0.5696763297062324 
0.3727810650887574 0.569488448257449 
