0.02827521206409048 0.9417567407327823 
0.029846057178762174 0.9392226203520048 
0.03298774740810556 0.0506717686462044 
0.03581526861451461 0.02028852963354339 
0.03424442349984291 0.025354803723139255 
0.03361608545397424 0.03548039751099313 
0.0609487904492617 0.020281680611771314 
0.058749607288721334 0.02028415509705671 
0.057492931196983975 0.02028482442504376 
0.04052780395852969 0.02028551606396368 
0.19038642789820923 0.020271768769026987 
0.14011938422871506 0.02027382486631708 
0.08325479107759975 0.020280013023861586 
0.0860823122840088 0.020278484401610997 
0.08388312912346843 0.02027948892480426 
0.08702481935281181 0.02027620139435364 
