1452.0 465.0344827586207 
1959.0 95.01123595505618 
1463.0 456.0285714285714 
1473.0 103.0204081632653 
1799.0 95.01204819277109 
1668.0 95.01298701298701 
1489.0 95.01694915254237 
1542.0 95.01639344262296 
1572.0 95.01587301587301 
1618.0 95.01449275362319 
1627.0 95.01388888888889 
1553.0 95.01612903225806 
1476.0 96.01754385964912 
1475.0 101.01960784313725 
1458.0 457.02941176470586 
1454.0 463.03225806451616 
1456.0 459.03125 
1479.0 95.01851851851852 
1485.0 95.01818181818182 
1624.0 95.01428571428572 
