0.02827521206409048 0.9417567407327823 
0.12064090480678605 0.020278484401610997 
0.029846057178762174 0.9392226203520048 
0.03298774740810556 0.0506717686462044 
0.08733898837574615 0.02028227068133938 
0.060320452403393024 0.02028482442504376 
0.03581526861451461 0.02028852963354339 
0.053408733898837574 0.02028623114827072 
0.07382972038956959 0.02028287919058143 
0.05466540999057493 0.02028551606396368 
0.03424442349984291 0.025354803723139255 
0.03361608545397424 0.03548039751099313 

0.03361608545397424 0.03548039751099313 
0.07917059377945335 0.02028551606396368 
0.03550109959158027 0.03547947900647682 
0.03989946591266101 0.0253557582474405 
0.05812126924285266 0.020287736588917162 
0.077913917687716 0.02028623114827072 
0.04052780395852969 0.020292006829212318 
0.05655042412818096 0.02029020383886547 
0.04241281809613572 0.02029108832469601 

0.03298774740810556 0.9898562208784754 
0.13634935595350298 0.02027707806914048 
0.03455859252277725 0.06333213008924753 
0.03361608545397424 0.9645422364088407 
0.10901665095821551 0.02027800278090192 
0.0609487904492617 0.020281680611771314 
0.08671065032987747 0.020281108156220223 
0.03958529688972667 0.02029020383886547 
0.05529374803644361 0.02028623114827072 
0.10116242538485705 0.02027948892480426 
0.03612943763744895 0.048139336975385034 
0.03550109959158027 0.06333095922965133 
0.058749607288721334 0.02028415509705671 
0.03770028275212064 0.040548373206980126 
0.038956958843858 0.03548135203529437 
0.05717876217404964 0.02028551606396368 
0.057492931196983975 0.02028482442504376 
0.03864278982092366 0.035484454239273495 

0.03424442349984291 0.9822651430233571 
0.19164310398994658 0.025339874963067412 
0.03455859252277725 0.07093156642071134 
0.13697769399937165 0.025341776483027573 
0.03989946591266101 0.025349767784584285 
0.07414388941250392 0.02534695199098365 
0.10901665095821551 0.025342809917788523 
0.0885956644674835 0.02534447750569825 
0.08231228400879673 0.02534630391150413 
0.08671065032987747 0.025345067575266316 
0.036443606660383286 0.040548373206980126 
0.03832862079798932 0.02788814939967729 
0.03581526861451461 0.0557391576461576 
0.038014451775054976 0.04054414892922131 
0.03550109959158027 0.06080323302414863 
0.03770028275212064 0.04054514163449463 

0.04272698711907006 0.020293954058786885 
0.036443606660383286 0.020294987282642788 
0.04555450832547911 0.02029020383886547 

0.09079484762802388 0.020281108156220223 
0.03707194470625196 0.055736763888760935 
0.0373861137291863 0.04054514163449463 
0.04052780395852969 0.02028551606396368 
0.03989946591266101 0.025349767784584285 
0.06220546654099906 0.02028415509705671 
0.08513980521520578 0.020281680611771314 
0.039271127866792335 0.03547612727069797 

0.03110273327049953 0.9569480410679503 
0.19038642789820923 0.020271768769026987 
0.03455859252277725 0.9341504911135728 
0.03770028275212064 0.040546174858350534 
0.14011938422871506 0.02027382486631708 
0.09896324222431668 0.02027620139435364 
0.04272698711907006 0.02028623114827072 
0.05937794533459001 0.02028482442504376 
0.06880301602262016 0.020283507017577196 
0.08325479107759975 0.020280013023861586 
0.0860823122840088 0.020278484401610997 
0.06283380458686773 0.02028415509705671 
0.03864278982092366 0.02281913503588063 
0.03832862079798932 0.03548135203529437 
0.03298774740810556 0.936684016786122 
0.03173107131636821 0.9518796125868222 
0.032359409362236885 0.9417514669860176 
0.03958529688972667 0.02029020383886547 
0.04147031102733271 0.020289351516156046 
0.08513980521520578 0.02027948892480426 

0.035186930568645934 0.07092882681200251 
0.09519321394910461 0.02027897958910064 
0.08262645303173106 0.020283507017577196 
0.05906377631165567 0.02028415509705671 
0.03958529688972667 0.02029108832469601 
0.03864278982092366 0.03547612727069797 
0.03581526861451461 0.065863528536211 
0.03612943763744895 0.05066786968825763 
0.04147031102733271 0.02029020383886547 
0.05466540999057493 0.02028852963354339 
0.036757775683317624 0.04054139141457321 
0.08388312912346843 0.02027948892480426 
0.0373861137291863 0.0354769203153242 
0.055922086082312285 0.020287736588917162 

0.034872761545711596 0.035482344740567696 
0.08702481935281181 0.02027620139435364 
0.03707194470625196 0.02029108832469601 
0.036443606660383286 0.032946343750973384 
0.06189129751806472 0.020281680611771314 
0.08325479107759975 0.02028055253759709 
0.04147031102733271 0.020289351516156046 
0.0568645931511153 0.02028852963354339 
0.08576814326107446 0.020280013023861586 
0.03958529688972667 0.02029020383886547 
0.05906377631165567 0.020287736588917162 
0.06063462142632736 0.02028551606396368 
0.05937794533459001 0.02028697089065735 

0.15425699026076028 0.020274968570434676 
0.03204524033930255 0.9898744062121462 
0.03298774740810556 0.9645604217425114 
0.03424442349984291 0.0633388411137623 
0.09519321394910461 0.02027948892480426 
0.09330819981149858 0.020281108156220223 
0.07320138234370091 0.020283507017577196 
0.04052780395852969 0.020292006829212318 
0.05906377631165567 0.02029020383886547 
0.06754633993088281 0.02028697089065735 
0.03864278982092366 0.04054319440492006 
0.06943135406848884 0.02028623114827072 
0.07194470625196356 0.02028415509705671 
0.034872761545711596 0.048146240789331295 
0.035186930568645934 0.04308478184384356 
0.039271127866792335 0.03548039751099313 
0.03989946591266101 0.025356750952713822 
0.036757775683317624 0.043083443895404354 

