1434.0 465.0416666666667 
2396.0 97.00877192982456 
1453.0 464.0344827586207 
1470.0 111.02380952380952 
2054.0 97.01041666666667 
1934.0 97.01052631578948 
2102.0 97.00990099009901 
2214.0 97.00970873786407 
2360.0 97.00934579439253 
2250.0 97.00952380952381 
1722.0 97.01204819277109 
1814.0 97.01190476190476 
1876.0 97.01063829787235 
1668.0 97.0126582278481 
1827.0 97.01123595505618 
2064.0 97.01 
1587.0 97.01449275362319 
1620.0 97.01408450704226 
1543.0 97.01612903225806 
1575.0 97.01587301587301 
2238.0 97.00961538461539 
1497.0 97.01818181818182 
1520.0 97.01785714285714 
1652.0 97.01369863013699 
1631.0 97.01388888888889 
1473.0 105.02222222222223 
1480.0 97.02127659574468 
2376.0 97.00909090909092 
1478.0 102.02083333333333 
1437.0 464.037037037037 
1449.0 464.0357142857143 
2384.0 97.00892857142857 
1531.0 97.01754385964912 
1818.0 97.01176470588236 
1489.0 97.01960784313725 
1660.0 97.01333333333334 
1476.0 103.02127659574468 
1483.0 97.02 
2058.0 97.01020408163265 
1666.0 97.01298701298701 
1582.0 97.01492537313433 
1577.0 97.015625 
1435.0 464.04 
1535.0 97.01666666666667 
1539.0 97.01639344262296 
1667.0 97.01282051282051 
