1437.0 470.02941176470586 
2908.0 87.00574712643679 
1447.0 469.0232558139535 
1459.0 109.02127659574468 
2285.0 88.00961538461539 
2404.0 87.00892857142857 
2520.0 87.00735294117646 
2626.0 87.0072463768116 
2053.0 95.00819672131148 
2157.0 95.00806451612904 
1805.0 95.00980392156863 
2021.0 95.00892857142857 
1921.0 95.009009009009 
1900.0 95.00961538461539 
2879.0 87.0060606060606 
2785.0 87.00621118012423 
2708.0 87.00714285714285 
2256.0 89.01010101010101 
1475.0 95.01785714285714 
2200.0 95.0078125 
1631.0 95.01333333333334 
1578.0 95.01369863013699 
1684.0 95.01282051282051 
1527.0 95.01612903225806 
2473.0 87.00757575757575 
2509.0 87.00746268656717 
1690.0 95.0126582278481 
1541.0 95.01470588235294 
1461.0 103.02 
1716.0 95.01234567901234 
2182.0 95.008 
1760.0 95.01190476190476 
1737.0 95.01204819277109 
1562.0 95.01449275362319 
2764.0 87.00625 
1464.0 101.01923076923077 
1467.0 97.02 
2450.0 87.008 
2279.0 88.00990099009901 
2269.0 88.01052631578948 
1572.0 95.01388888888889 
2753.0 87.00641025641026 
1469.0 95.01923076923077 
1767.0 95.01052631578948 
2723.0 87.00689655172414 
2738.0 87.00653594771242 
2037.0 95.00862068965517 
2429.0 87.00826446280992 
2022.0 95.00869565217391 
2893.0 87.00588235294117 
2444.0 87.00813008130082 
2185.0 95.00787401574803 
1535.0 95.01492537313433 
2039.0 95.00826446280992 
1914.0 95.00909090909092 
2427.0 87.00862068965517 
1799.0 95.01010101010101 
1787.0 95.01030927835052 
1775.0 95.01041666666667 
2461.0 87.0079365079365 
1439.0 469.030303030303 
2416.0 87.00869565217391 
2754.0 87.00628930817611 
2414.0 87.00877192982456 
2263.0 88.01075268817205 
1907.0 95.00934579439253 
