1433.0 465.02272727272725 
2461.0 95.00666666666666 
1445.0 464.01851851851853 
1462.0 109.01754385964912 
2324.0 95.00689655172414 
2113.0 95.00699300699301 
2336.0 95.00675675675676 
1906.0 95.00840336134453 
2025.0 95.00819672131148 
1723.0 95.0111111111111 
1776.0 95.01098901098901 
1584.0 95.01587301587301 
1535.0 95.01724137931035 
1491.0 95.01754385964912 
1864.0 95.009009009009 
2063.0 95.00746268656717 
2104.0 95.00714285714285 
1680.0 95.01204819277109 
1716.0 95.01176470588236 
1593.0 95.01492537313433 
1615.0 95.01470588235294 
1790.0 95.01052631578948 
1809.0 95.01041666666667 
1464.0 103.01851851851852 
1466.0 97.02173913043478 
2054.0 95.0078125 
2036.0 95.0079365079365 
1639.0 95.01428571428572 
1856.0 95.00943396226415 
1840.0 95.00952380952381 
1623.0 95.01449275362319 
1673.0 95.01298701298701 
1835.0 95.00990099009901 
1659.0 95.01315789473684 
1821.0 95.01030927835052 
1480.0 95.01785714285714 
1649.0 95.01369863013699 
1468.0 95.02083333333333 
1435.0 464.02222222222224 
1472.0 95.01960784313725 
1784.0 95.01086956521739 
2332.0 95.0068493150685 
1441.0 464.02127659574467 
1590.0 95.01538461538462 
1655.0 95.01351351351352 
