1447.0 480.03125 
3990.0 100.00316455696202 
1451.0 470.02564102564105 
1453.0 114.01851851851852 
3236.0 100.00440528634361 
2709.0 100.00442477876106 
3571.0 100.00387596899225 
3346.0 100.00389105058366 
2152.0 100.00613496932516 
2269.0 100.0059880239521 
2328.0 100.00552486187846 
2444.0 100.00549450549451 
3879.0 100.00342465753425 
3765.0 100.00344827586207 
1939.0 100.00714285714285 
2052.0 100.00704225352112 
2595.0 100.0047619047619 
3254.0 100.00413223140495 
2679.0 100.00471698113208 
1533.0 100.01351351351352 
1613.0 100.01298701298701 
3329.0 100.00398406374502 
1449.0 470.030303030303 
1448.0 480.02702702702703 
3930.0 100.00332225913621 
3671.0 100.0034965034965 
3734.0 100.00347222222223 
1666.0 100.01086956521739 
1821.0 100.00909090909092 
2500.0 100.00540540540541 
2450.0 100.00546448087432 
1737.0 100.00980392156863 
1710.0 100.01041666666667 
1454.0 108.01960784313725 
1479.0 100.01694915254237 
3970.0 100.00322580645161 
3637.0 100.00358422939068 
2552.0 100.00526315789473 
2134.0 100.00666666666666 
2292.0 100.00558659217877 
1773.0 100.00934579439253 
2098.0 100.00671140939598 
1788.0 100.0091743119266 
1460.0 102.01923076923077 
1864.0 100.008 
1895.0 100.0079365079365 
2697.0 100.00454545454545 
1456.0 106.01886792452831 
2076.0 100.00694444444444 
1507.0 100.01639344262296 
1465.0 100.01785714285714 
3906.0 100.00338983050847 
2527.0 100.005291005291 
1921.0 100.00757575757575 
3596.0 100.00373134328358 
1840.0 100.00862068965517 
3614.0 100.0036231884058 
1530.0 100.01428571428572 
2080.0 100.00675675675676 
1511.0 100.01612903225806 
2564.0 100.005 
1729.0 100.01 
2583.0 100.00485436893204 
1631.0 100.01190476190476 
3653.0 100.00353356890459 
1640.0 100.01123595505618 
1657.0 100.01098901098901 
