1431.0 465.03846153846155 
3118.0 93.00571428571429 
1457.0 464.03225806451616 
1461.0 110.02325581395348 
2707.0 93.00617283950618 
3035.0 93.00613496932516 
2571.0 93.00621118012423 
2183.0 94.00892857142857 
2051.0 94.0091743119266 
2527.0 94.00657894736842 
2428.0 94.00662251655629 
1779.0 94.01351351351352 
1680.0 96.01149425287356 
1905.0 94.01 
1998.0 94.00990099009901 
1600.0 96.01162790697674 
2338.0 94.00840336134453 
2271.0 94.00847457627118 
2189.0 94.00869565217391 
2245.0 94.00854700854701 
1878.0 94.01136363636364 
1829.0 94.01162790697674 
2529.0 93.00657894736842 
2008.0 94.00934579439253 
1557.0 96.01298701298701 
1595.0 96.01176470588236 
2376.0 94.0078125 
2341.0 94.00806451612904 
1463.0 104.02173913043478 
1546.0 96.015625 
1516.0 96.01612903225806 
3089.0 93.00574712643679 
2402.0 94.00680272108843 
1506.0 96.01818181818182 
1482.0 96.01923076923077 
1470.0 96.0204081632653 
1466.0 100.02127659574468 
1436.0 464.0344827586207 
1454.0 464.03333333333336 
3062.0 93.00584795321637 
3080.0 93.00581395348837 
3047.0 93.0060975609756 
2399.0 94.00709219858156 
1809.0 94.01234567901234 
1822.0 94.01176470588236 
2389.0 94.00719424460432 
1799.0 94.0126582278481 
1468.0 98.0204081632653 
2003.0 94.00980392156863 
1807.0 94.0125 
1507.0 96.01694915254237 
1891.0 94.01030927835052 
1432.0 464.0357142857143 
1882.0 94.01063829787235 
1889.0 94.01052631578948 
1898.0 94.01020408163265 
1786.0 94.01333333333334 
1551.0 96.01470588235294 
1552.0 96.01428571428572 
1787.0 94.01315789473684 
1791.0 94.01298701298701 
1795.0 94.01282051282051 
