1440.0 471.0344827586207 
3109.0 87.00591715976331 
1452.0 470.0357142857143 
1458.0 115.02272727272727 
2872.0 87.00671140939598 
2587.0 87.00704225352112 
2458.0 87.00833333333334 
2235.0 95.00680272108843 
3094.0 87.0060606060606 
2939.0 87.00621118012423 
2113.0 95.00735294117646 
1875.0 95.00925925925925 
2207.0 95.00704225352112 
1962.0 95.00884955752213 
2009.0 95.008 
2089.0 95.0079365079365 
1748.0 95.01052631578948 
1806.0 95.01 
1854.0 95.00990099009901 
1491.0 95.01818181818182 
2526.0 87.00740740740741 
2568.0 87.00714285714285 
1531.0 95.01754385964912 
1661.0 95.01204819277109 
1693.0 95.01176470588236 
2874.0 87.00657894736842 
1460.0 109.02127659574468 
2903.0 87.00645161290322 
1485.0 95.01851851851852 
1639.0 95.01369863013699 
1611.0 95.01428571428572 
1997.0 95.00869565217391 
1970.0 95.00877192982456 
1562.0 95.01639344262296 
1537.0 95.01724137931035 
1484.0 100.01960784313725 
1724.0 95.01098901098901 
1467.0 103.01851851851852 
1463.0 107.02173913043478 
1582.0 95.01538461538462 
1556.0 95.01694915254237 
2490.0 87.0077519379845 
1707.0 95.01136363636364 
2104.0 95.00763358778626 
2503.0 87.00763358778626 
2916.0 87.00636942675159 
1473.0 103.01724137931035 
2001.0 95.00854700854701 
1652.0 95.01234567901234 
1594.0 95.01515151515152 
2928.0 87.00628930817611 
2514.0 87.00757575757575 
1481.0 100.0204081632653 
1445.0 470.03846153846155 
2461.0 87.00806451612904 
2472.0 87.0079365079365 
2483.0 87.00787401574803 
2501.0 87.00769230769231 
1475.0 102.01851851851852 
1601.0 95.01470588235294 
1649.0 95.0126582278481 
1858.0 95.00961538461539 
1868.0 95.00934579439253 
1716.0 95.01123595505618 
1700.0 95.01162790697674 
