1438.0 465.0357142857143 
3385.0 94.00408163265305 
1450.0 464.0285714285714 
1463.0 109.02222222222223 
2838.0 95.00442477876106 
3228.0 95.0042194092827 
2757.0 95.00485436893204 
2632.0 95.00518134715026 
3271.0 95.00398406374502 
2016.0 95.00833333333334 
2481.0 95.0054347826087 
2124.0 95.00806451612904 
2589.0 95.00531914893617 
2007.0 95.00884955752213 
1916.0 95.00892857142857 
1732.0 95.01063829787235 
1810.0 95.01052631578948 
2193.0 95.00714285714285 
2265.0 95.00709219858156 
1568.0 95.0125 
1708.0 95.01162790697674 
1659.0 95.01176470588236 
1617.0 95.01234567901234 
2373.0 95.00613496932516 
2278.0 95.00680272108843 
2324.0 95.00666666666666 
2419.0 95.0059880239521 
1480.0 95.01612903225806 
1469.0 97.02127659574468 
1622.0 95.01219512195122 
1559.0 95.01470588235294 
1523.0 95.01538461538462 
1465.0 103.02173913043478 
1464.0 109.02173913043478 
2819.0 95.00456621004567 
2786.0 95.0046511627907 
1466.0 103.0204081632653 
1512.0 95.01587301587301 
2156.0 95.0078125 
1851.0 95.00970873786407 
1821.0 95.01030927835052 
1872.0 95.00943396226415 
1899.0 95.00909090909092 
2445.0 95.00595238095238 
2353.0 95.00649350649351 
2470.0 95.00591715976331 
2614.0 95.005291005291 
1478.0 97.01666666666667 
2334.0 95.00657894736842 
2617.0 95.00526315789473 
3260.0 95.00408163265305 
3242.0 95.00416666666666 
2171.0 95.00740740740741 
2187.0 95.00719424460432 
2770.0 95.0047619047619 
2371.0 95.00632911392405 
2359.0 95.00645161290322 
2471.0 95.00581395348837 
2268.0 95.00689655172414 
2776.0 95.00471698113208 
1908.0 95.009009009009 
