1489.0 95.01515151515152 
1476.0 95.01754385964912 
2908.0 87.00574712643679 
2285.0 88.00961538461539 
2404.0 87.00892857142857 
2520.0 87.00735294117646 
2879.0 87.0060606060606 
2785.0 87.00621118012423 
2256.0 89.01010101010101 
1475.0 95.01785714285714 
2473.0 87.00757575757575 
2509.0 87.00746268656717 
1541.0 95.01470588235294 
1562.0 95.01449275362319 
2764.0 87.00625 
1464.0 101.01923076923077 
1467.0 97.02 
2450.0 87.008 
2279.0 88.00990099009901 
2269.0 88.01052631578948 
2753.0 87.00641025641026 
1469.0 95.01923076923077 
2723.0 87.00689655172414 
2738.0 87.00653594771242 
2429.0 87.00826446280992 
2893.0 87.00588235294117 
2444.0 87.00813008130082 
1535.0 95.01492537313433 
2427.0 87.00862068965517 
1775.0 95.01041666666667 
2461.0 87.0079365079365 
2416.0 87.00869565217391 
2754.0 87.00628930817611 
2414.0 87.00877192982456 
2263.0 88.01075268817205 
1453.0 114.01851851851852 
1454.0 108.01960784313725 
1460.0 102.01923076923077 
1456.0 106.01886792452831 
1458.0 103.02173913043478 
1459.0 103.01960784313725 
1723.0 95.0111111111111 
1466.0 97.02173913043478 
1468.0 95.02083333333333 
1435.0 464.02222222222224 
1732.0 95.01063829787235 
1568.0 95.0125 
1659.0 95.01176470588236 
1617.0 95.01234567901234 
1480.0 95.01612903225806 
1622.0 95.01219512195122 
1431.0 465.03846153846155 
2183.0 94.00892857142857 
2051.0 94.0091743119266 
1779.0 94.01351351351352 
1905.0 94.01 
1998.0 94.00990099009901 
2189.0 94.00869565217391 
2245.0 94.00854700854701 
1878.0 94.01136363636364 
1829.0 94.01162790697674 
2008.0 94.00934579439253 
1809.0 94.01234567901234 
1822.0 94.01176470588236 
1799.0 94.0126582278481 
2003.0 94.00980392156863 
1807.0 94.0125 
1891.0 94.01030927835052 
1432.0 464.0357142857143 
1882.0 94.01063829787235 
1889.0 94.01052631578948 
1898.0 94.01020408163265 
1786.0 94.01333333333334 
1787.0 94.01315789473684 
1791.0 94.01298701298701 
1795.0 94.01282051282051 
2587.0 87.00704225352112 
1748.0 95.01052631578948 
2568.0 87.00714285714285 
1724.0 95.01098901098901 
1707.0 95.01136363636364 
1716.0 95.01123595505618 
1700.0 95.01162790697674 
1441.0 459.0243902439024 
1452.0 458.0192307692308 
1448.0 458.0208333333333 
1442.0 458.02222222222224 
1445.0 458.02127659574467 
1465.0 99.02173913043478 
