0.038324131211432286 0.06267171239579494 
0.034101981162715164 0.0626774765586064 
0.4991880480675544 0.04337369283155101 
0.29684962650211105 0.04579243314556864 
0.3354985384865216 0.04338135826891867 
0.3731731081519974 0.04337756191378969 
0.48976940565118543 0.04337444813564351 
0.4592400129912309 0.0433748109318122 
0.28743098408574214 0.0482030232765365 
0.03377720038973693 0.06267823138945074 
0.35790841182202016 0.043378098772090756 
0.3696005196492368 0.04337782633653501 
0.055212731406300744 0.06267063867919281 
0.062033127638843784 0.062670125162557 
0.45241961675868786 0.04337490446519942 
0.03020461188697629 0.07713806136348465 
0.03117895420591101 0.06750223454279311 
0.35043845404352064 0.043379120950295995 
0.29490094186424165 0.04579312128914876 
0.29165313413445926 0.04579462796140839 
0.44884702825592726 0.04337529059020829 
0.03182851575186749 0.0626815410323837 
0.4391036050665801 0.04337646227989029 
0.44397531666125367 0.043375593433352476 
0.3436180578109776 0.04337975815229407 
0.4943163364728808 0.04337401864900266 
0.3484897694056512 0.043379434370791004 
0.05326404676843131 0.06267116752468342 
0.3429684962650211 0.043380616452399226 
0.13121143228320883 0.0626603041568973 
0.35401104254628124 0.043378967971244874 
0.3393959077622605 0.04338079706859526 
0.44917180902890547 0.04337499917510728 
0.338746346216304 0.043380980853496495 
0.2897044494965898 0.04579517338756689 
0.026632023384215654 0.10845880596971962 
0.026956804157193894 0.09400491027920164 
0.02890548879506333 0.07954748141866813 
0.027606365703150372 0.08918428739409906 
0.028255927249106853 0.08196294516964221 
0.028580708022085094 0.08195781000328418 
0.11432283208834038 0.06266197736526893 
0.03085417343293277 0.06750642483854126 
0.03150373497888925 0.06268540228247212 
0.02078596947060734 0.9517647490619239 
0.11724585904514452 0.06266083815956912 
0.06398181227671322 0.06266532378201227 
0.09353686261773303 0.06266355214961875 
0.07989607015264696 0.06266495195792966 
0.03540110425462813 0.06267406764511575 
0.08151997401753816 0.06266458920272715 
0.01948684637869438 0.9542132964513368 
0.2637219876583306 0.060247298655203105 
0.22085092562520298 0.06024789074728743 
0.1325105553751218 0.06025834570661443 
0.17343293277038 0.06024988017669082 
0.20363754465735628 0.060249641620249705 
0.26567067229620006 0.0602467374548797 
0.2838583955829815 0.06024637930994397 
0.16466385189996752 0.06025316574949334 
0.1487495940240338 0.060253802488408545 
0.20688535238713868 0.060248303920579956 
0.14225397856446897 0.06025553190274617 
0.1464761286131861 0.06025413209443526 
0.13900617083468658 0.060256284964179285 
0.20526144852224748 0.06024940774138588 
0.1416044170185125 0.06025590372682878 
0.16888600194868464 0.060250625358151184 
0.01981162715167262 0.9517972571102874 
0.16596297499188048 0.060251418104385626 
0.16823644040272817 0.060251148292509334 
0.1711594673595323 0.06025037189506941 
0.13478402078596946 0.06025791157687476 
0.13510880155894772 0.0602574888716019 
0.13640792465086066 0.06025707714568681 
0.13770704774277362 0.060256675976846454 
0.39493341994153947 0.04337681333672201 
0.12244235141279636 0.06266056834769283 
0.3887625852549529 0.04337705573310584 
0.11464761286131861 0.06266168317478601 
0.10912633972068854 0.06266258580467683 
0.1120493666774927 0.06266227816677397 
0.10685287430984086 0.06266322254359204 
0.02273465410847678 0.9397228724609227 
0.026307242611237416 0.937301021063991 
0.025008119519324457 0.9373048823140795 
0.023059434881455017 0.9373082287308229 
0.024033777200389735 0.9373059503194231 
0.03052939265995453 0.07232526494890824 
