1443.0 459.02941176470586 
3054.0 95.00429184549357 
1463.0 109.01960784313725 
1460.0 458.02 
2943.0 95.00469483568075 
2682.0 95.00471698113208 
2113.0 95.00746268656717 
2346.0 95.00714285714285 
1489.0 95.01515151515152 
1599.0 95.01449275362319 
2953.0 95.00444444444445 
2024.0 95.0079365079365 
3037.0 95.00442477876106 
1989.0 95.00952380952381 
1907.0 95.00961538461539 
2482.0 95.00595238095238 
2421.0 95.0059880239521 
1654.0 95.01369863013699 
1726.0 95.0126582278481 
1674.0 95.01298701298701 
1810.0 95.01063829787235 
2497.0 95.00578034682081 
1841.0 95.01020408163265 
1880.0 95.00970873786407 
2646.0 95.00490196078431 
1738.0 95.01162790697674 
1773.0 95.01136363636364 
2530.0 95.00568181818181 
2564.0 95.00555555555556 
1469.0 97.01754385964912 
1466.0 109.01851851851852 
1467.0 103.02 
2604.0 95.00540540540541 
2576.0 95.00549450549451 
1468.0 103.01785714285714 
2395.0 95.00613496932516 
2420.0 95.0060606060606 
1781.0 95.01098901098901 
2008.0 95.00925925925925 
1476.0 95.01754385964912 
1448.0 458.0285714285714 
2627.0 95.0051282051282 
2612.0 95.00526315789473 
1796.0 95.01075268817205 
1475.0 97.01612903225806 
1994.0 95.00934579439253 
1668.0 95.01315789473684 
2350.0 95.00709219858156 
2358.0 95.00680272108843 
2634.0 95.00492610837438 
2370.0 95.00653594771242 
2485.0 95.00584795321637 
1459.0 458.0217391304348 
2013.0 95.00877192982456 
2375.0 95.00641025641026 
2386.0 95.00632911392405 
2947.0 95.0046511627907 
2394.0 95.00621118012423 
1446.0 459.0263157894737 
1483.0 95.01666666666667 
1733.0 95.01204819277109 
