1443.0 459.02941176470586 
3054.0 95.00429184549357 
1463.0 109.01960784313725 
1460.0 458.02 
2943.0 95.00469483568075 
2682.0 95.00471698113208 
2113.0 95.00746268656717 
2346.0 95.00714285714285 
1489.0 95.01515151515152 
1599.0 95.01449275362319 
2953.0 95.00444444444445 
2024.0 95.0079365079365 
3037.0 95.00442477876106 
1989.0 95.00952380952381 
1907.0 95.00961538461539 
2482.0 95.00595238095238 
2421.0 95.0059880239521 
1654.0 95.01369863013699 
1726.0 95.0126582278481 
1674.0 95.01298701298701 
1810.0 95.01063829787235 
2497.0 95.00578034682081 
1841.0 95.01020408163265 
1880.0 95.00970873786407 
2646.0 95.00490196078431 
1738.0 95.01162790697674 
1773.0 95.01136363636364 
2530.0 95.00568181818181 
2564.0 95.00555555555556 
1469.0 97.01754385964912 
1466.0 109.01851851851852 
1467.0 103.02 
2604.0 95.00540540540541 
2576.0 95.00549450549451 
1468.0 103.01785714285714 
2395.0 95.00613496932516 
2420.0 95.0060606060606 
1781.0 95.01098901098901 
2008.0 95.00925925925925 
1476.0 95.01754385964912 
1448.0 458.0285714285714 
2627.0 95.0051282051282 
2612.0 95.00526315789473 
1796.0 95.01075268817205 
1475.0 97.01612903225806 
1994.0 95.00934579439253 
1668.0 95.01315789473684 
2350.0 95.00709219858156 
2358.0 95.00680272108843 
2634.0 95.00492610837438 
2370.0 95.00653594771242 
2485.0 95.00584795321637 
1459.0 458.0217391304348 
2013.0 95.00877192982456 
2375.0 95.00641025641026 
2386.0 95.00632911392405 
2947.0 95.0046511627907 
2394.0 95.00621118012423 
1446.0 459.0263157894737 
1483.0 95.01666666666667 
1733.0 95.01204819277109 

1437.0 470.02941176470586 
2908.0 87.00574712643679 
1447.0 469.0232558139535 
1459.0 109.02127659574468 
2285.0 88.00961538461539 
2404.0 87.00892857142857 
2520.0 87.00735294117646 
2626.0 87.0072463768116 
2053.0 95.00819672131148 
2157.0 95.00806451612904 
1805.0 95.00980392156863 
2021.0 95.00892857142857 
1921.0 95.009009009009 
1900.0 95.00961538461539 
2879.0 87.0060606060606 
2785.0 87.00621118012423 
2708.0 87.00714285714285 
2256.0 89.01010101010101 
1475.0 95.01785714285714 
2200.0 95.0078125 
1631.0 95.01333333333334 
1578.0 95.01369863013699 
1684.0 95.01282051282051 
1527.0 95.01612903225806 
2473.0 87.00757575757575 
2509.0 87.00746268656717 
1690.0 95.0126582278481 
1541.0 95.01470588235294 
1461.0 103.02 
1716.0 95.01234567901234 
2182.0 95.008 
1760.0 95.01190476190476 
1737.0 95.01204819277109 
1562.0 95.01449275362319 
2764.0 87.00625 
1464.0 101.01923076923077 
1467.0 97.02 
2450.0 87.008 
2279.0 88.00990099009901 
2269.0 88.01052631578948 
1572.0 95.01388888888889 
2753.0 87.00641025641026 
1469.0 95.01923076923077 
1767.0 95.01052631578948 
2723.0 87.00689655172414 
2738.0 87.00653594771242 
2037.0 95.00862068965517 
2429.0 87.00826446280992 
2022.0 95.00869565217391 
2893.0 87.00588235294117 
2444.0 87.00813008130082 
2185.0 95.00787401574803 
1535.0 95.01492537313433 
2039.0 95.00826446280992 
1914.0 95.00909090909092 
2427.0 87.00862068965517 
1799.0 95.01010101010101 
1787.0 95.01030927835052 
1775.0 95.01041666666667 
2461.0 87.0079365079365 
1439.0 469.030303030303 
2416.0 87.00869565217391 
2754.0 87.00628930817611 
2414.0 87.00877192982456 
2263.0 88.01075268817205 
1907.0 95.00934579439253 

1447.0 480.03125 
3990.0 100.00316455696202 
1451.0 470.02564102564105 
1453.0 114.01851851851852 
3236.0 100.00440528634361 
2709.0 100.00442477876106 
3571.0 100.00387596899225 
3346.0 100.00389105058366 
2152.0 100.00613496932516 
2269.0 100.0059880239521 
2328.0 100.00552486187846 
2444.0 100.00549450549451 
3879.0 100.00342465753425 
3765.0 100.00344827586207 
1939.0 100.00714285714285 
2052.0 100.00704225352112 
2595.0 100.0047619047619 
3254.0 100.00413223140495 
2679.0 100.00471698113208 
1533.0 100.01351351351352 
1613.0 100.01298701298701 
3329.0 100.00398406374502 
1449.0 470.030303030303 
1448.0 480.02702702702703 
3930.0 100.00332225913621 
3671.0 100.0034965034965 
3734.0 100.00347222222223 
1666.0 100.01086956521739 
1821.0 100.00909090909092 
2500.0 100.00540540540541 
2450.0 100.00546448087432 
1737.0 100.00980392156863 
1710.0 100.01041666666667 
1454.0 108.01960784313725 
1479.0 100.01694915254237 
3970.0 100.00322580645161 
3637.0 100.00358422939068 
2552.0 100.00526315789473 
2134.0 100.00666666666666 
2292.0 100.00558659217877 
1773.0 100.00934579439253 
2098.0 100.00671140939598 
1788.0 100.0091743119266 
1460.0 102.01923076923077 
1864.0 100.008 
1895.0 100.0079365079365 
2697.0 100.00454545454545 
1456.0 106.01886792452831 
2076.0 100.00694444444444 
1507.0 100.01639344262296 
1465.0 100.01785714285714 
3906.0 100.00338983050847 
2527.0 100.005291005291 
1921.0 100.00757575757575 
3596.0 100.00373134328358 
1840.0 100.00862068965517 
3614.0 100.0036231884058 
1530.0 100.01428571428572 
2080.0 100.00675675675676 
1511.0 100.01612903225806 
2564.0 100.005 
1729.0 100.01 
2583.0 100.00485436893204 
1631.0 100.01190476190476 
3653.0 100.00353356890459 
1640.0 100.01123595505618 
1657.0 100.01098901098901 

1432.0 469.037037037037 
2218.0 95.00884955752213 
1436.0 469.03333333333336 
1456.0 109.02325581395348 
2074.0 95.00892857142857 
1975.0 95.00980392156863 
2065.0 95.0091743119266 
1597.0 100.01075268817205 
1660.0 100.01063829787235 
1916.0 95.01063829787235 
1860.0 100.00869565217391 
1801.0 100.00877192982456 
1685.0 100.01020408163265 
1740.0 100.01010101010101 
1501.0 100.01724137931035 
1552.0 100.01666666666667 
1907.0 97.00980392156863 
1572.0 100.01219512195122 
1883.0 97.01075268817205 
1662.0 100.01041666666667 
1481.0 102.01960784313725 
1871.0 100.00847457627118 
1465.0 103.01923076923077 
1458.0 103.02173913043478 
1908.0 95.01136363636364 
1775.0 100.00925925925925 
1787.0 100.00909090909092 
1750.0 100.00990099009901 
1881.0 97.01086956521739 
1560.0 100.01298701298701 
1569.0 100.0126582278481 
1483.0 100.02 
1794.0 100.00884955752213 
1757.0 100.00980392156863 
1459.0 103.01960784313725 
1498.0 100.01785714285714 
1492.0 100.01818181818182 
1771.0 100.00952380952381 
1793.0 100.009009009009 
1746.0 100.01 
1765.0 100.00961538461539 
1760.0 100.00970873786407 
1433.0 469.0357142857143 
1486.0 100.01923076923077 
1489.0 100.01851851851852 
1554.0 100.01639344262296 
1556.0 100.01492537313433 
1557.0 100.01388888888889 
1559.0 100.01351351351352 

1433.0 465.02272727272725 
2461.0 95.00666666666666 
1445.0 464.01851851851853 
1462.0 109.01754385964912 
2324.0 95.00689655172414 
2113.0 95.00699300699301 
2336.0 95.00675675675676 
1906.0 95.00840336134453 
2025.0 95.00819672131148 
1723.0 95.0111111111111 
1776.0 95.01098901098901 
1584.0 95.01587301587301 
1535.0 95.01724137931035 
1491.0 95.01754385964912 
1864.0 95.009009009009 
2063.0 95.00746268656717 
2104.0 95.00714285714285 
1680.0 95.01204819277109 
1716.0 95.01176470588236 
1593.0 95.01492537313433 
1615.0 95.01470588235294 
1790.0 95.01052631578948 
1809.0 95.01041666666667 
1464.0 103.01851851851852 
1466.0 97.02173913043478 
2054.0 95.0078125 
2036.0 95.0079365079365 
1639.0 95.01428571428572 
1856.0 95.00943396226415 
1840.0 95.00952380952381 
1623.0 95.01449275362319 
1673.0 95.01298701298701 
1835.0 95.00990099009901 
1659.0 95.01315789473684 
1821.0 95.01030927835052 
1480.0 95.01785714285714 
1649.0 95.01369863013699 
1468.0 95.02083333333333 
1435.0 464.02222222222224 
1472.0 95.01960784313725 
1784.0 95.01086956521739 
2332.0 95.0068493150685 
1441.0 464.02127659574467 
1590.0 95.01538461538462 
1655.0 95.01351351351352 

1438.0 465.0357142857143 
3385.0 94.00408163265305 
1450.0 464.0285714285714 
1463.0 109.02222222222223 
2838.0 95.00442477876106 
3228.0 95.0042194092827 
2757.0 95.00485436893204 
2632.0 95.00518134715026 
3271.0 95.00398406374502 
2016.0 95.00833333333334 
2481.0 95.0054347826087 
2124.0 95.00806451612904 
2589.0 95.00531914893617 
2007.0 95.00884955752213 
1916.0 95.00892857142857 
1732.0 95.01063829787235 
1810.0 95.01052631578948 
2193.0 95.00714285714285 
2265.0 95.00709219858156 
1568.0 95.0125 
1708.0 95.01162790697674 
1659.0 95.01176470588236 
1617.0 95.01234567901234 
2373.0 95.00613496932516 
2278.0 95.00680272108843 
2324.0 95.00666666666666 
2419.0 95.0059880239521 
1480.0 95.01612903225806 
1469.0 97.02127659574468 
1622.0 95.01219512195122 
1559.0 95.01470588235294 
1523.0 95.01538461538462 
1465.0 103.02173913043478 
1464.0 109.02173913043478 
2819.0 95.00456621004567 
2786.0 95.0046511627907 
1466.0 103.0204081632653 
1512.0 95.01587301587301 
2156.0 95.0078125 
1851.0 95.00970873786407 
1821.0 95.01030927835052 
1872.0 95.00943396226415 
1899.0 95.00909090909092 
2445.0 95.00595238095238 
2353.0 95.00649350649351 
2470.0 95.00591715976331 
2614.0 95.005291005291 
1478.0 97.01666666666667 
2334.0 95.00657894736842 
2617.0 95.00526315789473 
3260.0 95.00408163265305 
3242.0 95.00416666666666 
2171.0 95.00740740740741 
2187.0 95.00719424460432 
2770.0 95.0047619047619 
2371.0 95.00632911392405 
2359.0 95.00645161290322 
2471.0 95.00581395348837 
2268.0 95.00689655172414 
2776.0 95.00471698113208 
1908.0 95.009009009009 

1431.0 465.03846153846155 
3118.0 93.00571428571429 
1457.0 464.03225806451616 
1461.0 110.02325581395348 
2707.0 93.00617283950618 
3035.0 93.00613496932516 
2571.0 93.00621118012423 
2183.0 94.00892857142857 
2051.0 94.0091743119266 
2527.0 94.00657894736842 
2428.0 94.00662251655629 
1779.0 94.01351351351352 
1680.0 96.01149425287356 
1905.0 94.01 
1998.0 94.00990099009901 
1600.0 96.01162790697674 
2338.0 94.00840336134453 
2271.0 94.00847457627118 
2189.0 94.00869565217391 
2245.0 94.00854700854701 
1878.0 94.01136363636364 
1829.0 94.01162790697674 
2529.0 93.00657894736842 
2008.0 94.00934579439253 
1557.0 96.01298701298701 
1595.0 96.01176470588236 
2376.0 94.0078125 
2341.0 94.00806451612904 
1463.0 104.02173913043478 
1546.0 96.015625 
1516.0 96.01612903225806 
3089.0 93.00574712643679 
2402.0 94.00680272108843 
1506.0 96.01818181818182 
1482.0 96.01923076923077 
1470.0 96.0204081632653 
1466.0 100.02127659574468 
1436.0 464.0344827586207 
1454.0 464.03333333333336 
3062.0 93.00584795321637 
3080.0 93.00581395348837 
3047.0 93.0060975609756 
2399.0 94.00709219858156 
1809.0 94.01234567901234 
1822.0 94.01176470588236 
2389.0 94.00719424460432 
1799.0 94.0126582278481 
1468.0 98.0204081632653 
2003.0 94.00980392156863 
1807.0 94.0125 
1507.0 96.01694915254237 
1891.0 94.01030927835052 
1432.0 464.0357142857143 
1882.0 94.01063829787235 
1889.0 94.01052631578948 
1898.0 94.01020408163265 
1786.0 94.01333333333334 
1551.0 96.01470588235294 
1552.0 96.01428571428572 
1787.0 94.01315789473684 
1791.0 94.01298701298701 
1795.0 94.01282051282051 

1440.0 471.0344827586207 
3109.0 87.00591715976331 
1452.0 470.0357142857143 
1458.0 115.02272727272727 
2872.0 87.00671140939598 
2587.0 87.00704225352112 
2458.0 87.00833333333334 
2235.0 95.00680272108843 
3094.0 87.0060606060606 
2939.0 87.00621118012423 
2113.0 95.00735294117646 
1875.0 95.00925925925925 
2207.0 95.00704225352112 
1962.0 95.00884955752213 
2009.0 95.008 
2089.0 95.0079365079365 
1748.0 95.01052631578948 
1806.0 95.01 
1854.0 95.00990099009901 
1491.0 95.01818181818182 
2526.0 87.00740740740741 
2568.0 87.00714285714285 
1531.0 95.01754385964912 
1661.0 95.01204819277109 
1693.0 95.01176470588236 
2874.0 87.00657894736842 
1460.0 109.02127659574468 
2903.0 87.00645161290322 
1485.0 95.01851851851852 
1639.0 95.01369863013699 
1611.0 95.01428571428572 
1997.0 95.00869565217391 
1970.0 95.00877192982456 
1562.0 95.01639344262296 
1537.0 95.01724137931035 
1484.0 100.01960784313725 
1724.0 95.01098901098901 
1467.0 103.01851851851852 
1463.0 107.02173913043478 
1582.0 95.01538461538462 
1556.0 95.01694915254237 
2490.0 87.0077519379845 
1707.0 95.01136363636364 
2104.0 95.00763358778626 
2503.0 87.00763358778626 
2916.0 87.00636942675159 
1473.0 103.01724137931035 
2001.0 95.00854700854701 
1652.0 95.01234567901234 
1594.0 95.01515151515152 
2928.0 87.00628930817611 
2514.0 87.00757575757575 
1481.0 100.0204081632653 
1445.0 470.03846153846155 
2461.0 87.00806451612904 
2472.0 87.0079365079365 
2483.0 87.00787401574803 
2501.0 87.00769230769231 
1475.0 102.01851851851852 
1601.0 95.01470588235294 
1649.0 95.0126582278481 
1858.0 95.00961538461539 
1868.0 95.00934579439253 
1716.0 95.01123595505618 
1700.0 95.01162790697674 

1472.0 97.02 
1441.0 459.0243902439024 
1452.0 458.0192307692308 
1455.0 111.02325581395348 
1459.0 105.02173913043478 
1463.0 103.02173913043478 
1467.0 97.02083333333333 
1448.0 458.0208333333333 
1471.0 97.0204081632653 
1442.0 458.02222222222224 
1445.0 458.02127659574467 
1465.0 99.02173913043478 

1434.0 465.0416666666667 
2396.0 97.00877192982456 
1453.0 464.0344827586207 
1470.0 111.02380952380952 
2054.0 97.01041666666667 
1934.0 97.01052631578948 
2102.0 97.00990099009901 
2214.0 97.00970873786407 
2360.0 97.00934579439253 
2250.0 97.00952380952381 
1722.0 97.01204819277109 
1814.0 97.01190476190476 
1876.0 97.01063829787235 
1668.0 97.0126582278481 
1827.0 97.01123595505618 
2064.0 97.01 
1587.0 97.01449275362319 
1620.0 97.01408450704226 
1543.0 97.01612903225806 
1575.0 97.01587301587301 
2238.0 97.00961538461539 
1497.0 97.01818181818182 
1520.0 97.01785714285714 
1652.0 97.01369863013699 
1631.0 97.01388888888889 
1473.0 105.02222222222223 
1480.0 97.02127659574468 
2376.0 97.00909090909092 
1478.0 102.02083333333333 
1437.0 464.037037037037 
1449.0 464.0357142857143 
2384.0 97.00892857142857 
1531.0 97.01754385964912 
1818.0 97.01176470588236 
1489.0 97.01960784313725 
1660.0 97.01333333333334 
1476.0 103.02127659574468 
1483.0 97.02 
2058.0 97.01020408163265 
1666.0 97.01298701298701 
1582.0 97.01492537313433 
1577.0 97.015625 
1435.0 464.04 
1535.0 97.01666666666667 
1539.0 97.01639344262296 
1667.0 97.01282051282051 

