1464.0 103.02325581395348 
1461.0 111.02272727272727 
1507.0 95.01785714285714 
1481.0 95.01818181818182 
1475.0 95.01923076923077 
1477.0 95.01851851851852 
1465.0 101.02222222222223 
1469.0 95.02083333333333 
1467.0 97.02173913043478 
1459.0 114.02222222222223 
1462.0 108.02272727272727 
1742.0 95.01190476190476 
1673.0 95.01369863013699 
1723.0 95.01282051282051 
1600.0 95.01515151515152 
1557.0 95.01538461538462 
1631.0 95.01388888888889 
1513.0 95.01754385964912 
1548.0 95.01639344262296 
1605.0 95.01428571428572 
1625.0 95.01408450704226 
1734.0 95.0126582278481 
1735.0 95.01219512195122 
1552.0 95.01612903225806 
1553.0 95.015625 
