1875.0 95.01190476190476 
1466.0 109.02272727272727 
1742.0 95.01449275362319 
1468.0 105.02272727272727 
1646.0 95.01492537313433 
1503.0 95.02 
1775.0 95.01369863013699 
1839.0 95.01351351351352 
1491.0 97.02083333333333 
1482.0 99.02173913043478 
1477.0 101.02173913043478 
1473.0 101.02222222222223 
1640.0 95.01694915254237 
1578.0 95.01724137931035 
1470.0 103.02173913043478 
1484.0 97.02173913043478 
1529.0 95.01785714285714 
1566.0 95.01754385964912 
1519.0 95.01851851851852 
1855.0 95.01315789473684 
1864.0 95.0126582278481 
1486.0 97.02127659574468 
1642.0 95.01639344262296 
