0.011274663326025681 0.36879717150149793 
0.010335108048856874 0.5792489520962003 
0.02474162229877858 0.1581894565561732 
0.01659880989664892 0.15819799818302263 
0.014719699342311305 0.1582255942082285 
0.01534606952709051 0.15820685616642205 
0.011587848418415283 0.31615355816029744 
0.012840588787973693 0.15826775480229247 
0.012214218603194488 0.21090800609544622 
0.009708737864077669 0.6581602972093428 
0.010648293141246476 0.500324320007959 
0.09834011901033511 0.15803286006393466 
0.07673034763545256 0.15808005352734908 
0.09238960225493266 0.15805695183197138 
0.05386783589101159 0.1581182763324285 
0.040400876918258694 0.1581244087824743 
0.06357657375508925 0.15808505889468086 
0.026620732853116193 0.1581812146355292 
0.03758221108675227 0.15815094922201642 
0.0554337613529596 0.1580954986608303 
0.061697463200751645 0.1580902052582757 
0.09583463827121828 0.15805268240472456 
0.09614782336360789 0.15804049891721475 
0.038834951456310676 0.1581439930584266 
0.03914813654870028 0.15813073287158386 
