1459.0 114.02222222222223 
1880.0 95.01470588235294 
1878.0 100.01449275362319 
1467.0 102.02083333333333 
1462.0 108.02272727272727 
1796.0 100.01470588235294 
1692.0 100.015625 
1778.0 100.01538461538462 
1555.0 100.01785714285714 
1607.0 100.01754385964912 
1538.0 100.01923076923077 
1488.0 100.02 
1642.0 100.01612903225806 
1481.0 102.02 
1484.0 100.02083333333333 
1615.0 100.01639344262296 
1542.0 100.01818181818182 
1477.0 102.0204081632653 
1786.0 100.01492537313433 
1785.0 100.01515151515152 
1609.0 100.01724137931035 
