0.012214218603194488 0.5002983237523306 
0.04541183839649233 0.21076041445058744 
0.013780144065142498 0.2108958376353648 
0.01252740369558409 0.36876997955245827 
0.028813028499843407 0.21081441957518343 
0.03852176636392108 0.21079763602769 
0.01973066082054494 0.2108622526855399 
0.027247103037895397 0.21082327755858288 
0.043532727842154714 0.2107896783112061 
0.014719699342311305 0.2108841761944533 
0.018477920450986535 0.21087299073072197 

0.009708737864077669 0.7108337553726605 
0.03319761979329784 0.15819799818302263 
0.020043845912934545 0.1582255942082285 
0.031631694331349824 0.15821604841334608 
0.010335108048856874 0.6581874891583823 
0.010648293141246476 0.5003382249819 
0.01534606952709051 0.15825656933856114 
0.011274663326025681 0.36879717150149793 
0.014093329157532102 0.3161286804196864 
0.014719699342311305 0.2108958376353648 
0.012840588787973693 0.31615355816029744 
0.012214218603194488 0.36876997955245827 

0.010335108048856874 0.5792489520962003 
0.02474162229877858 0.1581894565561732 
0.01659880989664892 0.15819799818302263 
0.013153773880363295 0.21090800609544622 
0.01252740369558409 0.3687451018118472 
0.011901033510804886 0.36876997955245827 
0.01096147823363608 0.5266065344484111 
0.014093329157532102 0.2108622526855399 
0.014719699342311305 0.1582255942082285 
0.010648293141246476 0.5266464356779803 
0.01534606952709051 0.15820685616642205 

0.011587848418415283 0.6581354194687317 
0.17413091136861886 0.15808505889468086 
0.024428437206388976 0.28973051003657524 
0.12934544315690574 0.1580902052582757 
0.048230504227998745 0.1581894565561732 
0.012214218603194488 0.605496151171928 
0.012840588787973693 0.5002525703424243 
0.013466958972752897 0.44761591186511296 
0.014093329157532102 0.3423830690807913 
0.10209834011901034 0.15810655253087055 
0.12590040714062012 0.1580954986608303 
0.014719699342311305 0.28974790964682406 
0.06796116504854369 0.1581439930584266 
0.09113686188537426 0.15813073287158386 
0.050735984967115566 0.15815813725772557 
0.021296586282492952 0.2897390516634247 
0.0977137488255559 0.1581182763324285 
0.09990604447228311 0.1581123269405932 
0.049796429689946756 0.15816556895566217 

0.01096147823363608 0.6582173339804996 
0.07359849671155654 0.1581439930584266 
0.026933917945505793 0.1581894565561732 
0.05418102098340119 0.1581812146355292 
0.015972439711869714 0.2897868847737811 
0.01659880989664892 0.1582458312933791 
0.07265894143438772 0.15815813725772557 
0.056060131537738804 0.1581732569190453 
0.011587848418415283 0.6055710677662216 
0.012214218603194488 0.500324320007959 
0.012840588787973693 0.44768190236016986 
0.013466958972752897 0.34244905957584826 
0.014093329157532102 0.2898088082826945 
0.020043845912934545 0.15820685616642205 
0.02505480739116818 0.15819799818302263 
0.01691199498903852 0.1582355143480081 
0.01534606952709051 0.28979762281896315 

0.1399937362981522 0.15803286006393466 
0.011901033510804886 0.5266325307040395 
0.09834011901033511 0.1581009454953428 
0.01252740369558409 0.4213996879197178 
0.06827435014093329 0.1581123269405932 
0.02348888192922017 0.1582458312933791 
0.10867522705919198 0.15808005352734908 
0.12871907297212654 0.15807518344021548 
0.01973066082054494 0.2108841761944533 
0.01691199498903852 0.263524427487607 
0.01534606952709051 0.31614084887976784 
0.014093329157532102 0.31615355816029744 
0.06639523958659568 0.15816556895566217 
0.04697776385844034 0.1581732569190453 
0.013153773880363295 0.3687572702719286 
0.017538365173817728 0.21090800609544622 
0.031631694331349824 0.1581894565561732 
0.04321954274976511 0.1581812146355292 
0.028499843407453804 0.15820685616642205 
0.13373003445036016 0.1580658277465111 
0.13654870028186658 0.15805268240472456 
0.01816473535859693 0.2108958376353648 
0.06702160977137488 0.15815094922201642 

0.036642655809583466 0.18450620887910305 
0.011587848418415283 0.55290257668441 
0.01659880989664892 0.18451506686250246 
0.015032884434700909 0.23717046338162032 
0.013153773880363295 0.5002323332572738 
0.014406514249921704 0.34239298922057093 
0.013780144065142498 0.3950304656032848 
0.012214218603194488 0.5002422533970534 

0.01096147823363608 0.631925164876307 
0.05104917005950517 0.15819799818302263 
0.011587848418415283 0.31615355816029744 
0.011274663326025681 0.5266610027935374 
0.03131850923896023 0.1582355143480081 
0.04321954274976511 0.1582255942082285 
0.01973066082054494 0.15825656933856114 
0.012840588787973693 0.15826775480229247 
0.012214218603194488 0.21090800609544622 
0.043532727842154714 0.15821604841334608 

0.009708737864077669 0.6581602972093428 
0.1415596617601002 0.15810655253087055 
0.140933291575321 0.28964199897574483 
0.012214218603194488 0.34242522967485534 
0.010648293141246476 0.500324320007959 
0.11525211399937363 0.2896476060112726 
0.082680864390855 0.28967178635198587 
0.1096147823363608 0.2896654622628763 
0.03977450673347949 0.28973051003657524 
0.056060131537738804 0.2897222681159312 
0.03445036016285625 0.28976664768863053 
0.018791105543376135 0.2897868847737811 
0.06702160977137488 0.28968504653882865 
0.01659880989664892 0.34240330616594195 
0.017538365173817728 0.2898088082826945 
0.058565612276855625 0.28969200270241846 
0.035703100532414656 0.2897390516634247 
0.01534606952709051 0.342414044211124 
0.11212026307547761 0.28965338042099525 
0.111807077983088 0.28965932981283055 
0.05668650172251801 0.28971431039944734 

0.012214218603194488 0.47400282233677987 
0.09834011901033511 0.15803286006393466 
0.013466958972752897 0.3161170189787749 
0.023802067021609773 0.2108420156003893 
0.01659880989664892 0.2634786740777007 
0.07673034763545256 0.15808005352734908 
0.09238960225493266 0.15805695183197138 
0.014719699342311305 0.31610583351504357 
0.024428437206388976 0.1582255942082285 
0.017225180081428124 0.2108622526855399 
0.05386783589101159 0.1581182763324285 
0.040400876918258694 0.1581244087824743 
0.06357657375508925 0.15808505889468086 
0.026620732853116193 0.1581812146355292 
0.03758221108675227 0.15815094922201642 
0.0554337613529596 0.1580954986608303 
0.061697463200751645 0.1580902052582757 
0.01816473535859693 0.2108519357401689 
0.09583463827121828 0.15805268240472456 
0.09614782336360789 0.15804049891721475 
0.038834951456310676 0.1581439930584266 
0.03914813654870028 0.15813073287158386 
0.025681177575947386 0.15821604841334608 
0.025994362668336986 0.15820685616642205 

