1467.0 108.02173913043478 
1573.0 97.01612903225806 
1472.0 97.02127659574468 
1468.0 103.02222222222223 
1520.0 97.01818181818182 
1551.0 97.01754385964912 
1491.0 97.02 
1515.0 97.01851851851852 
1567.0 97.01724137931035 
1475.0 97.02083333333333 
1487.0 97.0204081632653 

1459.0 116.02439024390245 
1534.0 95.01818181818182 
1492.0 95.01923076923077 
1529.0 95.01886792452831 
1461.0 114.02325581395348 
1462.0 108.02325581395348 
1477.0 95.0204081632653 
1464.0 103.02325581395348 
1473.0 101.02127659574468 
1475.0 97.02127659574468 
1469.0 101.02222222222223 
1467.0 103.02222222222223 

1461.0 111.02272727272727 
1507.0 95.01785714285714 
1481.0 95.01818181818182 
1470.0 97.02173913043478 
1468.0 103.02127659574468 
1466.0 103.02222222222223 
1463.0 109.02173913043478 
1473.0 97.02 
1475.0 95.01923076923077 
1462.0 109.02325581395348 
1477.0 95.01851851851852 

1465.0 114.02127659574468 
1984.0 95.01388888888889 
1506.0 100.01785714285714 
1841.0 95.01408450704226 
1582.0 95.01785714285714 
1467.0 112.0204081632653 
1469.0 108.02 
1471.0 106.01923076923077 
1473.0 102.01923076923077 
1754.0 95.01470588235294 
1830.0 95.01428571428572 
1475.0 100.01851851851852 
1645.0 95.01612903225806 
1719.0 95.015625 
1590.0 95.01666666666667 
1496.0 100.01818181818182 
1740.0 95.01515151515152 
1747.0 95.01492537313433 
1587.0 95.01694915254237 

1463.0 114.02439024390245 
1663.0 95.01612903225806 
1514.0 95.01785714285714 
1601.0 95.01754385964912 
1479.0 100.02 
1481.0 95.02 
1660.0 95.01666666666667 
1607.0 95.01724137931035 
1465.0 112.02325581395348 
1467.0 108.02272727272727 
1469.0 106.02173913043478 
1471.0 102.02173913043478 
1473.0 100.02083333333333 
1492.0 95.01851851851852 
1508.0 95.01818181818182 
1482.0 95.01960784313725 
1477.0 100.0204081632653 

1875.0 95.01190476190476 
1466.0 109.02272727272727 
1742.0 95.01449275362319 
1468.0 105.02272727272727 
1646.0 95.01492537313433 
1503.0 95.02 
1775.0 95.01369863013699 
1839.0 95.01351351351352 
1491.0 97.02083333333333 
1482.0 99.02173913043478 
1477.0 101.02173913043478 
1473.0 101.02222222222223 
1640.0 95.01694915254237 
1578.0 95.01724137931035 
1470.0 103.02173913043478 
1484.0 97.02173913043478 
1529.0 95.01785714285714 
1566.0 95.01754385964912 
1519.0 95.01851851851852 
1855.0 95.01315789473684 
1864.0 95.0126582278481 
1486.0 97.02127659574468 
1642.0 95.01639344262296 

1545.0 96.01818181818182 
1465.0 110.02127659574468 
1481.0 96.01851851851852 
1476.0 98.02 
1470.0 108.01923076923077 
1474.0 102.01960784313725 
1472.0 104.0204081632653 
1467.0 108.01960784313725 

1463.0 113.025 
1591.0 95.01818181818182 
1465.0 101.02222222222223 
1464.0 109.02380952380952 
1528.0 95.01960784313725 
1566.0 95.01923076923077 
1491.0 95.0204081632653 
1469.0 95.02083333333333 
1467.0 97.02173913043478 
1567.0 95.01886792452831 

1459.0 114.02222222222223 
1880.0 95.01470588235294 
1878.0 100.01449275362319 
1467.0 102.02083333333333 
1462.0 108.02272727272727 
1796.0 100.01470588235294 
1692.0 100.015625 
1778.0 100.01538461538462 
1555.0 100.01785714285714 
1607.0 100.01754385964912 
1538.0 100.01923076923077 
1488.0 100.02 
1642.0 100.01612903225806 
1481.0 102.02 
1484.0 100.02083333333333 
1615.0 100.01639344262296 
1542.0 100.01818181818182 
1477.0 102.0204081632653 
1786.0 100.01492537313433 
1785.0 100.01515151515152 
1609.0 100.01724137931035 

1467.0 107.02222222222223 
1742.0 95.01190476190476 
1471.0 101.02083333333333 
1504.0 97.01923076923077 
1481.0 99.02 
1673.0 95.01369863013699 
1723.0 95.01282051282051 
1475.0 101.0204081632653 
1506.0 95.01923076923077 
1483.0 97.02 
1600.0 95.01515151515152 
1557.0 95.01538461538462 
1631.0 95.01388888888889 
1513.0 95.01754385964912 
1548.0 95.01639344262296 
1605.0 95.01428571428572 
1625.0 95.01408450704226 
1486.0 97.01960784313725 
1734.0 95.0126582278481 
1735.0 95.01219512195122 
1552.0 95.01612903225806 
1553.0 95.015625 
1510.0 95.01886792452831 
1511.0 95.01851851851852 

