1442.0 465.0285714285714 
4242.0 95.00228832951944 
1451.0 464.0243902439024 
1456.0 110.02127659574468 
3615.0 95.00254452926208 
3980.0 95.00251256281408 
3370.0 95.00261780104712 
3612.0 95.00255102040816 
3022.0 95.0028653295129 
3221.0 95.002849002849 
2561.0 95.0036231884058 
2691.0 95.00359712230215 
3999.0 95.00243902439024 
4107.0 95.0024154589372 
3323.0 95.00274725274726 
2545.0 95.00389105058366 
2445.0 95.00401606425703 
2312.0 95.00408163265305 
2408.0 95.00404858299595 
3237.0 95.00276243093923 
2938.0 95.0032154340836 
2846.0 95.00322580645161 
4153.0 95.0023419203747 
1936.0 95.00649350649351 
1850.0 95.00657894736842 
2113.0 95.00510204081633 
2039.0 95.0051282051282 
1728.0 95.0077519379845 
1792.0 95.00746268656717 
1457.0 104.0204081632653 
2124.0 95.005 
2170.0 95.0049751243781 
2229.0 95.00436681222708 
2274.0 95.00432900432901 
2729.0 95.00353356890459 
2831.0 95.00324675324676 
2794.0 95.0032894736842 
1467.0 102.01694915254237 
2006.0 95.00515463917526 
2761.0 95.003300330033 
1469.0 98.01666666666667 
4151.0 95.00236966824644 
1592.0 95.01176470588236 
1530.0 95.01282051282051 
1558.0 95.01234567901234 
1564.0 95.01204819277109 
2302.0 95.00425531914894 
1822.0 95.00666666666666 
4124.0 95.00238663484487 
1491.0 95.01492537313433 
1517.0 95.01470588235294 
1688.0 95.00862068965517 
1713.0 95.00854700854701 
1985.0 95.00520833333333 
1664.0 95.00869565217391 
1471.0 96.01612903225806 
1461.0 102.01960784313725 
2953.0 95.00307692307692 
2973.0 95.00306748466258 
2733.0 95.0034965034965 
2750.0 95.00333333333333 
1443.0 464.0285714285714 
1643.0 95.00925925925925 
1627.0 95.00934579439253 
1479.0 95.01694915254237 
3007.0 95.00296735905044 
3338.0 95.00271002710028 
2992.0 95.00301204819277 
1477.0 96.01470588235294 
1617.0 95.00943396226415 
2191.0 95.00487804878048 
2193.0 95.0045871559633 
1974.0 95.00552486187846 
1961.0 95.00558659217877 
2180.0 95.00490196078431 
2206.0 95.00454545454545 
2983.0 95.00302114803625 
1598.0 95.01086956521739 
1609.0 95.01010101010101 
1950.0 95.00571428571429 
2949.0 95.0031847133758 
2556.0 95.00371747211896 
2219.0 95.00444444444445 
3231.0 95.00278551532034 
3348.0 95.0026525198939 
3355.0 95.0026455026455 
3364.0 95.00262467191601 
1939.0 95.00617283950618 
1947.0 95.00595238095238 
1982.0 95.00537634408602 
2310.0 95.00418410041841 
2178.0 95.0049504950495 
3995.0 95.00248138957816 
3987.0 95.00248756218906 
1808.0 95.00704225352112 
1815.0 95.00671140939598 
1799.0 95.00729927007299 
1801.0 95.0072463768116 
2980.0 95.00305810397553 
2754.0 95.00331125827815 
2212.0 95.00452488687783 
1485.0 95.01515151515152 
1523.0 95.01449275362319 
1727.0 95.00787401574803 
1722.0 95.00840336134453 
1658.0 95.00877192982456 
1649.0 95.009009009009 
1716.0 95.00847457627118 
3986.0 95.00250626566417 
1614.0 95.00970873786407 
1653.0 95.00892857142857 
1526.0 95.01315789473684 
2559.0 95.00363636363636 
