0.1561420043983663 0.02025998002699871 
0.117813383600377 0.02026294933362253 
0.05560791705937795 0.020275779916090742 
0.14734527175620485 0.020260202079494034 
0.09770656613257933 0.020265338250256 
0.09110901665095822 0.02026676496435653 
0.0860823122840088 0.020266984019258517 
0.08294062205466542 0.020267207207271817 
0.07697141061891298 0.020270841290358096 
0.0804272698711907 0.020268895771130085 
0.1429469054351241 0.020261152839474113 
0.14514608859566447 0.020260315341169535 
0.09582155199497329 0.020265531339382394 
0.09299403078856425 0.020266131481261704 
0.08199811498586239 0.020267902773798717 
0.0942507068803016 0.02026592786169551 
0.647502356267672 0.012656824969160742 
0.628023876845743 0.012657512863020014 
0.5708451146716934 0.01265759696449891 
0.5190072258875275 0.012657682770737486 
0.34464341815896954 0.015192938011837166 
0.37291863022306 0.015192817537896253 
0.4175306314797361 0.015191779855684973 
0.39899465912661014 0.015192413695671694 
0.5007854225573358 0.012657711760641826 
0.3908262645303173 0.015192758173925356 
0.47093936537857367 0.01265823649876643 
0.48853283066289666 0.012658044123770465 
0.43009739239710965 0.01519098952008168 
0.4630851398052152 0.012658506298760797 
0.4524033930254477 0.012658719379438134 
0.49198868991517436 0.012657950952605175 
0.6383914546025762 0.012657166934503129 
0.6327364121897581 0.012657244205517991 
0.4354382657869934 0.015190736447722952 
0.4454916745208922 0.015190191022054156 
0.3289349670122526 0.015196155112259982 
0.33364750235626767 0.015194212430769157 
0.32799245994344955 0.015197293424046274 
0.3402450518378888 0.01519344449411948 
0.335846685516808 0.015193713562831945 
0.4671693371033616 0.01265836942942059 
0.6434181589695256 0.01265709112143194 
0.6393339616713792 0.01265711623301705 
0.6471881872447377 0.01265701672542753 
0.3920829406220547 0.015192699380761862 
0.3955387998743324 0.01519264115021238 
0.4458058435438266 0.012660904695222158 
0.4483191957273013 0.012659057801690403 
0.44266415331448317 0.015190265343793629 
0.45114671693371033 0.012658792575090687 
0.6302230600062834 0.01265727029380276 
0.489789506754634 0.012657981792478082 
0.39679547596606973 0.015192583474239567 
0.4388941250392711 0.015190534723379025 
0.4470625196355639 0.012659136276415558 
0.4395224630851398 0.01519045624865387 
0.43669494187873076 0.01519069545474384 
0.4379516179704681 0.015190614448697444 
0.4414074772227458 0.015190340817808142 
0.44015080113100846 0.01519041747110414 
0.7891925856110588 0.0 
0.03832862079798932 0.02028287919058143 
0.0527803958529689 0.02027620139435364 
0.03455859252277725 0.025351326527470328 
0.03047439522463085 0.9518628622248902 
0.12880929940307886 0.020261669556854607 
0.10367577756833177 0.020263258361083555 
0.11592836946277098 0.02026310264021453 
0.17310713163682062 0.020258761446231534 
0.04743952246308514 0.02027663396414976 
0.1690229343386742 0.0202595530029692 
0.028903550109959156 0.9518663707466462 
0.17122211749921457 0.020258856141669505 
0.046182846371347785 0.02027753417696876 
0.10116242538485705 0.020264246738169643 
0.10336160854539743 0.020263740593452186 
0.10179076343072573 0.020264075257445693 
0.04492617027961043 0.02027897958910064 
0.029531888155827836 0.9518645703210082 
0.04586867734841345 0.020278484401610997 
0.17027961043041157 0.02025914733014113 
0.16933710336160854 0.02025934759900563 
0.023876845743009738 0.9670466166457791 
0.03424442349984291 0.025353885218622946 
0.024505183788878417 0.9569310680898576 
0.027332704995287466 0.954391094444903 
0.03110273327049953 0.05573158508670087 
0.3182532202324851 0.017722745584965185 
0.26830034558592525 0.017725990967589523 
0.293119698397738 0.01772546453297486 
0.17436380772855797 0.01773250811806274 
0.2670436694941879 0.017726392776866818 
0.2453660069117185 0.017727085717416883 
0.23060006283380458 0.017729265988411305 
0.20923656927426956 0.017729385563208046 
0.18693056864593152 0.01773170419325106 
0.07445805843543826 0.020272760955509984 
0.06346214263273642 0.020273461785644802 
0.19289978008168396 0.017730405003810894 
0.20358152686145145 0.017730009060362456 
0.03173107131636821 0.04054414892922131 
0.04052780395852969 0.02027948892480426 
0.032359409362236885 0.03547947900647682 
0.30662896638391457 0.017724584635118962 
0.30097392397109646 0.01772464823809502 
0.2975180647188187 0.017725321285460668 
0.2054665409990575 0.017729880823359075 
0.236569274269557 0.01772755355922345 
0.2403393025447691 0.017727457694706034 
0.3097706566132579 0.017723593073515325 
0.31291234684260133 0.017723279205426583 
0.3160540370719447 0.017722933723088346 
0.3006597549481621 0.017724712483525387 
0.02544769085768143 0.9569291676405731 
0.30694313540684887 0.017724336458800633 
0.02607602890355011 0.9543977691936096 
0.2428526547282438 0.017727177031118885 
0.18944392082940623 0.017730818676070455 
0.19132893496701225 0.017730678742491308 
0.24222431668237512 0.017727362999268068 
0.23437009110901666 0.017727748883177664 
0.23185673892554196 0.01772869187100974 
0.2331134150172793 0.017728581580035242 
0.235626767200754 0.01772765061460443 
0.06157712849513038 0.020274968570434676 
0.06251963556393339 0.020274577922526175 
0.23374175306314798 0.01772836529513718 
0.06283380458686773 0.020274196802615482 
0.03864278982092366 0.02028055253759709 
0.034872761545711596 0.02029020383886547 
0.036757775683317624 0.02028415509705671 
