1435.0 466.03846153846155 
4495.0 95.00275482093664 
1450.0 463.02564102564105 
1455.0 110.02173913043478 
3560.0 95.00293255131965 
3882.0 95.0028818443804 
4156.0 95.00281690140845 
4394.0 95.00278551532034 
3425.0 95.0032154340836 
3209.0 95.0032362459547 
2399.0 95.0042735042735 
2560.0 95.00425531914894 
3899.0 95.00287356321839 
2306.0 95.00462962962963 
4040.0 95.00285714285714 
2184.0 95.0046511627907 
2785.0 95.00404858299595 
2675.0 95.0040650406504 
4046.0 95.0028409090909 
2859.0 95.0036231884058 
2961.0 95.00358422939068 
1617.0 95.0126582278481 
1534.0 95.01282051282051 
2650.0 95.00414937759336 
2575.0 95.00418410041841 
1763.0 95.0072463768116 
1835.0 95.00694444444444 
2047.0 95.00540540540541 
1981.0 95.0054347826087 
3436.0 95.0031545741325 
3496.0 95.00313479623824 
2133.0 95.00515463917526 
2075.0 95.00531914893617 
4437.0 95.00276243093923 
2345.0 95.00434782608696 
3013.0 95.00357142857143 
3114.0 95.00332225913621 
3166.0 95.003300330033 
1457.0 104.0204081632653 
1761.0 95.0077519379845 
1683.0 95.00787401574803 
1722.0 95.0078125 
1463.0 102.01851851851852 
2856.0 95.003861003861 
2820.0 95.00389105058366 
3065.0 95.003367003367 
3100.0 95.00334448160535 
1464.0 98.01960784313725 
1904.0 95.0060975609756 
1938.0 95.0060606060606 
2789.0 95.00392156862745 
1504.0 95.01315789473684 
1836.0 95.00680272108843 
1864.0 95.00671140939598 
1891.0 95.00641025641026 
1865.0 95.00666666666666 
4411.0 95.00277777777778 
1459.0 102.01960784313725 
2326.0 95.00454545454545 
3033.0 95.00343642611683 
1438.0 466.03125 
1466.0 96.01886792452831 
3516.0 95.0030303030303 
3537.0 95.00302114803625 
3053.0 95.00342465753425 
1440.0 464.02941176470586 
3031.0 95.00354609929079 
3545.0 95.003003003003 
3016.0 95.00355871886121 
1473.0 95.01639344262296 
1634.0 95.01123595505618 
3498.0 95.00311526479751 
3192.0 95.00326797385621 
3178.0 95.0032894736842 
3206.0 95.00324675324676 
1647.0 95.01063829787235 
3055.0 95.00341296928327 
3510.0 95.0030959752322 
1469.0 96.01818181818182 
2163.0 95.0048076923077 
2152.0 95.0048309178744 
1445.0 463.02702702702703 
2328.0 95.00444444444445 
1979.0 95.00549450549451 
2338.0 95.00440528634361 
3110.0 95.00333333333333 
1441.0 464.0285714285714 
2134.0 95.0049504950495 
2143.0 95.00485436893204 
2166.0 95.00471698113208 
2175.0 95.00469483568075 
1971.0 95.00552486187846 
1653.0 95.00961538461539 
1626.0 95.01162790697674 
1633.0 95.01149425287356 
1958.0 95.00571428571429 
2568.0 95.00420168067227 
1965.0 95.00555555555556 
1488.0 95.01470588235294 
1618.0 95.01204819277109 
1479.0 95.01612903225806 
1660.0 95.00943396226415 
1898.0 95.00613496932516 
1654.0 95.00952380952381 
1944.0 95.00602409638554 
3512.0 95.00306748466258 
1500.0 95.01351351351352 
1675.0 95.00826446280992 
1623.0 95.01190476190476 
1682.0 95.00806451612904 
1677.0 95.00819672131148 
1953.0 95.00581395348837 
1483.0 95.01587301587301 
1672.0 95.00884955752213 
1492.0 95.01428571428572 
1664.0 95.00925925925925 
1668.0 95.00892857142857 
1496.0 95.01408450704226 
1949.0 95.00584795321637 
1945.0 95.00595238095238 
2564.0 95.0042372881356 
1447.0 463.0263157894737 
1486.0 95.01515151515152 
1499.0 95.01388888888889 
1895.0 95.00625 
1892.0 95.00632911392405 
