1441.0 465.03846153846155 
4094.0 95.00273224043715 
1454.0 109.0204081632653 
1446.0 464.0285714285714 
3750.0 95.0028409090909 
4033.0 95.0028328611898 
3453.0 95.003003003003 
3663.0 95.00298507462686 
2524.0 95.00413223140495 
2688.0 95.00411522633745 
3038.0 95.00371747211896 
2878.0 95.00373134328358 
3152.0 95.003367003367 
3258.0 95.00334448160535 
2751.0 95.00384615384615 
3667.0 95.00296735905044 
2835.0 95.00380228136882 
3749.0 95.0028901734104 
2356.0 95.00454545454545 
2419.0 95.00452488687783 
1687.0 95.00990099009901 
1747.0 95.00980392156863 
3132.0 95.00348432055749 
3077.0 95.00355871886121 
1571.0 95.01282051282051 
2169.0 95.00568181818181 
2115.0 95.00571428571429 
1457.0 103.01960784313725 
1521.0 95.01298701298701 
2445.0 95.00431034482759 
3373.0 95.00307692307692 
3423.0 95.00306748466258 
2495.0 95.00429184549357 
1982.0 95.00694444444444 
2031.0 95.00675675675676 
1463.0 97.01785714285714 
1462.0 103.01818181818182 
2840.0 95.00375939849624 
1599.0 95.01176470588236 
1637.0 95.01162790697674 
4057.0 95.0027397260274 
1948.0 95.00735294117646 
2234.0 95.00507614213198 
2267.0 95.00502512562814 
2079.0 95.00578034682081 
2106.0 95.00574712643679 
1772.0 95.00970873786407 
2333.0 95.00467289719626 
2308.0 95.00469483568075 
1831.0 95.00847457627118 
1854.0 95.00833333333334 
1926.0 95.00746268656717 
1679.0 95.01075268817205 
1658.0 95.01086956521739 
1800.0 95.00943396226415 
1779.0 95.00961538461539 
3071.0 95.00357142857143 
1473.0 97.01612903225806 
1479.0 95.01818181818182 
1811.0 95.00909090909092 
2287.0 95.0049504950495 
1899.0 95.00763358778626 
1918.0 95.00751879699249 
2509.0 95.0042372881356 
3361.0 95.0031055900621 
3438.0 95.0030395136778 
3293.0 95.00325732899023 
2514.0 95.00420168067227 
2348.0 95.00462962962963 
4037.0 95.00278551532034 
3440.0 95.0030303030303 
4052.0 95.00277008310249 
3283.0 95.0032894736842 
3308.0 95.00324675324676 
3056.0 95.00359712230215 
3268.0 95.00333333333333 
1511.0 95.01369863013699 
1590.0 95.01219512195122 
2497.0 95.0042735042735 
3145.0 95.00346020761246 
2197.0 95.0054347826087 
3346.0 95.00313479623824 
2184.0 95.00549450549451 
3343.0 95.0031545741325 
3330.0 95.00316455696202 
1883.0 95.008 
1871.0 95.00819672131148 
2739.0 95.00389105058366 
2699.0 95.00408163265305 
2711.0 95.0040650406504 
3047.0 95.00361010830325 
2720.0 95.00404858299595 
2298.0 95.00471698113208 
1444.0 464.02941176470586 
1467.0 97.01694915254237 
1575.0 95.0125 
1585.0 95.01234567901234 
2224.0 95.00520833333333 
1861.0 95.00826446280992 
2729.0 95.00395256916995 
2214.0 95.005291005291 
3291.0 95.00326797385621 
2429.0 95.00446428571429 
2435.0 95.00444444444445 
3356.0 95.00311526479751 
1443.0 465.030303030303 
1891.0 95.00787401574803 
2053.0 95.00613496932516 
2061.0 95.00595238095238 
2044.0 95.00621118012423 
2175.0 95.00552486187846 
1646.0 95.01136363636364 
2070.0 95.00588235294117 
2722.0 95.00401606425703 
1493.0 95.01538461538462 
1499.0 95.01492537313433 
1507.0 95.01408450704226 
1485.0 95.01785714285714 
2204.0 95.00537634408602 
2212.0 95.00534759358288 
3316.0 95.00319488817891 
1892.0 95.00769230769231 
2038.0 95.00636942675159 
1651.0 95.01123595505618 
3045.0 95.00367647058823 
3315.0 95.00322580645161 
3323.0 95.0031746031746 
1681.0 95.01010101010101 
