1433.0 465.03333333333336 
4536.0 94.0026525198939 
1452.0 109.02127659574468 
1448.0 464.025 
4002.0 95.00287356321839 
3697.0 95.00291545189505 
4268.0 94.00266666666667 
3304.0 95.00338983050847 
2424.0 95.005291005291 
2569.0 95.00526315789473 
3419.0 95.00337837837837 
2244.0 95.00568181818181 
2353.0 95.00564971751412 
2993.0 95.00373134328358 
2893.0 95.00374531835206 
2112.0 95.00636942675159 
2209.0 95.00621118012423 
2782.0 95.00390625 
2878.0 95.00383141762453 
4007.0 95.002849002849 
4095.0 95.0028328611898 
1729.0 95.00970873786407 
1813.0 95.0091743119266 
3222.0 95.00342465753425 
3071.0 95.00361010830325 
2109.0 95.00680272108843 
2032.0 95.0068493150685 
1547.0 95.01333333333334 
1618.0 95.01298701298701 
1915.0 95.00751879699249 
1985.0 95.00729927007299 
4243.0 95.00272479564033 
4175.0 95.00273224043715 
1476.0 95.01470588235294 
1541.0 95.01449275362319 
2645.0 95.00444444444445 
2368.0 95.00555555555556 
3152.0 95.00357142857143 
2700.0 95.00429184549357 
3097.0 95.00358422939068 
2422.0 95.00552486187846 
1456.0 103.02 
3667.0 95.00302114803625 
3467.0 95.00331125827815 
3593.0 95.0030959752322 
3556.0 95.0031746031746 
3631.0 95.0030303030303 
1462.0 97.01923076923077 
1662.0 95.01204819277109 
1697.0 95.01162790697674 
3502.0 95.00327868852459 
1457.0 101.01923076923077 
4266.0 95.00266666666667 
4104.0 95.00281690140845 
4134.0 95.00277008310249 
3193.0 95.00348432055749 
3619.0 95.00306748466258 
3168.0 95.0034965034965 
1464.0 95.01851851851852 
1628.0 95.0126582278481 
1652.0 95.0125 
1891.0 95.00806451612904 
3526.0 95.00320512820512 
4244.0 95.00268817204301 
1851.0 95.00884955752213 
1830.0 95.00892857142857 
2763.0 95.00396825396825 
1869.0 95.00840336134453 
1872.0 95.00819672131148 
1889.0 95.00813008130082 
4158.0 95.0027397260274 
2022.0 95.00704225352112 
2006.0 95.00714285714285 
3197.0 95.00347222222223 
3448.0 95.00334448160535 
3542.0 95.00319488817891 
4142.0 95.00275482093664 
3432.0 95.00335570469798 
2598.0 95.00487804878048 
2366.0 95.00558659217877 
2715.0 95.0042735042735 
2721.0 95.0042372881356 
2736.0 95.00418410041841 
2613.0 95.0048309178744 
3463.0 95.00332225913621 
1437.0 465.03225806451616 
3683.0 95.00293255131965 
2004.0 95.00719424460432 
3670.0 95.00294117647059 
3155.0 95.00350877192983 
3212.0 95.00343642611683 
2617.0 95.0048076923077 
2630.0 95.00462962962963 
3084.0 95.00359712230215 
2634.0 95.00460829493088 
3209.0 95.00344827586207 
1439.0 464.03225806451616 
2229.0 95.0059880239521 
2221.0 95.0060606060606 
1993.0 95.0072463768116 
1823.0 95.009009009009 
2584.0 95.00518134715026 
2886.0 95.00377358490566 
2574.0 95.00523560209425 
3429.0 95.003367003367 
1720.0 95.00990099009901 
2745.0 95.00414937759336 
2218.0 95.0060975609756 
2642.0 95.00456621004567 
2590.0 95.00507614213198 
1442.0 464.02777777777777 
2752.0 95.00401606425703 
1820.0 95.00909090909092 
2237.0 95.00578034682081 
2759.0 95.004 
2888.0 95.00375939849624 
1470.0 95.01612903225806 
1703.0 95.01136363636364 
1708.0 95.01020408163265 
1714.0 95.01010101010101 
1656.0 95.01234567901234 
3620.0 95.00305810397553 
3625.0 95.0030395136778 
1623.0 95.01282051282051 
2232.0 95.00584795321637 
1446.0 464.02702702702703 
1545.0 95.01408450704226 
