1431.0 465.02777777777777 
3040.0 94.00348432055749 
1440.0 464.0243902439024 
1452.0 109.01923076923077 
2871.0 94.00353356890459 
2763.0 94.00387596899225 
2595.0 94.00404858299595 
3038.0 94.0034965034965 
2366.0 94.0042735042735 
2508.0 94.0042194092827 
2207.0 94.00555555555556 
2286.0 94.00534759358288 
1908.0 94.00813008130082 
1834.0 95.00751879699249 
2203.0 94.00571428571429 
2134.0 94.0059880239521 
2087.0 94.0068493150685 
2019.0 94.00689655172414 
1625.0 95.01075268817205 
1681.0 95.01041666666667 
1544.0 95.01388888888889 
1497.0 95.01408450704226 
2567.0 94.00414937759336 
2523.0 94.00416666666666 
1948.0 94.0078125 
1590.0 95.01162790697674 
1555.0 95.01190476190476 
1967.0 94.00729927007299 
2768.0 94.00378787878788 
2001.0 94.00714285714285 
2802.0 94.0036496350365 
1730.0 95.0091743119266 
1759.0 95.00833333333334 
1454.0 103.01960784313725 
2568.0 94.00409836065573 
1615.0 95.01123595505618 
1465.0 97.01724137931035 
1781.0 95.00813008130082 
1805.0 95.0078125 
1482.0 95.01428571428572 
1688.0 95.00980392156863 
1711.0 95.00952380952381 
1761.0 95.00826446280992 
1456.0 101.01886792452831 
2329.0 94.005 
2311.0 94.00502512562814 
2820.0 94.0036231884058 
2837.0 94.00361010830325 
1715.0 95.00943396226415 
2300.0 94.005291005291 
1480.0 97.01470588235294 
2007.0 94.00709219858156 
2106.0 94.00617283950618 
2118.0 94.00613496932516 
2511.0 94.00418410041841 
1814.0 95.00763358778626 
1825.0 95.00757575757575 
2848.0 94.00359712230215 
2860.0 94.00355871886121 
2339.0 94.00460829493088 
2349.0 94.00448430493273 
2359.0 94.00434782608696 
2310.0 94.0050505050505 
2849.0 94.00358422939068 
2859.0 94.00357142857143 
1434.0 465.02702702702703 
2330.0 94.00490196078431 
1436.0 464.02702702702703 
2126.0 94.00602409638554 
1956.0 94.00746268656717 
1472.0 97.01694915254237 
1811.0 95.0077519379845 
1962.0 94.00740740740741 
2124.0 94.0060975609756 
1686.0 95.01030927835052 
1476.0 97.015625 
1548.0 95.01282051282051 
2099.0 94.00625 
2091.0 94.00662251655629 
1619.0 95.0111111111111 
1621.0 95.01098901098901 
2095.0 94.00657894736842 
2103.0 94.00621118012423 
1549.0 95.0125 
1552.0 95.01234567901234 
2097.0 94.00649350649351 
1553.0 95.01219512195122 
