1445.0 470.02777777777777 
4258.0 100.00251889168766 
1452.0 469.0243902439024 
1454.0 114.02127659574468 
4041.0 100.00253164556962 
2914.0 100.00358422939068 
3063.0 100.00353356890459 
2680.0 100.00395256916995 
2815.0 100.00393700787401 
2122.0 100.00492610837438 
2255.0 100.00485436893204 
3459.0 100.0028901734104 
3567.0 100.0028818443804 
1946.0 100.00645161290322 
3900.0 100.00271739130434 
3807.0 100.00272479564033 
3319.0 100.00301204819277 
3402.0 100.00299401197604 
2606.0 100.00411522633745 
2443.0 100.00444444444445 
2364.0 100.00452488687783 
1638.0 100.01041666666667 
1712.0 100.01 
1743.0 100.0079365079365 
1815.0 100.00769230769231 
3069.0 100.00352112676056 
3140.0 100.00350877192983 
2298.0 100.0045871559633 
3635.0 100.0028653295129 
3975.0 100.00254452926208 
2913.0 100.00373134328358 
2855.0 100.00374531835206 
1460.0 108.02 
2500.0 100.00420168067227 
2555.0 100.00416666666666 
2000.0 100.00641025641026 
3746.0 100.00274725274726 
3800.0 100.00273224043715 
1570.0 100.01136363636364 
1623.0 100.01086956521739 
3287.0 100.00311526479751 
3234.0 100.003125 
1458.0 114.01851851851852 
2598.0 100.00414937759336 
1906.0 100.00657894736842 
1476.0 106.01694915254237 
1478.0 102.01923076923077 
1521.0 100.015625 
1489.0 100.01587301587301 
3318.0 100.0030487804878 
2047.0 100.00552486187846 
2074.0 100.00537634408602 
2491.0 100.00425531914894 
2466.0 100.00431034482759 
1544.0 100.01369863013699 
3415.0 100.00295857988165 
3668.0 100.00282485875707 
3438.0 100.00294985250737 
3691.0 100.00280898876404 
3646.0 100.002849002849 
3705.0 100.00279329608938 
3727.0 100.00277777777778 
2262.0 100.00478468899522 
1480.0 100.01818181818182 
2091.0 100.00518134715026 
3204.0 100.00320512820512 
3224.0 100.0031545741325 
2111.0 100.00515463917526 
1473.0 106.01724137931035 
1472.0 108.01612903225806 
1852.0 100.00751879699249 
3933.0 100.00268096514745 
1833.0 100.00757575757575 
3934.0 100.00257069408741 
3953.0 100.00256410256411 
3167.0 100.00332225913621 
3915.0 100.00269541778975 
3182.0 100.00327868852459 
2276.0 100.00471698113208 
3967.0 100.00255754475704 
1730.0 100.00925925925925 
1717.0 100.00980392156863 
3446.0 100.00293255131965 
1887.0 100.00671140939598 
1861.0 100.00689655172414 
1873.0 100.0068493150685 
1899.0 100.00662251655629 
2843.0 100.00381679389314 
3192.0 100.0032362459547 
2119.0 100.0051282051282 
3164.0 100.00337837837837 
3156.0 100.00344827586207 
2826.0 100.00392156862745 
1633.0 100.01075268817205 
3153.0 100.00348432055749 
2840.0 100.00384615384615 
3190.0 100.00324675324676 
2456.0 100.00432900432901 
2285.0 100.00469483568075 
2295.0 100.00460829493088 
3736.0 100.00276243093923 
1858.0 100.00694444444444 
2040.0 100.00568181818181 
2082.0 100.00523560209425 
2031.0 100.00574712643679 
1446.0 469.03125 
1468.0 108.01818181818182 
1552.0 100.01219512195122 
2007.0 100.00602409638554 
2015.0 100.00584795321637 
1560.0 100.01176470588236 
2448.0 100.00436681222708 
2023.0 100.00578034682081 
1880.0 100.00680272108843 
2833.0 100.003861003861 
3146.0 100.0034965034965 
1447.0 469.02702702702703 
1483.0 100.01639344262296 
1737.0 100.00854700854701 
1731.0 100.00892857142857 
1566.0 100.01162790697674 
