1429.0 469.0238095238095 
3900.0 100.00263852242745 
1444.0 469.0204081632653 
1454.0 114.01818181818182 
3527.0 100.00271739130434 
3838.0 100.00271002710028 
3247.0 100.00295857988165 
3433.0 100.00291545189505 
3228.0 100.00308641975309 
3062.0 100.0030959752322 
2065.0 100.00507614213198 
2215.0 100.00502512562814 
3036.0 100.00313479623824 
2919.0 100.0031847133758 
2446.0 100.00408163265305 
1811.0 100.00719424460432 
1729.0 100.00735294117646 
1835.0 100.00645161290322 
1914.0 100.00632911392405 
2709.0 100.00335570469798 
2781.0 100.00334448160535 
2306.0 100.0049504950495 
2249.0 100.0049751243781 
1600.0 100.01 
1509.0 100.01190476190476 
1653.0 100.00961538461539 
2530.0 100.00371747211896 
2583.0 100.0037037037037 
1560.0 100.01149425287356 
2043.0 100.00546448087432 
1991.0 100.00549450549451 
2319.0 100.0046511627907 
2370.0 100.00456621004567 
2404.0 100.00411522633745 
2854.0 100.0032362459547 
2899.0 100.0032154340836 
2489.0 100.00401606425703 
1456.0 108.01724137931035 
2668.0 100.00359712230215 
2631.0 100.00363636363636 
3867.0 100.0026525198939 
3475.0 100.00280898876404 
2812.0 100.00333333333333 
3506.0 100.00279329608938 
2609.0 100.00367647058823 
2241.0 100.005 
1462.0 106.01492537313433 
1466.0 103.01818181818182 
1684.0 100.009009009009 
1594.0 100.01063829787235 
1574.0 100.01086956521739 
1951.0 100.00574712643679 
1972.0 100.00564971751412 
1664.0 100.0091743119266 
1952.0 100.00571428571429 
2689.0 100.003367003367 
1932.0 100.00581395348837 
1469.0 101.01851851851852 
2901.0 100.00320512820512 
1458.0 106.01666666666667 
1477.0 100.01449275362319 
1494.0 100.01388888888889 
2048.0 100.00520833333333 
3511.0 100.00278551532034 
3473.0 100.00282485875707 
2508.0 100.00398406374502 
3459.0 100.0028328611898 
1561.0 100.01098901098901 
2521.0 100.00380228136882 
2828.0 100.00331125827815 
3441.0 100.0028653295129 
3453.0 100.002849002849 
3850.0 100.00268096514745 
2816.0 100.00332225913621 
1434.0 469.02127659574467 
2381.0 100.00444444444445 
3240.0 100.00306748466258 
3229.0 100.00307692307692 
1471.0 101.01694915254237 
1473.0 100.01666666666667 
2316.0 100.00487804878048 
2836.0 100.00325732899023 
2674.0 100.00347222222223 
2684.0 100.00338983050847 
2498.0 100.004 
3857.0 100.00266666666667 
2846.0 100.00324675324676 
1712.0 100.00757575757575 
2518.0 100.00389105058366 
1721.0 100.00751879699249 
1982.0 100.00552486187846 
1922.0 100.00621118012423 
1706.0 100.0077519379845 
1722.0 100.00746268656717 
1692.0 100.00877192982456 
1506.0 100.01204819277109 
1814.0 100.00680272108843 
1828.0 100.00662251655629 
2400.0 100.00413223140495 
1821.0 100.00675675675676 
1502.0 100.01234567901234 
1500.0 100.01298701298701 
1599.0 100.01041666666667 
1440.0 469.0208333333333 
2397.0 100.0042735042735 
1659.0 100.00925925925925 
1978.0 100.00555555555556 
2387.0 100.00431034482759 
2391.0 100.00429184549357 
2512.0 100.00396825396825 
1927.0 100.00591715976331 
3242.0 100.0030487804878 
1700.0 100.00847457627118 
1696.0 100.00869565217391 
1704.0 100.0078125 
2672.0 100.00352112676056 
