1850.0 95.00657894736842 
1728.0 95.0077519379845 
1530.0 95.01282051282051 
1822.0 95.00666666666666 
1664.0 95.00869565217391 
1643.0 95.00925925925925 
1627.0 95.00934579439253 
1617.0 95.00943396226415 
1598.0 95.01086956521739 
1609.0 95.01010101010101 
1808.0 95.00704225352112 
1815.0 95.00671140939598 
1658.0 95.00877192982456 
1649.0 95.009009009009 
1614.0 95.00970873786407 
1653.0 95.00892857142857 
3414.0 92.0030395136778 
3352.0 92.00331125827815 
3170.0 92.00334448160535 
3005.0 92.00337837837837 
2450.0 93.00490196078431 
2540.0 93.00485436893204 
2682.0 93.00444444444445 
2623.0 93.00469483568075 
2947.0 92.00338983050847 
2597.0 93.0048309178744 
2852.0 92.00359712230215 
2908.0 92.00352112676056 
2722.0 93.00413223140495 
2827.0 92.0037037037037 
2793.0 92.00378787878788 
2919.0 92.00348432055749 
3385.0 92.0031746031746 
3367.0 92.00320512820512 
2739.0 93.00403225806451 
2771.0 93.00381679389314 
2400.0 93.00617283950618 
2415.0 93.00540540540541 
2397.0 93.00662251655629 
2436.0 93.00510204081633 
2422.0 93.00520833333333 
2840.0 92.0036496350365 
3401.0 92.00314465408805 
3388.0 92.0031545741325 
3413.0 92.00311526479751 
2601.0 93.0048076923077 
2612.0 93.00478468899522 
2772.0 92.0046511627907 
2780.0 92.00392156862745 
2762.0 93.00384615384615 
2789.0 92.00381679389314 
3359.0 92.0032154340836 
2912.0 92.0034965034965 
2616.0 93.0047619047619 
2750.0 93.00395256916995 
2776.0 92.00395256916995 
2752.0 93.00392156862745 
2743.0 93.00401606425703 
2747.0 93.00398406374502 
2758.0 93.00387596899225 
2754.0 93.00390625 
3865.0 87.0031055900621 
1475.0 95.015625 
1521.0 95.01298701298701 
1463.0 97.01785714285714 
1450.0 463.02564102564105 
1763.0 95.0072463768116 
1683.0 95.00787401574803 
1722.0 95.0078125 
1904.0 95.0060975609756 
1504.0 95.01315789473684 
1891.0 95.00641025641026 
1445.0 463.02702702702703 
1898.0 95.00613496932516 
1500.0 95.01351351351352 
1675.0 95.00826446280992 
1682.0 95.00806451612904 
1677.0 95.00819672131148 
1496.0 95.01408450704226 
1447.0 463.0263157894737 
1499.0 95.01388888888889 
1895.0 95.00625 
1892.0 95.00632911392405 
1429.0 469.0238095238095 
1462.0 97.01886792452831 
1431.0 465.02777777777777 
1440.0 464.0243902439024 
1452.0 109.01923076923077 
2366.0 94.0042735042735 
2207.0 94.00555555555556 
2286.0 94.00534759358288 
1908.0 94.00813008130082 
2203.0 94.00571428571429 
2134.0 94.0059880239521 
2087.0 94.0068493150685 
2019.0 94.00689655172414 
1948.0 94.0078125 
1590.0 95.01162790697674 
1555.0 95.01190476190476 
1967.0 94.00729927007299 
2001.0 94.00714285714285 
1454.0 103.01960784313725 
1482.0 95.01428571428572 
1456.0 101.01886792452831 
2329.0 94.005 
2311.0 94.00502512562814 
2300.0 94.005291005291 
2007.0 94.00709219858156 
2106.0 94.00617283950618 
2118.0 94.00613496932516 
2339.0 94.00460829493088 
2349.0 94.00448430493273 
2359.0 94.00434782608696 
2310.0 94.0050505050505 
1434.0 465.02702702702703 
2330.0 94.00490196078431 
1436.0 464.02702702702703 
2126.0 94.00602409638554 
1956.0 94.00746268656717 
1962.0 94.00740740740741 
2124.0 94.0060975609756 
2099.0 94.00625 
2091.0 94.00662251655629 
2095.0 94.00657894736842 
2103.0 94.00621118012423 
1549.0 95.0125 
1552.0 95.01234567901234 
2097.0 94.00649350649351 
1553.0 95.01219512195122 
1476.0 95.01470588235294 
1464.0 95.01851851851852 
1470.0 95.01612903225806 
