1431.0 466.03333333333336 
3414.0 92.0030395136778 
1438.0 465.0263157894737 
1453.0 110.02127659574468 
3352.0 92.00331125827815 
3170.0 92.00334448160535 
3005.0 92.00337837837837 
2218.0 96.00518134715026 
2314.0 96.00515463917526 
1892.0 97.00709219858156 
1800.0 97.00714285714285 
2450.0 93.00490196078431 
2540.0 93.00485436893204 
1957.0 97.0059880239521 
2045.0 97.00595238095238 
1700.0 97.00869565217391 
1767.0 97.00862068965517 
1651.0 97.01052631578948 
2682.0 93.00444444444445 
1592.0 97.01063829787235 
2623.0 93.00469483568075 
2947.0 92.00338983050847 
2597.0 93.0048309178744 
2852.0 92.00359712230215 
2908.0 92.00352112676056 
1535.0 97.01492537313433 
1493.0 97.015625 
2722.0 93.00413223140495 
2091.0 97.00564971751412 
1455.0 104.02 
1459.0 104.01886792452831 
1463.0 98.01960784313725 
2827.0 92.0037037037037 
2793.0 92.00378787878788 
2327.0 96.0049751243781 
2357.0 95.00699300699301 
1660.0 97.00934579439253 
1688.0 97.00925925925925 
2919.0 92.00348432055749 
2192.0 96.00555555555556 
2167.0 97.00523560209425 
1570.0 97.01075268817205 
1903.0 97.00675675675676 
2131.0 97.00549450549451 
2110.0 97.00558659217877 
3385.0 92.0031746031746 
2395.0 95.00571428571429 
2074.0 97.00571428571429 
2375.0 95.00584795321637 
1938.0 97.00602409638554 
2164.0 97.005291005291 
2146.0 97.00531914893617 
3367.0 92.00320512820512 
2739.0 93.00403225806451 
2771.0 93.00381679389314 
2400.0 93.00617283950618 
2415.0 93.00540540540541 
2397.0 93.00662251655629 
2436.0 93.00510204081633 
2422.0 93.00520833333333 
2145.0 97.00534759358288 
1787.0 97.0078125 
2840.0 92.0036496350365 
3401.0 92.00314465408805 
3388.0 92.0031545741325 
2396.0 95.0054347826087 
3413.0 92.00311526479751 
1915.0 97.00649350649351 
1467.0 98.01785714285714 
1469.0 97.01923076923077 
1893.0 97.00694444444444 
1776.0 97.00854700854701 
2051.0 97.00588235294117 
2062.0 97.00578034682081 
2601.0 93.0048076923077 
2612.0 93.00478468899522 
1435.0 466.030303030303 
2366.0 95.00694444444444 
1928.0 97.00613496932516 
2202.0 96.00537634408602 
2772.0 92.0046511627907 
1924.0 97.00645161290322 
2071.0 97.00574712643679 
2780.0 92.00392156862745 
2762.0 93.00384615384615 
2789.0 92.00381679389314 
1554.0 97.01282051282051 
1562.0 97.01149425287356 
1546.0 97.01315789473684 
3359.0 92.0032154340836 
1436.0 465.03225806451616 
1694.0 97.00884955752213 
2320.0 96.00502512562814 
2912.0 92.0034965034965 
2616.0 93.0047619047619 
1475.0 97.01851851851852 
1789.0 97.00769230769231 
1794.0 97.00719424460432 
1699.0 97.00877192982456 
2049.0 97.00591715976331 
2206.0 96.00531914893617 
2212.0 96.005291005291 
1541.0 97.01351351351352 
1480.0 97.01785714285714 
1655.0 97.01010101010101 
1485.0 97.01724137931035 
1536.0 97.01470588235294 
2750.0 93.00395256916995 
1489.0 97.01666666666667 
2371.0 95.00588235294117 
1558.0 97.01204819277109 
2776.0 92.00395256916995 
2367.0 95.00666666666666 
1793.0 97.00735294117646 
1692.0 97.00892857142857 
2216.0 96.00523560209425 
2752.0 93.00392156862745 
2743.0 93.00401606425703 
2747.0 93.00398406374502 
2758.0 93.00387596899225 
2754.0 93.00390625 
1492.0 97.01612903225806 
1488.0 97.01694915254237 
