MSI    MAC     Extensibility       Elegance
1345.0  101.78853383458647  3.0  0.760297549692404
1223.0  101.98188986901897  3.0  0.7588565110149554
1036.0  101.72980164489599  3.0  0.7625813065868349
1318.0  101.43324009324009  3.0  0.760297549692404
1161.0  101.50049893086243  3.0  0.7597223316712944
1142.0  102.57915173237753  3.0  0.760145020263411
1129.0  101.25444383360822  3.0  0.7802034235148071
1119.0  101.94991015274034  3.0  0.7802034235148071
1102.0  100.75  3.0  0.7643367285727003
1111.0  102.88351873162  3.0  0.7690373113572084
1304.0  102.05746242158835  3.0  0.758833328934458
1311.0  101.7188326215172  3.0  0.760297549692404
1155.0  101.81234335839599  3.0  0.7597223316712944
1148.0  101.78173628173629  3.0  0.760145020263411
1116.0  102.33555143449328  3.0  0.7728696559689684
1154.0  101.8377574002574  3.0  0.759227557056484
2876.0  99.60921711985542  3.0  0.7116360626249094
2814.0  99.35306495285943  3.0  0.7095953805811145
2636.0  100.39917781493868  3.0  0.7095953805811145
2478.0  100.54419470490899  3.0  0.7095953805811145
1937.0  100.5895173453997  3.0  0.7124264171863507
2025.0  100.35737235454356  3.0  0.7133269540436837
2164.0  100.62860551826995  3.0  0.7133269540436837
2106.0  100.37892796451511  3.0  0.7147372759930322
2422.0  100.32276155825716  3.0  0.7095953805811145
2082.0  101.2092104799182  3.0  0.7133269540436837
2331.0  99.29088993998171  3.0  0.7095953805811145
2383.0  100.6837536849001  3.0  0.7095953805811145
2201.0  101.17679410190854  3.0  0.7131517872768744
2306.0  99.79382716049383  3.0  0.7121140053489265
2274.0  99.73503787878788  3.0  0.7547404298420332
2394.0  100.63114389502557  3.0  0.7095953805811145
2847.0  98.9941655941656  3.0  0.7095953805811145
2829.0  98.9806826056826  3.0  0.7437769885717616
2218.0  101.24688940092166  3.0  0.7115895674500603
2250.0  100.19810250817885  3.0  0.7136393408756514
1889.0  101.89506172839506  3.0  0.718064536499233
1902.0  102.0896159317212  3.0  0.7135353979940933
1886.0  102.00662251655629  3.0  0.718064536499233
1923.0  101.23317221625493  3.0  0.7124264171863507
1909.0  102.08684098639455  3.0  0.7124264171863507
2319.0  99.33884516576275  3.0  0.7121140053489265
2863.0  98.69481132075471  3.0  0.7095953805811145
2850.0  99.00763887906523  3.0  0.7095953805811145
2875.0  98.76245136438257  3.0  0.7095953805811145
2084.0  101.20918725435149  3.0  0.7147372759930322
2095.0  100.75811802232855  3.0  0.7147372759930322
2251.0  101.14286254490452  3.0  0.7120503832021302
2261.0  100.29762786233374  3.0  0.7547404298420332
2241.0  100.62648766328012  3.0  0.7136393408756514
2270.0  99.73506679389314  3.0  0.7547404298420332
2821.0  98.91724258340487  3.0  0.7118318841024066
2387.0  100.62381735911148  3.0  0.7095953805811145
2099.0  100.73323872595397  3.0  0.7147372759930322
2229.0  100.67911180483874  3.0  0.715028552934899
2257.0  100.29765886287625  3.0  0.7571329540811922
2231.0  100.67908080429623  3.0  0.7115895674500603
2222.0  101.21678202170384  3.0  0.7136393408756514
2226.0  101.21675002119183  3.0  0.7136393408756514
2237.0  100.62651747842621  3.0  0.7136393408756514
2233.0  100.64947587025317  3.0  0.7136393408756514
3320.0  92.44868382135462  3.0  0.7305528344617718
979.0  102.43025914634146  3.0  0.7618117116010406
1025.0  100.25914085914086  3.0  0.7621049128017745
971.0  108.44209956709956  3.0  0.7549168321183157
993.0  470.0478632478633  3.0  0.7097181294480444
1264.0  99.9697463768116  3.0  0.7643168940122755
1187.0  100.72429192619579  3.0  0.7608606473719304
1224.0  102.02114583333334  3.0  0.7638062666482318
1403.0  99.8122200099552  3.0  0.7491871929382725
1006.0  99.73146775389176  3.0  0.7760496841944136
1394.0  100.32824933687003  3.0  0.74822617906086
990.0  470.82702702702704  3.0  0.7113455545814255
1399.0  99.81225741830475  3.0  0.7486112043632713
1002.0  100.13851351351352  3.0  0.7760496841944136
1179.0  100.59917355371901  3.0  0.7595740121383303
1186.0  100.00806451612904  3.0  0.7595740121383303
1179.0  100.76577247888723  3.0  0.7598254566885512
998.0  101.64566345441068  3.0  0.7760496841944136
992.0  470.159649122807  3.0  0.7113455545814255
1001.0  102.64850427350427  3.0  0.7752929690256005
1398.0  101.40811915887849  3.0  0.760459152611662
1395.0  99.82924578059072  3.0  0.7495551445197274
976.0  479.4038095238095  3.0  0.716823051970248
968.0  105.63177115033476  3.0  0.7683183372818512
976.0  473.5142642642643  3.0  0.7098771597468367
983.0  472.54711751662967  3.0  0.7157311238494408
961.0  118.4478021978022  3.0  0.7618210925134602
1860.0  101.02326084604564  3.0  0.725731181656595
1703.0  98.45355555555557  3.0  0.7285372531704102
1779.0  100.47308952906675  3.0  0.7265162383253547
1404.0  100.14659161976236  3.0  0.7224056678262136
1699.0  98.47345622119816  3.0  0.7285372531704102
1629.0  98.6309880239521  3.0  0.7291753243446567
1584.0  99.66538590043434  3.0  0.7258693833574024
1514.0  103.13347883020515  3.0  0.7277881523422042
1445.0  100.26538825757575  3.0  0.7258693833574024
1096.0  101.38476223533495  3.0  0.7637184925508984
1063.0  101.20887445887446  3.0  0.7756315426040947
1464.0  99.56426129538944  3.0  0.7258693833574024
1493.0  102.15487012987013  3.0  0.7243705615856566
965.0  110.92283364958887  3.0  0.7527804705969179
984.0  100.86334231805931  3.0  0.7686780808427807
967.0  108.92209373097992  3.0  0.7494606383672294
1823.0  102.12568965517241  3.0  0.7148794702878674
1806.0  102.05674926355917  3.0  0.7258433465865772
1794.0  103.775291005291  3.0  0.7148794702878674
1497.0  102.15481947130884  3.0  0.7250234941593542
1603.0  99.09895634466082  3.0  0.7285372531704102
1615.0  99.1489921121823  3.0  0.7285372531704102
1833.0  102.94860829493088  3.0  0.725731181656595
1843.0  101.38746302833698  3.0  0.725731181656595
1853.0  100.94065355857103  3.0  0.725731181656595
1804.0  102.02244180939833  3.0  0.7148794702878674
979.0  472.4688874921433  3.0  0.7098771597468367
1822.0  104.84361163820367  3.0  0.7171315923058936
981.0  472.51351351351354  3.0  0.7098771597468367
1621.0  99.11713520749666  3.0  0.7291753243446567
1453.0  99.45618063528512  3.0  0.7258693833574024
1457.0  99.45612535612537  3.0  0.7265162383253547
1619.0  99.14895470383274  3.0  0.7291753243446567
1596.0  98.99583333333332  3.0  0.7258693833574024
1588.0  99.63312854065268  3.0  0.7258693833574024
1592.0  99.04913213885779  3.0  0.7258693833574024
1600.0  98.96497406672216  3.0  0.7258693833574024
1057.0  101.72436440677966  3.0  0.7747495975480674
1060.0  101.38157644824311  3.0  0.7732992744926449
1594.0  99.01701982228299  3.0  0.7258693833574024
1061.0  101.25834896810507  3.0  0.7747495975480674
982.0  103.75980392156863  3.0  0.7631682007838592
970.0  103.70817369093231  3.0  0.7621147651892317
976.0  102.29519879969992  3.0  0.768713671911206
