0.027961043041156142 0.9569330771362441 
0.9076343072573044 0.020249118763639287 
0.03078856424756519 0.954391094444903 
0.032359409362236885 0.0582681623357244 
0.7106503298774741 0.020249767307269913 
0.8253220232485077 0.020249686387453076 
0.6336789192585611 0.02024995278735277 
0.7097078228086711 0.020249783738947022 
0.5243480992774112 0.020250579380526622 
0.5868677348413447 0.02025053805123499 
0.3795161797046811 0.020252497823351114 
0.4203581526861451 0.020252431839656835 
0.8312912346842601 0.02024950023240119 
0.8652214891611687 0.02024944057884994 
0.6189129751806471 0.020250280481185445 
0.3744894753377317 0.020253175889252163 
0.34307257304429783 0.020253492348670778 
0.3012880929940308 0.020253658328406643 
0.3314483191957273 0.020253574666555973 
0.5918944392082941 0.02025031890323703 
0.4979579013509268 0.020251465634693166 
0.4690543512409676 0.020251491891289435 
0.8796732642161483 0.020249254423447063 
0.18316054037071944 0.020259763742100652 
0.1561420043983663 0.02025998002699871 
0.2387684574300974 0.020256241388046416 
0.21551994973295632 0.020256307620344863 
0.117813383600377 0.02026294933362253 
0.13792020106817468 0.020262217123033926 
0.03267357838517122 0.043077573305314 
0.24222431668237512 0.020255983082082433 
0.2566760917373547 0.020255920111971814 
0.27521206409048066 0.020254380231537427 
0.28934967012252594 0.020254284524682975 
0.43229657555765 0.020252270960684934 
0.46434181589695256 0.020251544915974137 
0.45271756204838204 0.02025165305842315 
0.03581526861451461 0.038006020277014996 
0.20515237197612315 0.020256374535450535 
0.44234998429154887 0.020251680540167627 
0.036443606660383286 0.027879711404854086 
0.8790449261702796 0.020249324664366495 
0.07508639648130694 0.020273107248047206 
0.05560791705937795 0.020275779916090742 
0.06440464970153943 0.020274577922526175 
0.06628966383914546 0.02027382486631708 
0.2981464027646874 0.020254097998132582 
0.14734527175620485 0.020260202079494034 
0.8705623625510525 0.020249367613587393 
0.043355325164938736 0.020281108156220223 
0.051523719761231546 0.02028055253759709 
0.10524662268300346 0.020265148490252488 
0.11310084825636192 0.020264961974009715 
0.19855482249450204 0.020256510456758883 
0.09770656613257933 0.020265338250256 
0.03707194470625196 0.022815553544020182 
0.033930254476908575 0.03801275048225784 
0.5026704366949418 0.020251115008145963 
0.5089538171536286 0.020251091115758565 
0.43355325164938735 0.020252177133368486 
0.4388941250392711 0.020251764084670828 
0.02827521206409048 0.9544016786892806 
0.09110901665095822 0.02026676496435653 
0.0860823122840088 0.020266984019258517 
0.03958529688972667 0.02028623114827072 
0.5196355639333962 0.020250837657939502 
0.6236255105246623 0.020250186248240497 
0.5149230285893811 0.02025095078396499 
0.038956958843858 0.02281195098456056 
0.08294062205466542 0.020267207207271817 
0.2632736412189758 0.020255674374954753 
0.2639019792648445 0.02025493800932912 
0.1950989632422243 0.020257311716626435 
0.1910147659440779 0.02025746798061279 
0.2598177819666981 0.0202557349057641 
0.2679861765629909 0.02025483244642472 
0.512095507382972 0.020250973819294645 
0.07697141061891298 0.020270841290358096 
0.0804272698711907 0.020268895771130085 
0.1875589066918002 0.020257791223830285 
0.5014137606032045 0.020251387868341155 
0.37794533459000945 0.020252736492996203 
0.2720703738611373 0.02025457674961191 
0.590009425070688 0.020250377339003527 
0.6267672007540056 0.020250040674587584 
0.6289663839145461 0.0202500229111359 
0.6317939051209551 0.0202499701802596 
0.18410304743952247 0.02025895200618692 
0.18661639962299717 0.020258393937746214 
0.19761231542569901 0.020256935758917308 
0.3006597549481621 0.020253917715148735 
0.25918944392082943 0.02025585776532763 
0.8300345585925227 0.020249607475572102 
0.827521206409048 0.020249623100909737 
0.1429469054351241 0.020261152839474113 
0.14514608859566447 0.020260315341169535 
0.14011938422871506 0.020261803450774364 
0.14074772227458374 0.020261669556854607 
0.511153000314169 0.020251067369501944 
0.44015080113100846 0.020251708203910417 
0.2698711907005969 0.020254780381462854 
0.04147031102733271 0.020281680611771314 
0.053408733898837574 0.020280013023861586 
0.11749921457744267 0.020263258361083555 
0.11592836946277098 0.020264598345704453 
0.09582155199497329 0.020265531339382394 
0.09299403078856425 0.020266131481261704 
0.11404335532516494 0.020264778619059173 
0.8272070373861137 0.020249670446857576 
0.08199811498586239 0.020267902773798717 
0.0942507068803016 0.02026592786169551 
0.05435124096764059 0.02027663396414976 
0.37888784165881245 0.020252531175109303 

0.024505183788878417 0.9594765298615265 
0.647502356267672 0.012656824969160742 
0.026704366949418787 0.9569273672149352 
0.031416902293433864 0.0582681623357244 
0.628023876845743 0.012657512863020014 
0.5708451146716934 0.01265759696449891 
0.5190072258875275 0.012657682770737486 
0.27175620483820295 0.02278784059094043 
0.30191643103989946 0.022787772982414002 
0.16933710336160854 0.02532407616424948 
0.14043355325164938 0.02532420440125286 
0.34464341815896954 0.015192938011837166 
0.37291863022306 0.015192817537896253 
0.18975808985234055 0.025321281058307287 
0.21740496387056235 0.02532119083167315 
0.10901665095821551 0.025328135144182938 
0.13006597549481622 0.025327945384179425 
0.09362236883443292 0.02533276928321629 
0.4175306314797361 0.015191779855684973 
0.07508639648130694 0.025333052754486957 
0.39899465912661014 0.015192413695671694 
0.5007854225573358 0.012657711760641826 
0.3908262645303173 0.015192758173925356 
0.47093936537857367 0.01265823649876643 
0.48853283066289666 0.012658044123770465 
0.05717876217404964 0.02534390505014716 
0.04398366321080741 0.025345676084508367 
0.43009739239710965 0.01519098952008168 
0.23185673892554196 0.025320424669915582 
0.03204524033930255 0.0430765400814581 
0.0333019164310399 0.043073674347367225 
0.03455859252277725 0.02788715669440397 
0.4630851398052152 0.012658506298760797 
0.4524033930254477 0.012658719379438134 
0.30600062833804587 0.02278731855893528 
0.31542569902607603 0.020261028176889344 
0.09644989004084198 0.025329780913185454 
0.10524662268300346 0.025329561858283466 
0.49198868991517436 0.012657950952605175 
0.26358781024191014 0.022788787861516457 
0.2557335846685517 0.025319376378784852 
0.06817467797675149 0.025333342321913966 
0.17279296261388627 0.025323227027335127 
0.24442349984291548 0.025320031766450198 
0.23782595036129436 0.025320264874539724 
0.6383914546025762 0.012657166934503129 
0.3273641218975809 0.020257791223830285 
0.2265158655356582 0.025320588117757222 
0.32108074143889415 0.02025812958953747 
0.18378887841658811 0.02532137237200929 
0.25479107759974867 0.025319516626351072 
0.24913603518693056 0.02531958786913074 
0.6327364121897581 0.012657244205517991 
0.4354382657869934 0.015190736447722952 
0.4454916745208922 0.015190191022054156 
0.3289349670122526 0.015196155112259982 
0.33364750235626767 0.015194212430769157 
0.32799245994344955 0.015197293424046274 
0.3402450518378888 0.01519344449411948 
0.335846685516808 0.015193713562831945 
0.24882186616399624 0.025319659873865263 
0.13634935595350298 0.025325899534141463 
0.4671693371033616 0.01265836942942059 
0.6434181589695256 0.01265709112143194 
0.6393339616713792 0.01265711623301705 
0.32767829092051526 0.02025708369010288 
0.6471881872447377 0.01265701672542753 
0.17656299088909833 0.025322560636027586 
0.03581526861451461 0.027882724974433795 
0.036443606660383286 0.025354803723139255 
0.1696512723845429 0.02532370213965625 
0.13289349670122527 0.025327758867936652 
0.2192899780081684 0.025321013562874334 
0.2227458372604461 0.025320755344739678 
0.3920829406220547 0.015192699380761862 
0.3955387998743324 0.01519264115021238 
0.025761859880615773 0.9594688589571416 
0.3182532202324851 0.02026090524572931 
0.18064718818724473 0.02532165303559644 
0.26672950047125354 0.022788334205880778 
0.4458058435438266 0.012660904695222158 
0.17939051209550738 0.02532245458665818 
0.22557335846685517 0.02532067125071115 
0.4483191957273013 0.012659057801690403 
0.44266415331448317 0.015190265343793629 
0.45114671693371033 0.012658792575090687 
0.06314797360980208 0.02533857681001768 
0.06566132579327678 0.025335219517647698 
0.06063462142632736 0.025339430858076696 
0.6302230600062834 0.01265727029380276 
0.02607602890355011 0.956942409480749 
0.10713163682060949 0.025328524739942387 
0.3038014451775055 0.022787445132021956 
0.489789506754634 0.012657981792478082 
0.39679547596606973 0.015192583474239567 
0.03832862079798932 0.025353000732792404 
0.13697769399937165 0.025325595279520437 
0.13854853911404336 0.025324334483393014 
0.10870248193528118 0.02532832823330933 
0.21866163996229973 0.025321101672809848 
0.2679861765629909 0.022788189422167274 
0.2698711907005969 0.022788118179387605 
0.05906377631165567 0.025340331070895696 
0.03989946591266101 0.025351326527470328 
0.09487904492617028 0.025331692665057023 
0.04147031102733271 0.025349767784584285 
0.057492931196983975 0.025343349431524026 
0.4388941250392711 0.015190534723379025 
0.04272698711907006 0.025348312957890615 
0.3198240653471568 0.020258216668947397 
0.06440464970153943 0.025336621760244014 
0.4470625196355639 0.012659136276415558 
0.31856738925541944 0.020260202079494034 
0.138234370091109 0.025324736207649277 
0.10650329877474081 0.025328724755622443 
0.27112786679233425 0.022787977931821385 
0.4395224630851398 0.01519045624865387 
0.43669494187873076 0.01519069545474384 
0.4379516179704681 0.015190614448697444 
0.4414074772227458 0.015190340817808142 
0.44015080113100846 0.01519041747110414 
0.043669494187873074 0.02534695199098365 
0.04241281809613572 0.025349028042197654 

0.02607602890355011 0.9594624665368211 
0.7891925856110588 0.0 
0.031416902293433864 0.05826298353366434 
0.028903550109959156 0.9569256591188171 
0.5460257618598806 0.020252431839656835 
0.7637448947533774 0.020251491891289435 
0.6556707508639649 0.020251736051465442 
0.6110587496072887 0.020252366798586795 
0.49355953502984606 0.020252598611631385 
0.36663524976437323 0.02025555506785229 
0.33521834747093937 0.020255674374954753 
0.6142004398366321 0.02025223946466087 
0.6427898209236569 0.020252177133368486 
0.19792648444863337 0.020261028176889344 
0.22588752748978952 0.02026090524572931 
0.294062205466541 0.020256719732424138 
0.31888155827835374 0.02025604668505849 
0.16556707508639648 0.02026654992881058 
0.1413760603204524 0.02026676496435653 
0.24725102104932453 0.0202595530029692 
0.27081369776939995 0.020259246834797098 
0.3817153628652215 0.020255100036112562 
0.4046497015394282 0.020255045527102094 
0.09770656613257933 0.020271143655198862 
0.11624253848570532 0.020270841290358096 
0.03832862079798932 0.02028287919058143 
0.7869934024505184 0.020251212066317935 
0.060006283380458686 0.02027948892480426 
0.07697141061891298 0.02027897958910064 
0.05466540999057493 0.02028227068133938 
0.40904806786050896 0.02025452696793154 
0.42412818096135724 0.02025442871461499 
0.450832547910776 0.02025309982902509 
0.46497015394282126 0.02025298791598109 
0.032359409362236885 0.05826118054331749 
0.03267357838517122 0.0430765400814581 
0.4681118441721646 0.020252951178999574 
0.4809927741124725 0.020252771606440758 
0.16682375117813383 0.020264598345704453 
0.1787621740496387 0.020263906565026208 
0.7690857681432611 0.020251387868341155 
0.7750549795790135 0.020251286462322344 
0.7847942192899781 0.02025126150817666 
0.0860823122840088 0.020274196802615482 
0.09487904492617028 0.020272422623720764 
0.23845428840716307 0.020259657692731244 
0.2843229657555765 0.02025746798061279 
0.293119698397738 0.020256862979938325 
0.034872761545711596 0.027881931929807566 
0.033930254476908575 0.0380117959579566 
0.3785736726358781 0.02025532323888536 
0.371033616085454 0.020255380368166504 
0.12315425699026077 0.020269972389289355 
0.3283066289663839 0.020255796032936098 
0.235626767200754 0.02025998002699871 
0.2290292177191329 0.020260315341169535 
0.4866478165252906 0.020252736492996203 
0.1306943135406849 0.020267902773798717 
0.1357210179076343 0.020267434646485383 
0.4458058435438266 0.02025341134262438 
0.03361608545397424 0.04307032261158837 
0.1812755262331134 0.02026341655371241 
0.1859880615771285 0.020263258361083555 
0.6509582155199497 0.020251792305389316 
0.6437323279924599 0.020252085254023985 
0.648444863336475 0.020251995262611216 
0.03550109959158027 0.022821602285828937 
0.4379516179704681 0.020253786414008615 
0.43355325164938735 0.020253829817843332 
0.4891611687087653 0.0202527016396512 
0.08105560791705937 0.02027800278090192 
0.055922086082312285 0.02028055253759709 
0.275526233113415 0.020258043522678806 
0.2796104304115614 0.020257874356784212 
0.4436066603832862 0.020253492348670778 
0.43983663210807417 0.020253658328406643 
0.13792020106817468 0.020266984019258517 
0.42758404021363494 0.020254190460864654 
0.42915488532830665 0.020253917715148735 
0.32547910775997485 0.020255920111971814 
0.32202324850769715 0.020255983082082433 
0.43261074458058435 0.02025387358337663 
0.0373861137291863 0.02281691451092715 
0.1900722588752749 0.020262359160877437 
0.08419729814640277 0.02027620139435364 
0.19321394910461828 0.020261803450774364 
0.2811812755262331 0.020257709035568994 
0.22620169651272384 0.020260430133408194 
0.02639019792648445 0.9569374605101781 
0.1875589066918002 0.02026294933362253 
0.40653471567703425 0.020254884986865736 
0.1284951303801445 0.020268640074317272 
0.195727301288093 0.02026153758946608 
0.02858938108702482 0.9569291676405731 
0.12535344015080113 0.020269156686245206 
0.12723845428840716 0.020268895771130085 
0.43920829406220546 0.02025370067364664 
0.6490732013823437 0.02025196567499084 
0.027018535972353125 0.9569310680898576 
0.2730128809299403 0.020258575478082352 
0.2739553879987433 0.020258393937746214 
0.2805529374803644 0.020257791223830285 
0.2714420358152686 0.02025914733014113 
0.03612943763744895 0.022818369337620818 
0.08545397423814012 0.020275779916090742 
0.12441093308199812 0.020269694823670175 
0.19447062519635563 0.020261669556854607 

0.027646874018221804 0.9569581129450603 
0.8611372918630223 0.02025024247904697 
0.03173107131636821 0.05573456554013134 
0.029217719132893498 0.9544016786892806 
0.7530631479736098 0.02025051756270831 
0.8419729814640277 0.020250497190263953 
0.6597549481621112 0.02025092788698565 
0.7257304429783223 0.02025088250312214 
0.3678919258561106 0.020253786414008615 
0.4194156456173421 0.02025374336740714 
0.5293748036443606 0.020252736492996203 
0.4791077599748665 0.020252771606440758 
0.5651900722588753 0.020251849316941777 
0.5984919886899152 0.020251792305389316 
0.43920829406220546 0.020253062237720564 
0.7269871190700596 0.020250837657939502 
0.4655984919886899 0.020252951178999574 
0.7527489789506755 0.020250642270330185 
0.3151115300031417 0.02025483244642472 
0.334904178448005 0.020254780381462854 
0.10493245366006912 0.020268389440807666 
0.12378259503612944 0.020268143721680613 
0.5589066918001885 0.02025214629349558 
0.5416273955387999 0.02025233462524608 
0.06848884699968583 0.020275779916090742 
0.2563619227144204 0.020257709035568994 
0.23939679547596607 0.020257791223830285 
0.03267357838517122 0.04054414892922131 
0.0527803958529689 0.02027620139435364 
0.34307257304429783 0.020254237290050058 
0.6346214263273641 0.020251115008145963 
0.6503298774740811 0.020251091115758565 
0.35878102419101476 0.020254190460864654 
0.19761231542569901 0.02026090524572931 
0.21300659754948162 0.020260430133408194 
0.03455859252277725 0.025351326527470328 
0.03424442349984291 0.04054053909186379 
0.4671693371033616 0.020252842625362533 
0.07728557964184732 0.020273107248047206 
0.08922400251335218 0.020272760955509984 
0.8495130380144518 0.02025026142805849 
0.18693056864593152 0.02026193931372234 
0.27678290920515236 0.020256175828157093 
0.28715048696198553 0.02025604668505849 
0.22808671065032987 0.020257958450812744 
0.236569274269557 0.020257874356784212 
0.1316368206094879 0.020267902773798717 
0.3078856424756519 0.020255155054553053 
0.30003141690229346 0.02025521058959863 
0.15017279296261388 0.020264778619059173 
0.15739868049010367 0.02026442107690567 
0.18001885014137606 0.020262217123033926 
0.1024191014765944 0.02027054542798703 
0.09582155199497329 0.020270841290358096 
0.14043355325164938 0.020267207207271817 
0.13383600377002827 0.020267666459529973 
0.5397423814011938 0.020252366798586795 
0.03770028275212064 0.02534695199098365 
0.03958529688972667 0.020289351516156046 
0.14388941250392712 0.020266338803001854 
0.29343386742067235 0.02025585776532763 
0.17153628652214892 0.02026264974211452 
0.17750549795790135 0.020262359160877437 
0.3631793905120955 0.020254052354453416 
0.6308513980521521 0.020251187575707746 
0.6550424128180962 0.020251020310051146 
0.609487904492617 0.020251571687394745 
0.3647502356267672 0.02025396221777604 
0.312598177819667 0.020255045527102094 
0.843229657555765 0.020250377339003527 
0.6556707508639649 0.020250996994232356 
0.8479421928997801 0.02025033827391123 
0.6063462142632736 0.02025165305842315 
0.6142004398366321 0.020251544915974137 
0.5350298460571787 0.020252431839656835 
0.6016336789192586 0.020251764084670828 
0.04963870562362551 0.02027800278090192 
0.07445805843543826 0.020274196802615482 
0.35940936223688347 0.020254144031928652 
0.562990889098335 0.020252085254023985 
0.26515865535658184 0.02025708369010288 
0.626138862708137 0.02025126150817666 
0.26107445805843543 0.02025723487252326 
0.625196355639334 0.020251311573907454 
0.6211121583411876 0.02025133684442661 
0.1665095821551995 0.020263577277423322 
0.16273955387998743 0.020264075257445693 
0.4354382657869934 0.020253175889252163 
0.42287150486961983 0.020253658328406643 
0.42664153314483194 0.0202536163274369 
0.5322023248507697 0.020252464712399842 
0.42946905435124094 0.020253574666555973 
0.29688972667295005 0.02025526664855972 
0.02858938108702482 0.9544038059148663 
0.03581526861451461 0.025349028042197654 
0.06974552309142319 0.020274968570434676 
0.07288721332076657 0.020274577922526175 
0.273641218975809 0.020256510456758883 
0.15959786365064405 0.020264246738169643 
0.43229657555765 0.020253331617305963 
0.2704995287464656 0.020256719732424138 
0.6088595664467483 0.020251598633791956 
0.3380458686773484 0.020254626975771586 
0.3399308828149544 0.02025457674961191 
0.6292805529374804 0.020251212066317935 
0.02827521206409048 0.9569374605101781 
0.1690229343386742 0.020263258361083555 
0.21991831605403708 0.020258856141669505 
0.2224316682375118 0.020258393937746214 
0.21709079484762803 0.0202590490615679 
0.2582469368520264 0.020257311716626435 
0.09205152371976123 0.020272091981290402 
0.22525918944392084 0.020258216668947397 
0.43009739239710965 0.020253492348670778 
0.04398366321080741 0.02028227068133938 
0.04586867734841345 0.020281108156220223 
0.04838202953188816 0.02027897958910064 
0.04147031102733271 0.02028852963354339 
0.2673578385171222 0.020256935758917308 
0.2698711907005969 0.020256862979938325 
0.6167137920201068 0.02025141362482194 
0.16933710336160854 0.020262798385593504 
0.215205780710022 0.020259449646834647 
0.09362236883443292 0.020271768769026987 
0.5315739868049011 0.020252632701784984 
0.6163996229971724 0.020251491891289435 
0.6189129751806471 0.020251362275393533 
0.10304743952246309 0.020268895771130085 

0.025761859880615773 0.9594895113920237 
0.9871190700596921 0.02025029963928831 
0.03047439522463085 0.9518628622248902 
0.03204524033930255 0.058269333195320586 
0.6933710336160854 0.020250749545703817 
0.7945334590009425 0.020250621186236554 
0.8806157712849513 0.020250456789698227 
0.9553879987433239 0.020250377339003527 
0.6509582155199497 0.020251465634693166 
0.5830977065661326 0.020251518317831334 
0.32862079798931826 0.020254144031928652 
0.3792020106817468 0.020254097998132582 
0.7998743323908263 0.0202506002233159 
0.29940307885642475 0.020255045527102094 
0.844172164624568 0.02025055865683894 
0.26107445805843543 0.020255100036112562 
0.449890040841973 0.020253574666555973 
0.4153314483191957 0.0202536163274369 
0.846057178762174 0.02025051756270831 
0.473138548539114 0.020252497823351114 
0.5051837888784166 0.02025239920256076 
0.08294062205466542 0.020275369108163632 
0.0568645931511153 0.020275779916090742 
0.40747722274583725 0.020253829817843332 
0.38391454602576186 0.020253917715148735 
0.12880929940307886 0.020261669556854607 
0.15142946905435123 0.02026090524572931 
0.21803330191643103 0.020257009324696092 
0.1972981464027647 0.02025708369010288 
0.6544140747722275 0.020251311573907454 
0.6732642161482878 0.02025126150817666 
0.24505183788878418 0.020256374535450535 
0.22683003455859252 0.020256790975203803 
0.9688972667295005 0.02025031890323703 
0.311655670750864 0.020254332170051813 
0.5215205780710022 0.020252366798586795 
0.5532516493873704 0.020251736051465442 
0.569588438579956 0.020251680540167627 
0.03267357838517122 0.043077573305314 
0.1281809613572102 0.02026294933362253 
0.10367577756833177 0.020263258361083555 
0.11592836946277098 0.02026310264021453 
0.03455859252277725 0.03800999296760975 
0.472196041470311 0.02025309982902509 
0.46088595664467485 0.020253175889252163 
0.5378573672635878 0.020251849316941777 
0.5488532830662897 0.020251792305389316 
0.034872761545711596 0.02788715669440397 
0.17310713163682062 0.020258761446231534 
0.18378887841658811 0.020258667898617088 
0.45114671693371033 0.020253253142580807 
0.04743952246308514 0.02027663396414976 
0.15174363807728558 0.02026054648744601 
0.16054037071944707 0.020260315341169535 
0.1690229343386742 0.0202595530029692 
0.1608545397423814 0.020260202079494034 
0.9607288721332077 0.02025035775220031 
0.0333019164310399 0.03801275048225784 
0.3056864593151115 0.02025483244642472 
0.527803958529689 0.020252025053582885 
0.026704366949418787 0.9594712561147619 
0.03550109959158027 0.02282248677165948 
0.6795475966069745 0.020250996994232356 
0.6861451460885957 0.020250973819294645 
0.5340873389883758 0.020251995262611216 
0.027332704995287466 0.9544038059148663 
0.5271756204838203 0.020252302680085103 
0.6886584982720704 0.02025092788698565 
0.5224630851398052 0.02025233462524608 
0.03770028275212064 0.02028482442504376 
0.08828149544454916 0.020271768769026987 
0.6738925541941565 0.020251212066317935 
0.5777568331762488 0.020251598633791956 
0.5733584668551681 0.02025165305842315 
0.5821551994973295 0.020251544915974137 
0.09236569274269557 0.02027025586056002 
0.5347156770342444 0.02025196567499084 
0.6776625824693685 0.02025116323674225 
0.036443606660383286 0.022820749963119516 
0.2544769085768143 0.020255496274688797 
0.2510210493245366 0.02025555506785229 
0.028903550109959156 0.9518663707466462 
0.3063147973609802 0.02025457674961191 
0.19666980835689601 0.02025723487252326 
0.30945648759032357 0.020254477624856274 
0.5519949732956331 0.020251764084670828 
0.027646874018221804 0.9544016786892806 
0.2453660069117185 0.02025585776532763 
0.24819352811812756 0.02025561443182319 
0.2554194156456173 0.02025526664855972 
0.2582469368520264 0.02025521058959863 
0.1941564561734213 0.020257311716626435 
0.0942507068803016 0.020267666459529973 
0.08576814326107446 0.020272760955509984 
0.08796732642161482 0.020272422623720764 
0.1900722588752749 0.020257791223830285 
0.3817153628652215 0.02025396221777604 
0.19227144203581528 0.02025738941455299 
0.04241281809613572 0.02028055253759709 
0.08325479107759975 0.02027382486631708 
0.03958529688972667 0.02028415509705671 
0.09644989004084198 0.020267207207271817 
0.17122211749921457 0.020258856141669505 
0.09456487590323594 0.020267434646485383 
0.18567389255419417 0.020258575478082352 
0.6782909205152372 0.020251091115758565 
0.046182846371347785 0.02027753417696876 
0.10116242538485705 0.020264246738169643 
0.08482563619227144 0.020273461785644802 
0.10336160854539743 0.020263740593452186 
0.10179076343072573 0.020264075257445693 
0.1885014137606032 0.020258043522678806 
0.040841972981464025 0.020283507017577196 
0.10021991831605404 0.02026572784601545 
0.043669494187873074 0.02027948892480426 
0.09770656613257933 0.02026676496435653 
0.09896324222431668 0.02026592786169551 
0.04492617027961043 0.02027897958910064 
0.18724473766886585 0.02025812958953747 
0.1859880615771285 0.020258393937746214 
0.38045868677348416 0.020254052354453416 
0.029531888155827836 0.9518645703210082 
0.041784480050267046 0.020281680611771314 
0.04586867734841345 0.020278484401610997 
0.17027961043041157 0.02025914733014113 
0.16933710336160854 0.02025934759900563 

0.028903550109959156 0.9695880603246749 
0.9126610116242538 0.03290669464317117 
0.03110273327049953 0.9670480866797203 
0.03173107131636821 0.06839375612357827 
0.8444863336475024 0.03290672692832816 
0.49041784480050266 0.0329093914373781 
0.5372290292177191 0.032909263195502275 
0.4169022934338674 0.0329103238521233 
0.45931511153000315 0.03291028446028293 
0.24159597863650645 0.032912788267753436 
0.2833804586867735 0.03291260666664053 
0.6616399622997172 0.032907634505147526 
0.6955702167766258 0.032907613421053895 
0.18630223060006285 0.032916649927548586 
0.8001885014137606 0.03290719712479257 
0.7709707822808671 0.0329072158681172 
0.6176562990889098 0.03290794301878233 
0.6437323279924599 0.03290789736193131 
0.3936537857367264 0.03291073560222448 
0.34244423499842913 0.03291156898442925 
0.3176248821866164 0.03291177261628019 
0.08953817153628653 0.03292668705848752 
0.11278667923342758 0.03292563230913461 
0.12252591894439209 0.032920408788529754 
0.14514608859566447 0.032919790620410845 
0.5391140433553252 0.03290923169947821 
0.5614200439836632 0.03290920042447889 
0.29688972667295005 0.03291193024414646 
0.7169337103361608 0.03290757161534396 
0.823751178133836 0.03290675954208725 
0.49010367577756836 0.0329097638412581 
0.47188187244737667 0.03290979921772475 
0.03361608545397424 0.05320213386931197 
0.36035186930568647 0.03291095445259338 
0.3776311655670751 0.03291086581819397 
0.20326735783851713 0.03291654523778654 
0.7518064718818724 0.032907272716002786 
0.7687715991203268 0.03290723471386431 
0.06817467797675149 0.03292908421610774 
0.08482563619227144 0.032927833525175434 
0.607602890355011 0.03290820430113527 
0.590951932139491 0.03290822894481172 
0.03298774740810556 0.06838677433117137 
0.3911404335532517 0.032910822052660674 
0.1737354696826893 0.03291697226181605 
0.03864278982092366 0.04813161406486887 
0.039271127866792335 0.0380117959579566 
0.0527803958529689 0.03293987142539877 
0.04272698711907006 0.032940499252394534 
0.6173421300659755 0.03290803600285692 
0.21803330191643103 0.03291430395144378 
0.2265158655356582 0.03291392799373465 
0.3575243480992774 0.03291109023294993 
0.34967012252591895 0.0329112295248674 
0.060006283380458686 0.03293499501571926 
0.6478165252906063 0.03290780766918259 
0.727301288092994 0.032907469167735494 
0.6550424128180962 0.032907785576720895 
0.7345271756204839 0.03290742899445981 
0.7203895695884386 0.03290753028605233 
0.7389255419415646 0.03290738927004753 
0.74583726044612 0.03290734998701765 
0.2855796418473139 0.032912430278956656 
0.03989946591266101 0.032946343750973384 
0.23185673892554196 0.0329134343787943 
0.5815268614514609 0.03290843178122574 
0.5878102419101476 0.032908303808724795 
0.23814011938422872 0.03291336677026788 
0.03770028275212064 0.0481323538072555 
0.0373861137291863 0.053192334907581795 
0.156770342444235 0.032919351395694775 
0.8105560791705938 0.03290710491567558 
0.15080113100848255 0.03291949558562679 
0.8108702481935282 0.032906825775685454 
0.8168394596292805 0.032906809089913606 
0.5699026076028904 0.03290872828628278 
0.8049010367577757 0.032907141501071865 
0.5746151429469054 0.032908617991704185 
0.2899780081683946 0.03291225888337706 
0.8212378259503613 0.03290679248949097 
0.11844172164624568 0.03292375719917387 
0.11435752434809927 0.03292513595649795 
0.6575557650015709 0.03290774178052116 
0.16776625824693686 0.032917307575986876 
0.15959786365064405 0.03291777624498886 
0.1633678919258561 0.032917656670192114 
0.17153628652214892 0.03291708255279055 
0.4681118441721646 0.032909980150798435 
0.5777568331762488 0.03290851055264867 
0.24065347156770342 0.032913299855162205 
0.5689601005340873 0.03290887034644523 
0.5664467483506126 0.03290904728482691 
0.46277097078228085 0.032910245377398145 
0.08796732642161482 0.03292753766280437 
0.5655042412818096 0.03290913852831292 
0.4671693371033616 0.032910054472537906 
0.5771284951303801 0.03290853715079148 
0.34652843229657554 0.03291127675950031 
0.29280552937480364 0.03291220282441597 
0.29594721960414705 0.03291198375529614 
0.748664781652529 0.03290731113805437 
0.15865535658184102 0.03291789748054665 
0.21583411875589067 0.032914701270386336 
0.2290292177191329 0.03291357171967526 
0.21300659754948162 0.03291486659160155 
0.029217719132893498 0.9670654514556524 
0.03612943763744895 0.05319753132668113 
0.06251963556393339 0.03293118903743282 
0.2054665409990575 0.03291556771289969 
0.2079798931825322 0.03291512182435481 
0.06503298774740811 0.032930099482864544 
0.34401508011310084 0.03291137246635477 
0.21049324536600691 0.032914950685630086 
0.16556707508639648 0.03291753872226335 
0.46497015394282126 0.03291009206384243 
0.5633050581212693 0.032909169368185824 
0.029531888155827836 0.967054761428427 
0.040841972981464025 0.0329418166598611 
0.12064090480678605 0.032921954208827056 
0.11875589066918002 0.03292292009651285 
0.06691800188501414 0.03292975319032732 

0.023876845743009738 0.9670466166457791 
0.8001885014137606 0.03290699747624008 
0.02858938108702482 0.9670380064469799 
0.03173107131636821 0.06838592200846194 
0.6830034558592523 0.03290719712479257 
0.7807100219918316 0.03290717848305784 
0.5950361294376374 0.03290780766918259 
0.6534715677034244 0.03290769849506429 
0.589066918001885 0.03290813128283461 
0.5369148601947848 0.03290815547155959 
0.22368834432924914 0.03291316806297444 
0.27081369776939995 0.03291303891987583 
0.528746465598492 0.032908253742994 
0.49198868991517436 0.0329083801031585 
0.3433867420672322 0.03291065056322398 
0.14388941250392712 0.03291852982428342 
0.11812755262331134 0.03291893154853968 
0.15142946905435123 0.032916649927548586 
0.176248821866164 0.03291633983382297 
0.42601319509896324 0.032908812950325904 
0.44863336475023563 0.032908784540206654 
0.29940307885642475 0.03291285000014497 
0.2814954445491675 0.032912912346789155 
0.07759974866478166 0.03292563230913461 
0.049010367577756835 0.032930454020462144 
0.0942507068803016 0.03292465869434731 
0.36977693999371664 0.032909728727813545 
0.38642789820923656 0.03290969387446854 
0.06503298774740811 0.032929414858538106 
0.21677662582469368 0.03291415110306369 
0.20043983663210807 0.032914227107340606 
0.30348727615457116 0.0329120922709299 
0.31950989632422244 0.032911877221683074 
0.33019164310398996 0.03291073560222448 
0.4715677034244424 0.03290851055264867 
0.4857053094564876 0.03290845786951051 
0.3568960100534087 0.032910484583488116 
0.032359409362236885 0.053195150701182435 
0.41313226515865537 0.032909424074474176 
0.40150801131008484 0.032909523409926644 
0.7898209236569275 0.03290703290940492 
0.6666666666666666 0.03290742899445981 
0.45837260446120015 0.03290875631948817 
0.6764059063776312 0.03290738927004753 
0.3945962928055294 0.03290962493660232 
0.27898209236569277 0.032912975316899774 
0.03424442349984291 0.04812649107281837 
0.03550109959158027 0.04054053909186379 
0.1039899465912661 0.03292312371607904 
0.07571473452717561 0.03292724809537736 
0.06943135406848884 0.032927833525175434 
0.18787307571473452 0.03291486659160155 
0.19447062519635563 0.03291462001080599 
0.09770656613257933 0.03292354216362792 
0.18818724473766887 0.03291478345864763 
0.4197298146402765 0.03290884155175912 
0.18190386427898209 0.032915035757496144 
0.036443606660383286 0.03547859452064628 
0.48633364750235625 0.03290843178122574 
0.03298774740810556 0.04813089898056183 
0.038956958843858 0.032937005258678924 
0.04429783223374175 0.03293547663642834 
0.21834747093936538 0.032913502691576224 
0.6779767514923029 0.03290736957382087 
0.666038328620798 0.032907469167735494 
0.36286522148916117 0.03291040357744172 
0.6616399622997172 0.032907489425081295 
0.06534715677034245 0.032928135890016204 
0.3669494187873076 0.032909943413816915 
0.46339930882814956 0.03290870043872776 
0.6559849198868991 0.03290757161534396 
0.6597549481621112 0.03290753028605233 
0.7844800502670437 0.03290710491567558 
0.4596292805529375 0.03290872828628278 
0.02544769085768143 0.9670402047956095 
0.32296575557650015 0.03291156898442925 
0.592836946277097 0.032908083350575906 
0.5893810870248194 0.0329081072429633 
0.03707194470625196 0.035474621830051525 
0.03770028275212064 0.03294250829878102 
0.30254476908576816 0.032912666609772094 
0.46591266101162426 0.032908563922212086 
0.41501727929626137 0.03290910790260583 
0.4181589695256048 0.03290889933634957 
0.35972353125981776 0.03291044391845283 
0.7866792334275841 0.03290706872052354 
0.4690543512409676 0.03290853715079148 
0.11278667923342758 0.03291949558562679 
0.3660069117185046 0.0329101681240695 
0.11561420043983663 0.032919351395694775 
0.19761231542569901 0.03291430395144378 
0.1787621740496387 0.03291604129638524 
0.11090166509582156 0.03291994156843987 
0.11592836946277098 0.03291920935785127 
0.10650329877474081 0.03292252357419973 
0.04806786050895382 0.03293081710113442 
0.14483191957273012 0.03291753872226335 
0.14923028589381088 0.03291708255279055 
0.3289349670122526 0.03291077864882595 
0.1470311027332705 0.032917422368225535 
0.04681118441721646 0.032931570157343514 
0.046182846371347785 0.03293319362917098 
0.07728557964184732 0.03292668705848752 
0.027332704995287466 0.9670390827218297 
0.32799245994344955 0.032911136266745994 
0.09613572101790764 0.03292375719917387 
0.19635563933396166 0.03291438164937033 
0.3248507697141062 0.0329112295248674 
0.32610744580584355 0.032911182695681995 
0.3641218975808985 0.032910363556597357 
0.1803330191643104 0.03291529701370025 
0.5934652843229657 0.03290803600285692 
0.10901665095821551 0.032921770853876514 
0.10775997486647816 0.03292233048507334 
0.11027332704995288 0.03292009487503187 
0.4143889412503927 0.03290923169947821 

0.02544769085768143 0.9569374605101781 
0.7386113729186302 0.02025066347665042 
0.03110273327049953 0.9543810142121626 
0.03173107131636821 0.05573564181498124 
0.5724159597863651 0.02025214629349558 
0.5017279296261389 0.02025223946466087 
0.6685516808042727 0.020251571687394745 
0.6185988061577129 0.020251598633791956 
0.4715677034244424 0.02025345168363549 
0.42255733584668553 0.020253574666555973 
0.2770970782280867 0.020256175828157093 
0.31636820609487903 0.020256110930488857 
0.3861137291863022 0.020253658328406643 
0.23279924599434496 0.02025715886824635 
0.26264530317310714 0.020257009324696092 
0.10210493245366006 0.020266984019258517 
0.12629594721960416 0.020266338803001854 
0.5768143261074458 0.02025193628864682 
0.08671065032987747 0.02027382486631708 
0.06471881872447377 0.020274577922526175 
0.5975494816211122 0.020251820715508562 
0.7150486961985548 0.020250727839692548 
0.7345271756204839 0.02025070626024695 
0.14734527175620485 0.020264598345704453 
0.16619541313226516 0.020264246738169643 
0.20923656927426956 0.020258761446231534 
0.22557335846685517 0.020258216668947397 
0.2023248507697141 0.02026090524572931 
0.18693056864593152 0.020261407507325923 
0.1281809613572102 0.020266131481261704 
0.1429469054351241 0.02026592786169551 
0.68645931511153 0.020251020310051146 
0.7012252591894439 0.020250996994232356 
0.0568645931511153 0.020283507017577196 
0.04398366321080741 0.02028482442504376 
0.03267357838517122 0.04054414892922131 
0.4872761545711593 0.020253137711735078 
0.3609802073515551 0.02025387358337663 
0.37323279924599434 0.020253829817843332 
0.4750235626767201 0.020253253142580807 
0.6013195098963242 0.020251736051465442 
0.6132579327678291 0.020251708203910417 
0.03424442349984291 0.025353885218622946 
0.2730128809299403 0.020256935758917308 
0.37574615142946904 0.020253786414008615 
0.033930254476908575 0.03800752571766144 
0.34621426327364124 0.020254190460864654 
0.3367891925856111 0.020254380231537427 
0.352497643732328 0.020253917715148735 
0.09487904492617028 0.020268143721680613 
0.7071944706251964 0.020250793341903554 
0.7144203581526861 0.02025077137939751 
0.681746779767515 0.020251067369501944 
0.17939051209550738 0.020262359160877437 
0.33270499528746467 0.020254991520478792 
0.18001885014137606 0.020262077189454778 
0.66980835689601 0.020251387868341155 
0.32799245994344955 0.02025521058959863 
0.7027961043041157 0.020250837657939502 
0.6792334275840403 0.020251311573907454 
0.6745208922400251 0.020251362275393533 
0.17247879359095195 0.020263906565026208 
0.4979579013509268 0.020252366798586795 
0.16808042726987119 0.020264075257445693 
0.6142004398366321 0.020251625756886844 
0.027018535972353125 0.9544038059148663 
0.17530631479736097 0.02026264974211452 
0.18410304743952247 0.02026193931372234 
0.4963870562362551 0.02025266704352645 
0.4882186616399623 0.020252842625362533 
0.4923028589381087 0.020252771606440758 
0.31950989632422244 0.020255983082082433 
0.3201382343700911 0.020255674374954753 
0.32390826264530315 0.02025561443182319 
0.03958529688972667 0.02028623114827072 
0.20578071002199183 0.020259657692731244 
0.47188187244737667 0.02025329222546559 
0.22934338674206722 0.020257709035568994 
0.035186930568645934 0.022817629595234187 
0.026704366949418787 0.9569352043618297 
0.3493559535029846 0.020254052354453416 
0.03361608545397424 0.04054139141457321 
0.0373861137291863 0.02281366912830285 
0.04115614200439836 0.02028551606396368 
0.27584040213634936 0.020256862979938325 
0.5752434809927741 0.020252025053582885 
0.5007854225573358 0.020252302680085103 
0.7373546968268929 0.020250684806263214 
0.33427584040213637 0.020254477624856274 
0.20515237197612315 0.02025998002699871 
0.029217719132893498 0.9543832125607921 
0.14514608859566447 0.020265148490252488 
0.09267986176562991 0.020270841290358096 
0.09079484762802388 0.020271143655198862 
0.20326735783851713 0.02026009031797321 
0.17436380772855797 0.02026341655371241 
0.2274583726044612 0.020257791223830285 
0.0885956644674835 0.020272422623720764 
0.3257932767829092 0.02025555506785229 
0.058435438265786996 0.02028055253759709 
0.0609487904492617 0.02027707806914048 
0.0901665095821552 0.020272091981290402 
0.0942507068803016 0.020268895771130085 
0.14357524348099276 0.02026572784601545 
0.6808042726987119 0.020251212066317935 
0.036443606660383286 0.02281691451092715 
0.05969211435752435 0.02027800278090192 
0.029846057178762174 0.9543820904870124 
0.061262959472196045 0.02027663396414976 
0.06251963556393339 0.020275779916090742 
0.06346214263273642 0.020275369108163632 
0.22683003455859252 0.02025812958953747 
0.32704995287464655 0.020255380368166504 
0.7024819352811813 0.02025095078396499 

0.024505183788878417 0.9569310680898576 
0.5300031416902293 0.01772074784653211 
0.027332704995287466 0.954391094444903 
0.03110273327049953 0.05573158508670087 
0.47690857681432614 0.017720872513721467 
0.4429783223374175 0.01772173926477161 
0.3901979264844486 0.017722176219592507 
0.5293748036443606 0.017720778686405016 
0.3182532202324851 0.017722745584965185 
0.36286522148916117 0.01772260864898948 
0.26830034558592525 0.017725990967589523 
0.293119698397738 0.01772546453297486 
0.17436380772855797 0.01773250811806274 
0.1511153000314169 0.020262359160877437 
0.2670436694941879 0.017726392776866818 
0.2453660069117185 0.017727085717416883 
0.23060006283380458 0.017729265988411305 
0.20923656927426956 0.017729385563208046 
0.08545397423814012 0.02027054542798703 
0.10304743952246309 0.020269694823670175 
0.060006283380458686 0.020278484401610997 
0.04524033930254477 0.02027897958910064 
0.38140119384228716 0.017722431370879865 
0.36757775683317623 0.017722475136413163 
0.18693056864593152 0.01773170419325106 
0.07445805843543826 0.020272760955509984 
0.06346214263273642 0.020273461785644802 
0.19289978008168396 0.017730405003810894 
0.4445491674520892 0.01772151627336507 
0.20358152686145145 0.017730009060362456 
0.45523091423185674 0.017721166323347526 
0.11844172164624568 0.02026654992881058 
0.1275526233113415 0.02026442107690567 
0.03173107131636821 0.04054414892922131 
0.3817153628652215 0.017722302226683175 
0.08231228400879673 0.020271768769026987 
0.035186930568645934 0.025349767784584285 
0.13446434181589695 0.020263906565026208 
0.1420043983663211 0.02026310264021453 
0.04052780395852969 0.02027948892480426 
0.10524662268300346 0.020268143721680613 
0.11247251021049325 0.020267434646485383 
0.1281809613572102 0.020264246738169643 
0.032359409362236885 0.03547947900647682 
0.30662896638391457 0.017724584635118962 
0.30097392397109646 0.01772464823809502 
0.46088595664467485 0.017721099376387647 
0.4662268300345586 0.01772106626543637 
0.1137291863022306 0.020267207207271817 
0.2975180647188187 0.017725321285460668 
0.03989946591266101 0.025343349431524026 
0.2054665409990575 0.017729880823359075 
0.236569274269557 0.01772755355922345 
0.2403393025447691 0.017727457694706034 
0.36380772855796417 0.017722519268185268 
0.14483191957273012 0.02026264974211452 
0.14828777882500785 0.020262503350809452 
0.4696826892868363 0.017721033392693365 
0.4734527175620484 0.017720936178282614 
0.3097706566132579 0.017723593073515325 
0.31291234684260133 0.017723279205426583 
0.3160540370719447 0.017722933723088346 
0.3006597549481621 0.017724712483525387 
0.46999685830977067 0.01772100075559729 
0.473138548539114 0.017720968351623324 
0.02544769085768143 0.9569291676405731 
0.30694313540684887 0.017724336458800633 
0.02607602890355011 0.9543977691936096 
0.2428526547282438 0.017727177031118885 
0.18944392082940623 0.017730818676070455 
0.0373861137291863 0.025349028042197654 
0.14388941250392712 0.02026294933362253 
0.19132893496701225 0.017730678742491308 
0.24222431668237512 0.017727362999268068 
0.10461828463713478 0.020269422981053442 
0.03864278982092366 0.025345676084508367 
0.061262959472196045 0.020275779916090742 
0.23437009110901666 0.017727748883177664 
0.23185673892554196 0.01772869187100974 
0.08356896010053409 0.020271452739258317 
0.08419729814640277 0.020271143655198862 
0.2331134150172793 0.017728581580035242 
0.235626767200754 0.01772765061460443 
0.06157712849513038 0.020274968570434676 
0.06251963556393339 0.020274577922526175 
0.23374175306314798 0.01772836529513718 
0.06283380458686773 0.020274196802615482 

0.025133521834747093 0.956945131414563 
1.0 0.017718642227624114 
0.03110273327049953 0.055736763888760935 
0.029846057178762174 0.9543926379805414 
0.8322337417530632 0.0202506002233159 
0.7364121897580899 0.02025070626024695 
0.9158027018535972 0.017718678038742736 
0.6129437637448948 0.02025190710153223 
0.3364750235626767 0.020256719732424138 
0.3820295318881558 0.02025664923956847 
0.6490732013823437 0.020251878111627892 
0.27992459943449577 0.020257709035568994 
0.3141690229343387 0.020257627775988645 
0.5152371976123155 0.020252771606440758 
0.48382029531888154 0.020252806982907413 
0.23845428840716307 0.020259449646834647 
0.2689286836317939 0.0202590490615679 
0.44894753377317 0.020253214365031077 
0.4791077599748665 0.020253024934472015 
0.8338045868677348 0.02025053805123499 
0.8614514608859567 0.020250497190263953 
0.11812755262331134 0.020267902773798717 
0.1445177505497958 0.02026654992881058 
0.5871819038642789 0.020251995262611216 
0.5397423814011938 0.020252464712399842 
0.23751178133836004 0.02026054648744601 
0.21332076657241597 0.020260664435374772 
0.0609487904492617 0.02027707806914048 
0.08325479107759975 0.02027620139435364 
0.17656299088909833 0.020262359160877437 
0.19855482249450204 0.020261803450774364 
0.9079484762802388 0.020250223633299858 
0.8865849827207037 0.02025024247904697 
0.03864278982092366 0.02028055253759709 
0.05906377631165567 0.020280013023861586 
0.40590637763116555 0.02025457674961191 
0.31888155827835374 0.02025738941455299 
0.5651900722588753 0.020252366798586795 
0.4231856738925542 0.020254190460864654 
0.5479107759974866 0.02025239920256076 
0.335846685516808 0.020257311716626435 
0.032359409362236885 0.04054514163449463 
0.7269871190700596 0.020250973819294645 
0.6641533144831919 0.020251708203910417 
0.7037386113729186 0.02025116323674225 
0.6921143575243481 0.020251362275393533 
0.7156770342444235 0.020250996994232356 
0.03424442349984291 0.025354803723139255 
0.09707822808671066 0.02027382486631708 
0.1080741438894125 0.020272760955509984 
0.6751492302858938 0.020251625756886844 
0.03267357838517122 0.03548039751099313 
0.9151743638077285 0.020250076485706203 
0.8642789820923656 0.020250456789698227 
0.8737040527803959 0.02025033827391123 
0.5780710021991832 0.02025214629349558 
0.7119070059692114 0.020251091115758565 
0.5702167766258247 0.020252177133368486 
0.034872761545711596 0.02029020383886547 
0.08639648130694313 0.020275369108163632 
0.09393653785736726 0.020274968570434676 
0.1690229343386742 0.020263740593452186 
0.6826892868363179 0.020251439546408397 
0.9082626453031731 0.020250130924382468 
0.15645617342130066 0.02026572784601545 
0.14985862393967955 0.02026592786169551 
0.4429783223374175 0.02025337132178002 
0.16211121583411875 0.020264598345704453 
0.16305372290292178 0.020264075257445693 
0.16839459629280554 0.020263906565026208 
0.88124410933082 0.02025026142805849 
0.21017907634307256 0.020261152839474113 
0.20515237197612315 0.020261407507325923 
0.5793276782909205 0.020252115667788485 
0.6581841030474396 0.020251792305389316 
0.6877159912032673 0.02025141362482194 
0.8762174049638706 0.02025029963928831 
0.65315739868049 0.020251820715508562 
0.3911404335532517 0.020255674374954753 
0.3182532202324851 0.02025746798061279 
0.4278982092365693 0.020254144031928652 
0.4297832233741753 0.020254052354453416 
0.4344957587181904 0.020253917715148735 
0.39585296889726673 0.02025555506785229 
0.6628966383914546 0.020251736051465442 
0.02639019792648445 0.956942409480749 
0.7320138234370092 0.020250749545703817 
0.20452403393025448 0.02026153758946608 
0.7279296261388627 0.02025077137939751 
0.5661325793276782 0.020252208189661548 
0.5840402136349356 0.020252025053582885 
0.3971096449890041 0.020255496274688797 
0.4011938422871505 0.020255045527102094 
0.5438265786993403 0.020252431839656835 
0.40245051837888784 0.020254991520478792 
0.5830977065661326 0.02025205505000957 
0.027018535972353125 0.9544110110337857 
0.27521206409048066 0.02025848416438035 
0.27269871190700595 0.020258667898617088 
0.20106817467797675 0.020261669556854607 
0.14765944077913917 0.020266131481261704 
0.3867420672321709 0.020256442143976962 
0.4816211121583412 0.020252878536817294 
0.3836003770028275 0.020256579484857918 
0.6522148916116871 0.020251849316941777 
0.11530003141690229 0.020268389440807666 
0.43732327992459946 0.020253829817843332 
0.27175620483820295 0.020258761446231534 
0.40496387056236255 0.020254884986865736 
0.3886270813697769 0.020256175828157093 
0.027961043041156142 0.9543996696428941 
0.4395224630851398 0.020253492348670778 
0.14671693371033617 0.020266338803001854 
0.27772541627395536 0.020257958450812744 
0.44172164624568017 0.02025345168363549 
0.48224945020420984 0.020252842625362533 
0.036757775683317624 0.02028415509705671 
0.10995915802701854 0.020272091981290402 
0.11153000314169023 0.020269156686245206 
0.11341501727929626 0.020268895771130085 
0.09519321394910461 0.020274577922526175 
0.7122211749921458 0.020251067369501944 
0.7137920201068174 0.020251020310051146 
0.08482563619227144 0.020275779916090742 
0.2761545711592837 0.02025812958953747 
0.029217719132893498 0.9543977691936096 
0.060320452403393024 0.02027897958910064 

