0.028580708022085094 0.9638509766720708 
0.03572588502760637 0.06750531039818271 
0.026632023384215654 0.9662603967272543 
0.028255927249106853 0.9662537774413883 
0.03280285807080221 0.06750642483854126 
0.03247807729782397 0.08196659949732954 
0.03117895420591101 0.09401004544555967 
0.03020461188697629 0.09883126640578353 
0.05651185449821371 0.06267536303224219 
0.02240987333549854 0.9662641035273392 
0.02890548879506333 0.11329179353298516 
0.037999350438454045 0.06267982492123328 
0.03605066580058461 0.06268244956181625 
0.02987983111399805 0.1012446932570677 
