0.03150373497888925 0.09883126640578353 
0.059110100682039625 0.07472314393529386 
0.034101981162715164 0.07955352511445872 
0.03864891198441052 0.07472611394460689 
0.05488795063332251 0.0747253316653682 
0.03637544657356284 0.07473250255838956 
0.05683663527119195 0.07472457683452384 
0.038324131211432286 0.07473049470834359 

0.027281584930172135 0.9662641035273392 
0.037349788892497564 0.06268339443242613 
0.03020461188697629 0.9638475444497698 
0.03377720038973693 0.10847295342261817 
0.028580708022085094 0.9638509766720708 
0.03540110425462813 0.08196410914068337 
0.03605066580058461 0.07714299061891668 
0.03670022734654108 0.06750531039818271 
0.034751542708671646 0.09401120941660084 
0.034101981162715164 0.10847155422397983 
0.034426761935693405 0.09642585314670071 

0.034101981162715164 0.08678543960769652 
0.05066580058460539 0.06750128967218323 
0.03702500811951932 0.06750321797955032 
0.04936667749269243 0.06750223454279311 
0.034751542708671646 0.08196410914068337 
0.035076323481649886 0.0723264289199494 
0.03572588502760637 0.06750531039818271 

0.03702500811951932 0.06268437786918334 
0.026632023384215654 0.9662603967272543 
0.028255927249106853 0.9662537774413883 
0.03345241961675869 0.10847155422397983 
0.03540110425462813 0.07714299061891668 
0.03605066580058461 0.06750531039818271 
0.034751542708671646 0.08919009089483414 
0.034101981162715164 0.09401120941660084 
0.034426761935693405 0.0940078629998575 

0.03117895420591101 0.09401242629541655 
0.05099058135758363 0.0675042423928391 
0.03280285807080221 0.06750642483854126 
0.04904189671971419 0.06750531039818271 
0.03247807729782397 0.08196659949732954 

0.03247807729782397 0.9951811598896331 
0.04481974667099708 0.0675042423928391 
0.03312763884378045 0.990362319779266 
0.034101981162715164 0.11329179353298516 
0.037349788892497564 0.0723220580899173 
0.03637544657356284 0.07232415050854969 
0.034751542708671646 0.09883126640578353 
0.03540110425462813 0.08678416612986609 
0.03572588502760637 0.0819653260194991 

0.0581357583631049 0.06268244956181625 
0.03247807729782397 0.9831300439136236 
0.03280285807080221 0.9590398590618806 
0.034101981162715164 0.1012446932570677 
0.049691458265670674 0.06268540228247212 
0.05066580058460539 0.06268339443242613 
0.04222150048717116 0.06749950689744764 
0.037349788892497564 0.06750038114275068 
0.034426761935693405 0.08196410914068337 
0.03637544657356284 0.06750128967218323 
0.035076323481649886 0.08195973831065127 
0.03572588502760637 0.0723220580899173 

0.03702500811951932 0.06268540228247212 
0.029230269568041572 1.0 
0.03085417343293277 0.11811063364335214 
0.03670022734654108 0.07714410505927523 
0.03312763884378045 0.07955134266875655 
0.03150373497888925 0.10365010651615052 
0.03182851575186749 0.09401120941660084 
0.03247807729782397 0.08919009089483414 
0.03280285807080221 0.0843723652248257 

0.03702500811951932 0.06268540228247212 
0.023059434881455017 0.9710829436377061 
0.029230269568041572 0.11329179353298516 
0.03572588502760637 0.07714526903031639 
0.03280285807080221 0.09400893100520112 
0.03117895420591101 0.09401004544555967 
0.03020461188697629 0.09883126640578353 
0.03637544657356284 0.06750531039818271 

0.05651185449821371 0.06267536303224219 
0.02240987333549854 0.9662641035273392 
0.02890548879506333 0.11329179353298516 
0.037999350438454045 0.06267982492123328 
0.034751542708671646 0.07714192261357306 
0.03215329652484573 0.10123830561111014 
0.03605066580058461 0.06268244956181625 
0.02987983111399805 0.1012446932570677 
0.03117895420591101 0.1012394695821513 

