0.12831241283124128 0.9616393442622945 

0.23709902370990238 0.9616393442622945 
0.5509065550906556 0.9218579234972673 
0.27615062761506276 0.9467213114754093 
0.49232914923291493 0.928073770491803 
0.3528591352859135 0.9409836065573765 
0.4225941422594142 0.9318032786885241 
0.4198047419804742 0.9360655737704913 

0.20781032078103207 0.9715846994535512 
0.6638772663877266 0.9192407247627259 
0.497907949790795 0.9616393442622945 
0.5132496513249651 0.9467213114754093 
0.5285913528591353 0.9409836065573765 
0.6080892608089261 0.9318032786885241 
0.6192468619246861 0.928073770491803 
0.6401673640167364 0.924783027965284 
0.6582984658298466 0.9218579234972673 

0.13249651324965134 0.9715846994535512 
0.15341701534170155 0.9467213114754093 
0.13807531380753138 0.9535022354694482 

0.19665271966527198 0.9840163934426226 
0.21478382147838215 0.9535022354694482 

0.4755927475592748 0.9318032786885241 
0.15760111576011157 0.9616393442622945 
0.3877266387726639 0.9535022354694482 
0.3947001394700139 0.9409836065573765 

0.20362622036262204 0.9535022354694482 
0.200836820083682 0.9616393442622945 

0.17433751743375175 0.9840163934426226 
0.6931659693165969 0.9128166915052162 
0.5620641562064156 0.9360655737704913 
0.18410041841004185 0.9715846994535512 
0.6610878661087866 0.9192407247627259 
0.6248256624825662 0.928073770491803 
0.5829846582984658 0.9318032786885241 

0.23570432357043236 0.9840163934426226 
0.7684797768479776 0.924783027965284 
0.32217573221757323 0.9535022354694482 
0.5536959553695955 0.9467213114754093 
0.5746164574616457 0.9360655737704913 
0.7266387726638772 0.9318032786885241 
0.2719665271966527 0.9715846994535512 
0.31659693165969316 0.9616393442622945 
0.5620641562064156 0.9409836065573765 
0.7475592747559274 0.928073770491803 

0.1101813110181311 0.9616393442622945 

