992.0 4.1 

1070.0 4.1 
1295.0 4.055555555555555 
1098.0 4.083333333333333 
1253.0 4.0625 
1153.0 4.076923076923077 
1203.0 4.066666666666666 
1201.0 4.071428571428571 

1049.0 4.111111111111111 
1376.0 4.052631578947368 
1257.0 4.1 
1268.0 4.083333333333333 
1279.0 4.076923076923077 
1336.0 4.066666666666666 
1344.0 4.0625 
1359.0 4.0588235294117645 
1372.0 4.055555555555555 

995.0 4.111111111111111 
1010.0 4.083333333333333 
999.0 4.090909090909091 

1041.0 4.125 
1054.0 4.090909090909091 

1241.0 4.066666666666666 
1013.0 4.1 
1178.0 4.090909090909091 
1183.0 4.076923076923077 

1046.0 4.090909090909091 
1044.0 4.1 

1025.0 4.125 
1397.0 4.045454545454546 
1303.0 4.071428571428571 
1032.0 4.111111111111111 
1374.0 4.052631578947368 
1348.0 4.0625 
1318.0 4.066666666666666 

1069.0 4.125 
1451.0 4.0588235294117645 
1131.0 4.090909090909091 
1297.0 4.083333333333333 
1312.0 4.071428571428571 
1421.0 4.066666666666666 
1095.0 4.111111111111111 
1127.0 4.1 
1303.0 4.076923076923077 
1436.0 4.0625 

979.0 4.1 

