0.40555555555555556 0.325963822400877 
0.07777777777777778 0.34943256795988376 
0.07222222222222222 0.9955133280548957 
0.08703703703703704 0.3458432304038004 
0.48333333333333334 0.325503650919328 
0.16111111111111112 0.333729216152019 
0.17592592592592593 0.330541317664708 
0.21851851851851853 0.32969121140142515 
0.22037037037037038 0.3289220676394073 
0.5425925925925926 0.3250763488293179 
0.28703703703703703 0.32699920823436274 
0.10185185185185185 0.3404592240696753 
0.12222222222222222 0.3383884524027041 
0.25555555555555554 0.328222846037573 
0.2796296296296296 0.3275844263141589 
