827.0 684.0625 
916.0 101.01886792452831 
839.0 648.047619047619 
842.0 342.03333333333336 
861.0 302.025 
878.0 202.03225806451613 
890.0 116.02439024390245 
888.0 186.03333333333333 
844.0 312.03225806451616 
829.0 682.0588235294117 
833.0 654.0588235294117 
880.0 200.03030303030303 
885.0 196.02941176470588 
851.0 306.02777777777777 
855.0 306.02702702702703 
908.0 101.01960784313725 
912.0 101.01923076923077 
846.0 310.030303030303 
849.0 308.02941176470586 
901.0 104.02127659574468 
903.0 102.0204081632653 
858.0 302.02564102564105 
887.0 194.02777777777777 
898.0 108.02173913043478 
906.0 101.02 
892.0 114.02325581395348 
894.0 111.02439024390245 
835.0 652.0526315789474 
837.0 650.0526315789474 
896.0 109.02325581395348 
857.0 304.0263157894737 
856.0 304.02702702702703 
