902.0 102.0204081632653 
860.0 545.0666666666667 
866.0 538.0526315789474 
870.0 203.03333333333333 
885.0 116.02439024390245 
882.0 186.0344827586207 
876.0 196.03030303030303 
889.0 110.02272727272727 
898.0 102.02083333333333 
862.0 544.0625 
880.0 187.0344827586207 
872.0 202.03333333333333 
893.0 104.02173913043478 
896.0 104.02127659574468 

827.0 684.0625 
916.0 101.01886792452831 
839.0 648.047619047619 
842.0 342.03333333333336 
861.0 302.025 
878.0 202.03225806451613 
890.0 116.02439024390245 
888.0 186.03333333333333 
844.0 312.03225806451616 
829.0 682.0588235294117 
833.0 654.0588235294117 
880.0 200.03030303030303 
885.0 196.02941176470588 
851.0 306.02777777777777 
855.0 306.02702702702703 
908.0 101.01960784313725 
912.0 101.01923076923077 
846.0 310.030303030303 
849.0 308.02941176470586 
901.0 104.02127659574468 
903.0 102.0204081632653 
858.0 302.02564102564105 
887.0 194.02777777777777 
898.0 108.02173913043478 
906.0 101.02 
892.0 114.02325581395348 
894.0 111.02439024390245 
835.0 652.0526315789474 
837.0 650.0526315789474 
896.0 109.02325581395348 
857.0 304.0263157894737 
856.0 304.02702702702703 

813.0 608.0666666666667 
862.0 99.01923076923077 
828.0 546.0625 
829.0 176.03125 
840.0 108.02380952380952 
839.0 163.03225806451613 
815.0 606.0625 
818.0 565.0588235294117 
838.0 170.02777777777777 
824.0 563.05 
833.0 170.02857142857144 
844.0 102.02222222222223 
820.0 563.0526315789474 
856.0 101.01960784313725 
858.0 99.01960784313725 
848.0 102.02173913043478 
852.0 101.02 

810.0 584.0714285714286 
857.0 99.01886792452831 
827.0 523.0555555555555 
829.0 200.03225806451613 
838.0 113.02380952380952 
837.0 188.02702702702703 
812.0 582.0625 
815.0 541.0588235294117 
821.0 539.0526315789474 
842.0 107.02222222222223 
825.0 525.0625 
817.0 539.0555555555555 
851.0 99.02 
846.0 107.02173913043478 
855.0 99.01960784313725 
831.0 198.03030303030303 
833.0 194.02941176470588 
835.0 192.02777777777777 
849.0 101.02083333333333 
847.0 105.02127659574468 

815.0 584.0666666666667 
857.0 99.01923076923077 
826.0 539.05 
828.0 200.03225806451613 
833.0 194.02941176470588 
836.0 113.02380952380952 
817.0 582.0588235294117 
820.0 541.0588235294117 
838.0 111.02272727272727 
843.0 107.02222222222223 
822.0 539.0526315789474 
849.0 99.02 
853.0 99.01960784313725 
830.0 198.03030303030303 
845.0 105.02127659574468 
847.0 101.02083333333333 

817.0 560.0666666666667 
859.0 99.01960784313725 
826.0 517.0555555555555 
832.0 176.03225806451613 
836.0 170.02941176470588 
840.0 108.02380952380952 
821.0 560.0625 
822.0 517.0588235294117 
844.0 102.02222222222223 
854.0 101.02 
855.0 99.02 
848.0 102.02173913043478 
850.0 101.0204081632653 

860.0 94.01960784313725 
813.0 584.0666666666667 
829.0 200.03125 
828.0 525.0625 
817.0 584.0625 
818.0 541.0588235294117 
837.0 174.03030303030303 
826.0 541.0526315789474 
840.0 113.02380952380952 
833.0 200.03030303030303 
844.0 107.02222222222223 
848.0 106.02272727272727 
835.0 176.03225806451613 
822.0 541.0555555555555 
857.0 94.02 
841.0 113.02325581395348 
850.0 102.02083333333333 
855.0 96.02083333333333 
852.0 101.02083333333333 
853.0 100.02127659574468 

810.0 608.0666666666667 
857.0 99.01923076923077 
828.0 525.0625 
830.0 224.03225806451613 
840.0 188.02631578947367 
842.0 113.02325581395348 
818.0 541.0588235294117 
826.0 541.05 
813.0 584.0714285714286 
815.0 565.0588235294117 
832.0 200.03030303030303 
853.0 99.01960784313725 
822.0 541.0555555555555 
834.0 198.02941176470588 
836.0 194.02857142857144 
838.0 192.02702702702703 
844.0 111.02222222222223 
846.0 107.02173913043478 
851.0 101.0204081632653 
848.0 106.02083333333333 
849.0 105.02083333333333 

809.0 608.0666666666667 
857.0 99.01960784313725 
828.0 542.05 
831.0 224.03225806451613 
839.0 174.02857142857144 
840.0 108.02325581395348 
813.0 602.0555555555555 
814.0 565.0555555555555 
822.0 559.0454545454545 
824.0 546.0588235294117 
851.0 101.02083333333333 
846.0 106.02173913043478 
818.0 559.047619047619 
835.0 200.03125 
837.0 176.03030303030303 
833.0 224.03125 
842.0 106.02222222222223 
854.0 101.02 

863.0 99.01923076923077 
810.0 584.0714285714286 
829.0 200.03225806451613 
825.0 525.0625 
839.0 184.03333333333333 
841.0 113.02380952380952 
814.0 584.0666666666667 
815.0 541.0588235294117 
823.0 541.0526315789474 
858.0 99.01960784313725 
833.0 194.02941176470588 
845.0 102.02222222222223 
837.0 188.02702702702703 
853.0 101.02 
854.0 99.02 
849.0 101.02083333333333 
819.0 541.0555555555555 
843.0 108.02380952380952 

