0.8803418803418803 0.012619679716415496 
0.5213675213675214 0.7113728841059346 
0.5726495726495726 0.7003106543744385 
0.6068376068376068 0.17193285253446752 
0.7350427350427351 0.03470614848857754 
0.7094017094017094 0.14512300800459235 
0.6581196581196581 0.16088797906863786 
0.7692307692307693 0.025240587833713368 
0.8461538461538461 0.01262035027607319 
0.5384615384615384 0.7097891563063935 
0.6923076923076923 0.14670016431948799 
0.6239316239316239 0.1703556962195719 
0.8034188034188035 0.01577609148948301 
0.8290598290598291 0.01577536199997566 

0.23931623931623933 0.930591040391781 
1.0 0.011040094204269376 
0.3418803418803419 0.8737899434675191 
0.36752136752136755 0.39115758030495945 
0.5299145299145299 0.32805818473984355 
0.6752136752136753 0.17035400035256662 
0.7777777777777778 0.03470614848857754 
0.7606837606837606 0.1451211951812419 
0.38461538461538464 0.34384119499108545 
0.2564102564102564 0.9274309293931848 
0.2905982905982906 0.8832705525761073 
0.6923076923076923 0.16719660432822037 
0.7350427350427351 0.16088657340347307 
0.4444444444444444 0.3343711909891897 
0.47863247863247865 0.33437000693790225 
0.9316239316239316 0.01104126117157598 
0.9658119658119658 0.011040666467083194 
0.4017094017094017 0.34068379896673906 
0.42735042735042733 0.337528080671783 
0.8717948717948718 0.01577536199997566 
0.8888888888888888 0.012619679716415496 
0.5042735042735043 0.3280591957374814 
0.7521367521367521 0.1577296837208797 
0.8461538461538461 0.022084716749065512 
0.9145299145299145 0.011041879664248485 
0.7948717948717948 0.031550046685428476 
0.811965811965812 0.026820366914099416 
0.3076923076923077 0.8801064742725397 
0.3247863247863248 0.8769521616427486 
0.8290598290598291 0.023664265110950353 
0.49572649572649574 0.3312145725753124 
0.48717948717948717 0.331215694308111 

0.11965811965811966 0.8107337319443589 
0.5384615384615384 0.007886353837291945 
0.24786324786324787 0.7129434689361847 
0.2564102564102564 0.12934634628996294 
0.3504273504273504 0.022087982083050794 
0.3418803418803419 0.10884490407163726 
0.13675213675213677 0.8075728478299222 
0.1623931623931624 0.7429036405503967 
0.3333333333333333 0.11987793216338469 
0.21367521367521367 0.7397354118354741 
0.2905982905982906 0.11987918387474575 
0.38461538461538464 0.012622540770955003 
0.1794871794871795 0.7397395622468291 
0.48717948717948717 0.01104126117157598 
0.5042735042735043 0.007886948541784728 
0.4188034188034188 0.01262177885969176 
0.452991452991453 0.011041879664248485 

0.09401709401709402 0.77288949065503 
0.49572649572649574 0.007885781574478124 
0.23931623931623933 0.6766579212191763 
0.2564102564102564 0.16719968772277538 
0.3333333333333333 0.02997376365752892 
0.3247863247863248 0.1482655617802185 
0.1111111111111111 0.7697210962724272 
0.13675213675213677 0.7050518889929017 
0.18803418803418803 0.7018878106893341 
0.36752136752136755 0.020508322345433126 
0.2222222222222222 0.6798231863233766 
0.15384615384615385 0.7018924222575063 
0.4444444444444444 0.007887567034457236 
0.4017094017094017 0.020507560434169885 
0.47863247863247865 0.007886948541784728 
0.27350427350427353 0.1640422916984291 
0.2905982905982906 0.15773226077368183 
0.3076923076923077 0.15457537109108843 
0.42735042735042733 0.011043193961177564 
0.41025641025641024 0.017352518314871283 

0.13675213675213677 0.772881980386864 
0.49572649572649574 0.007886353837291945 
0.23076923076923078 0.7018836602779791 
0.24786324786324787 0.16719968772277538 
0.2905982905982906 0.15773226077368183 
0.3162393162393162 0.02997376365752892 
0.15384615384615385 0.7697152979036224 
0.1794871794871795 0.7050518889929017 
0.3333333333333333 0.026817744148608994 
0.37606837606837606 0.020508322345433126 
0.19658119658119658 0.7018878106893341 
0.42735042735042733 0.007887567034457236 
0.46153846153846156 0.007886948541784728 
0.26495726495726496 0.1640422916984291 
0.39316239316239315 0.017352518314871283 
0.41025641025641024 0.011043193961177564 

0.15384615384615385 0.735030228829369 
0.5128205128205128 0.007886948541784728 
0.23076923076923078 0.6671949833298025 
0.28205128205128205 0.12934793616528037 
0.3162393162393162 0.11988050921618681 
0.3504273504273504 0.022087982083050794 
0.18803418803418803 0.7350236573447234 
0.19658119658119658 0.6672001374354067 
0.38461538461538464 0.012622540770955003 
0.4700854700854701 0.011041879664248485 
0.47863247863247865 0.007887567034457236 
0.4188034188034188 0.01262177885969176 
0.4358974358974359 0.011042523401519871 

0.5213675213675214 1.1669673066031722E-6 
0.11965811965811966 0.772881980386864 
0.2564102564102564 0.16719809784745795 
0.24786324786324787 0.6798231863233766 
0.15384615384615385 0.7728754089022184 
0.1623931623931624 0.7050518889929017 
0.3247863247863248 0.12619054014093412 
0.23076923076923078 0.7050421233191254 
0.3504273504273504 0.02997376365752892 
0.2905982905982906 0.16719660432822037 
0.38461538461538464 0.020508322345433126 
0.4188034188034188 0.018931962574130868 
0.3076923076923077 0.12934793616528037 
0.19658119658119658 0.7050467348872975 
0.49572649572649574 1.785459979110698E-6 
0.358974358974359 0.029972890370532853 
0.4358974358974359 0.01262035027607319 
0.47863247863247865 0.0031574123866994395 
0.452991452991453 0.011043193961177564 
0.46153846153846156 0.00946673674039316 

0.09401709401709402 0.8107337319443589 
0.49572649572649574 0.007886353837291945 
0.24786324786324787 0.6798231863233766 
0.26495726495726496 0.2050514392802704 
0.3504273504273504 0.14826444004741982 
0.36752136752136755 0.029972890370532853 
0.1623931623931624 0.7050518889929017 
0.23076923076923078 0.7050379729077703 
0.11965811965811966 0.77288949065503 
0.13675213675213677 0.7429036405503967 
0.28205128205128205 0.16719660432822037 
0.46153846153846156 0.007886948541784728 
0.19658119658119658 0.7050467348872975 
0.29914529914529914 0.1640408860332643 
0.3162393162393162 0.15773093543224073 
0.3333333333333333 0.154574187039801 
0.38461538461538464 0.02681694760501563 
0.4017094017094017 0.020507560434169885 
0.4444444444444444 0.011042523401519871 
0.4188034188034188 0.01892897553565569 
0.42735042735042733 0.017351819220760064 

0.08547008547008547 0.8107337319443589 
0.49572649572649574 0.007886948541784728 
0.24786324786324787 0.7066151292226659 
0.27350427350427353 0.2050514392802704 
0.3418803418803419 0.12618780913432825 
0.3504273504273504 0.02208710879605473 
0.11965811965811966 0.8012532700959307 
0.1282051282051282 0.7428984864447925 
0.19658119658119658 0.7334196176835511 
0.21367521367521367 0.7129376705673799 
0.4444444444444444 0.011043193961177564 
0.4017094017094017 0.01893040411927426 
0.1623931623931624 0.7334230314418085 
0.3076923076923077 0.16719809784745795 
0.3247863247863248 0.12934485277072535 
0.2905982905982906 0.20504984940495294 
0.36752136752136755 0.018931166030537502 
0.4700854700854701 0.011041879664248485 

0.5470085470085471 0.007886353837291945 
0.09401709401709402 0.77288949065503 
0.2564102564102564 0.16719968772277538 
0.2222222222222222 0.6798231863233766 
0.3418803418803419 0.14196688255145065 
0.358974358974359 0.02997376365752892 
0.1282051282051282 0.772881980386864 
0.13675213675213677 0.7050518889929017 
0.20512820512820512 0.7050421233191254 
0.5042735042735043 0.007886948541784728 
0.2905982905982906 0.15773226077368183 
0.39316239316239315 0.012622540770955003 
0.3247863247863248 0.1482655617802185 
0.46153846153846156 0.011041879664248485 
0.4700854700854701 0.007887567034457236 
0.42735042735042733 0.011043193961177564 
0.17094017094017094 0.7050467348872975 
0.37606837606837606 0.022087982083050794 

