0.029585798816568046 0.347604485219164 
0.03550295857988166 0.017584097859327293 
0.16962524654832348 0.006880733944954103 
0.15976331360946747 0.008664627930682945 
0.08284023668639054 0.009713977334052852 
0.25443786982248523 0.0054211843202669075 
0.07100591715976332 0.013761467889908348 
0.07889546351084813 0.010894495412844067 
0.0611439842209073 0.015525758645024786 
0.4418145956607495 0.0036697247706422454 
0.16173570019723865 0.0077257363592468245 
0.2859960552268245 0.00420489296636084 
0.28007889546351084 0.004786597526924705 
