0.029585798816568046 0.347604485219164 

0.4378698224852071 0.32381923207611285 
0.09664694280078895 0.3411175979983319 
0.2879684418145957 0.3242766407904022 
0.1203155818540434 0.33662667607621727 
0.17357001972386588 0.33081489476524545 
0.19723865877712032 0.32721712538226294 
0.2564102564102564 0.3265221017514597 
0.17751479289940827 0.3288266537904393 
0.26627218934911245 0.3258875149581173 
0.2859960552268245 0.3247706422018349 
0.1893491124260355 0.3279816513761467 

0.03550295857988166 0.017584097859327293 
0.3136094674556213 0.00420489296636084 
0.16962524654832348 0.006880733944954103 
0.15976331360946747 0.008664627930682945 
0.08284023668639054 0.009713977334052852 
0.25443786982248523 0.0054211843202669075 
0.07100591715976332 0.013761467889908348 
0.07889546351084813 0.010894495412844067 
0.0611439842209073 0.015525758645024786 
0.28402366863905326 0.004786597526924705 

0.6863905325443787 0.3242766407904022 
0.09861932938856016 0.33868501529051975 
0.27218934911242604 0.3279816513761467 
0.6489151873767258 0.3265221017514597 
0.1341222879684418 0.33199541284403666 
0.1222879684418146 0.3348623853211008 
0.11045364891518737 0.33662667607621727 
0.1952662721893491 0.3297655453618756 
0.24260355029585798 0.3288266537904393 
0.16173570019723865 0.33081489476524545 
0.6607495069033531 0.3253058103975536 
0.6804733727810651 0.3247706422018349 
0.6568047337278107 0.3258875149581173 

0.9467455621301775 0.3222846996152708 
0.09861932938856016 0.347604485219164 
0.16370808678500987 0.33868501529051975 
0.6903353057199211 0.3226299694189602 
0.2445759368836292 0.3297655453618756 
0.49506903353057197 0.32381923207611285 
0.6410256410256411 0.323394495412844 
0.4181459566074951 0.32721712538226294 
0.34122287968441817 0.3279816513761467 
0.1932938856015779 0.33662667607621727 
0.4437869822485207 0.3253058103975536 
0.21893491124260356 0.3348623853211008 
0.23274161735700197 0.33199541284403666 
0.46942800788954636 0.3242766407904022 
0.23076923076923078 0.33333333333333326 
0.6646942800788954 0.32299905093324893 

0.4418145956607495 0.0036697247706422454 
0.08481262327416174 0.3520642201834862 
0.1893491124260355 0.33081489476524545 
0.1952662721893491 0.009713977334052852 
0.34516765285996054 0.006880733944954103 
0.21301775147928995 0.0077257363592468245 
0.13214990138067062 0.33662667607621727 
0.39644970414201186 0.00420489296636084 
0.17751479289940827 0.3348623853211008 
0.11637080867850098 0.3440366972477063 
0.08875739644970414 0.347604485219164 

0.07100591715976332 0.3411175979983319 
0.20907297830374755 0.006880733944954103 
0.11242603550295859 0.013761467889908348 
0.16173570019723865 0.0077257363592468245 
0.14990138067061143 0.010894495412844067 
0.1242603550295858 0.01223241590214077 

0.09467455621301775 0.347604485219164 
0.9526627218934911 0.3222846996152708 
0.7455621301775148 0.3226299694189602 
0.1992110453648915 0.3348623853211008 
0.22682445759368836 0.3297655453618756 
0.5680473372781065 0.32299905093324893 
0.41222879684418146 0.32381923207611285 
0.5641025641025641 0.323394495412844 
0.16962524654832348 0.33868501529051975 
0.11637080867850098 0.3440366972477063 
0.14201183431952663 0.3411175979983319 
0.252465483234714 0.32721712538226294 
0.2485207100591716 0.3288266537904393 
0.28402366863905326 0.3258875149581173 
0.3431952662721893 0.3247706422018349 
0.33727810650887574 0.3253058103975536 
0.398422090729783 0.3242766407904022 
0.2781065088757396 0.3265221017514597 

0.2859960552268245 0.00420489296636084 
0.09664694280078895 0.347604485219164 
0.21104536489151873 0.3297655453618756 
0.21893491124260356 0.0077257363592468245 
0.126232741617357 0.33662667607621727 
0.1913214990138067 0.33333333333333326 
0.25443786982248523 0.006116207951070314 
0.28007889546351084 0.004786597526924705 
0.11834319526627218 0.3440366972477063 
0.23076923076923078 0.006880733944954103 
0.1992110453648915 0.33199541284403666 

0.42998027613412226 0.3247706422018349 
0.03353057199211045 0.347604485219164 
0.14201183431952663 0.33662667607621727 
0.28402366863905326 0.3253058103975536 
0.23471400394477318 0.32721712538226294 
0.15384615384615385 0.3348623853211008 
0.16568047337278108 0.33081489476524545 
0.17751479289940827 0.3297655453618756 
0.27613412228796846 0.3258875149581173 

