610.0 4.111111111111111 

817.0 4.037037037037037 
644.0 4.090909090909091 
741.0 4.038461538461538 
656.0 4.076923076923077 
683.0 4.0588235294117645 
695.0 4.0476190476190474 
725.0 4.045454545454546 
685.0 4.052631578947368 
730.0 4.043478260869565 
740.0 4.04 
691.0 4.05 

613.0 3.0833333333333335 
754.0 3.0416666666666665 
681.0 3.05 
676.0 3.0555555555555554 
637.0 3.0588235294117645 
724.0 3.0454545454545454 
631.0 3.0714285714285716 
635.0 3.0625 
626.0 3.076923076923077 
739.0 3.0434782608695654 

943.0 4.038461538461538 
645.0 4.083333333333333 
733.0 4.05 
924.0 4.045454545454546 
663.0 4.0625 
657.0 4.071428571428571 
651.0 4.076923076923077 
694.0 4.055555555555555 
718.0 4.052631578947368 
677.0 4.0588235294117645 
930.0 4.041666666666667 
940.0 4.04 
928.0 4.043478260869565 

1075.0 4.032258064516129 
645.0 4.111111111111111 
678.0 4.083333333333333 
945.0 4.033333333333333 
719.0 4.055555555555555 
846.0 4.037037037037037 
920.0 4.035714285714286 
807.0 4.0476190476190474 
768.0 4.05 
693.0 4.076923076923077 
820.0 4.041666666666667 
706.0 4.071428571428571 
713.0 4.0625 
833.0 4.038461538461538 
712.0 4.066666666666666 
932.0 4.0344827586206895 

819.0 3.04 
638.0 4.125 
691.0 4.0588235294117645 
694.0 3.0588235294117645 
770.0 3.05 
703.0 3.0526315789473686 
662.0 4.076923076923077 
796.0 3.0416666666666665 
685.0 4.071428571428571 
654.0 4.1 
640.0 4.111111111111111 

631.0 4.090909090909091 
701.0 3.05 
652.0 3.0714285714285716 
677.0 3.0526315789473686 
671.0 3.0625 
658.0 3.066666666666667 

643.0 4.111111111111111 
1078.0 4.032258064516129 
973.0 4.033333333333333 
696.0 4.071428571428571 
710.0 4.055555555555555 
883.0 4.0344827586206895 
804.0 4.037037037037037 
881.0 4.035714285714286 
681.0 4.083333333333333 
654.0 4.1 
667.0 4.090909090909091 
723.0 4.0476190476190474 
721.0 4.052631578947368 
739.0 4.043478260869565 
769.0 4.04 
766.0 4.041666666666667 
797.0 4.038461538461538 
736.0 4.045454545454546 

740.0 3.0416666666666665 
644.0 4.111111111111111 
702.0 4.055555555555555 
706.0 3.0526315789473686 
659.0 4.076923076923077 
692.0 4.066666666666666 
724.0 3.0476190476190474 
737.0 3.0434782608695654 
655.0 4.1 
712.0 3.05 
696.0 4.0625 

813.0 4.04 
612.0 4.111111111111111 
667.0 4.076923076923077 
739.0 4.041666666666667 
714.0 4.0476190476190474 
673.0 4.071428571428571 
679.0 4.0588235294117645 
685.0 4.055555555555555 
735.0 4.043478260869565 

