0.024029574861367836 0.03139013452914801 
0.8650646950092421 0.0014465499783017728 
0.031423290203327174 0.026905829596412602 
0.5489833641404805 0.0025624599615630913 
0.6691312384473198 0.0021648368640791536 
0.7837338262476895 0.001793721973094164 
0.14417744916820702 0.014093529788597146 
0.04251386321626617 0.023318385650224274 
0.18853974121996303 0.00896860986547082 
0.051756007393715345 0.020383204239706486 
0.3197781885397412 0.0057072971871178334 
0.2680221811460259 0.008024545669105584 
0.3567467652495379 0.005069214271787967 
0.10351201478743069 0.015867540531217746 
0.4417744916820702 0.003449465332873392 
0.4658040665434381 0.002989536621823702 
0.07763401109057301 0.017937219730941784 
0.16266173752310537 0.011210762331838597 
0.31053604436229204 0.007174887892376656 
0.17005545286506468 0.010023740437879151 
