669.0 4.083333333333333 
965.0 4.03030303030303 
807.0 4.04 
681.0 4.071428571428571 
740.0 4.0476190476190474 
686.0 4.0588235294117645 
803.0 4.045454545454546 
872.0 4.038461538461538 
929.0 4.037037037037037 
707.0 4.05 
674.0 4.076923076923077 
690.0 4.055555555555555 
706.0 4.052631578947368 
805.0 4.043478260869565 
939.0 4.0344827586206895 
948.0 4.033333333333333 
952.0 4.032258064516129 
961.0 4.03125 
933.0 4.035714285714286 

668.0 4.111111111111111 
906.0 4.0344827586206895 
669.0 4.083333333333333 
820.0 4.045454545454546 
857.0 4.035714285714286 
778.0 4.0476190476190474 
701.0 4.071428571428571 
745.0 4.05 
729.0 4.066666666666666 
685.0 4.076923076923077 
739.0 4.0588235294117645 
741.0 4.052631578947368 
830.0 4.041666666666667 
838.0 4.038461538461538 
733.0 4.0625 
848.0 4.037037037037037 

664.0 4.111111111111111 
809.0 4.035714285714286 
707.0 4.052631578947368 
678.0 4.076923076923077 
752.0 4.045454545454546 
720.0 4.0476190476190474 
668.0 4.1 
675.0 4.083333333333333 
769.0 4.038461538461538 
800.0 4.037037037037037 
711.0 4.05 
760.0 4.041666666666667 
765.0 4.04 

607.0 4.1 
640.0 4.076923076923077 

649.0 4.1 
814.0 4.037037037037037 
690.0 4.052631578947368 
753.0 4.0476190476190474 
672.0 4.076923076923077 
683.0 4.055555555555555 
676.0 4.071428571428571 
780.0 4.04 
811.0 4.038461538461538 
759.0 4.043478260869565 
757.0 4.045454545454546 

607.0 3.125 
1062.0 3.032258064516129 
611.0 3.111111111111111 
891.0 3.0357142857142856 
956.0 3.0344827586206895 
1018.0 3.033333333333333 
672.0 3.0714285714285716 
617.0 3.1 
696.0 3.0555555555555554 
622.0 3.090909090909091 
767.0 3.0454545454545454 
739.0 3.0526315789473686 
787.0 3.0434782608695654 
650.0 3.076923076923077 
833.0 3.0384615384615383 
846.0 3.037037037037037 
636.0 3.0833333333333335 
682.0 3.0625 
762.0 3.05 
686.0 3.0588235294117645 

826.0 4.033333333333333 
662.0 4.090909090909091 
738.0 4.038461538461538 
808.0 4.035714285714286 
699.0 4.052631578947368 
686.0 4.066666666666666 
666.0 4.076923076923077 
674.0 4.071428571428571 
715.0 4.05 
726.0 4.041666666666667 
719.0 4.0476190476190474 
818.0 4.0344827586206895 
725.0 4.043478260869565 
734.0 4.04 

631.0 4.083333333333333 
1067.0 4.03125 
971.0 4.033333333333333 
824.0 4.0344827586206895 
648.0 4.066666666666666 
720.0 4.037037037037037 
818.0 4.035714285714286 
655.0 4.0588235294117645 
707.0 4.043478260869565 
718.0 4.038461538461538 
669.0 4.052631578947368 
659.0 4.055555555555555 
685.0 4.05 
700.0 4.0476190476190474 
705.0 4.045454545454546 

974.0 4.029411764705882 
677.0 4.111111111111111 
843.0 4.0344827586206895 
957.0 4.032258064516129 
687.0 4.090909090909091 
748.0 4.076923076923077 
679.0 4.1 
788.0 4.052631578947368 
769.0 4.0588235294117645 
760.0 4.066666666666666 
759.0 4.071428571428571 
773.0 4.055555555555555 
792.0 4.0476190476190474 
831.0 4.035714285714286 
796.0 4.045454545454546 
804.0 4.043478260869565 
809.0 4.041666666666667 
817.0 4.04 
961.0 4.03125 
969.0 4.03030303030303 
823.0 4.038461538461538 
826.0 4.037037037037037 

657.0 4.1 
760.0 4.0344827586206895 
689.0 4.071428571428571 
713.0 4.05 
698.0 4.0625 
727.0 4.0476190476190474 
747.0 4.037037037037037 
758.0 4.035714285714286 
709.0 4.055555555555555 
705.0 4.0588235294117645 
729.0 4.045454545454546 
737.0 4.041666666666667 
741.0 4.04 
745.0 4.038461538461538 

