0.13863216266173753 0.3408071748878923 
0.6857670979667283 0.32368528332653895 
0.39371534195933455 0.3268161434977579 
0.16081330868761554 0.3369634849455477 
0.2698706099815157 0.3292761050608584 
0.17005545286506468 0.33289369559482984 
0.38632162661737524 0.32857725234406865 
0.5138632162661737 0.32631942048982404 
0.6192236598890942 0.3258594917787744 
0.2088724584103512 0.3300448430493273 
0.1478743068391867 0.33873749568816824 
0.17744916820702403 0.3318385650224215 
0.20702402957486138 0.3308945008260561 
0.3900184842883549 0.32793916942873863 
0.6377079482439926 0.3250347920210298 
0.6543438077634011 0.32466367713004485 
0.6617375231053605 0.32431650513525245 
0.678373382624769 0.3239910313901346 
0.6266173752310537 0.32543241511851373 

0.1367837338262477 0.34977578475336313 
0.5767097966728281 0.3250347920210298 
0.13863216266173753 0.3408071748878923 
0.4177449168207024 0.32857725234406865 
0.48613678373382624 0.32543241511851373 
0.34011090573012936 0.3292761050608584 
0.1977818853974122 0.3369634849455477 
0.27911275415896486 0.3300448430493273 
0.24953789279112754 0.3354260089686098 
0.16820702402957485 0.33873749568816824 
0.2680221811460259 0.33289369559482984 
0.27171903881700554 0.3308945008260561 
0.43622920517560076 0.3273542600896862 
0.4510166358595194 0.32631942048982404 
0.25693160813308685 0.33408071748878926 
0.46950092421441775 0.3258594917787744 

0.12939001848428835 0.34977578475336313 
0.3974121996303142 0.32543241511851373 
0.2088724584103512 0.3308945008260561 
0.15526802218114602 0.33873749568816824 
0.2920517560073937 0.32857725234406865 
0.23290203327171904 0.3292761050608584 
0.1367837338262477 0.3461883408071748 
0.14972273567467653 0.3408071748878923 
0.3234750462107209 0.32631942048982404 
0.3807763401109057 0.3258594917787744 
0.21626617375231053 0.3300448430493273 
0.3068391866913124 0.3273542600896862 
0.31608133086876156 0.3268161434977579 

0.024029574861367836 0.3461883408071748 
0.08502772643253234 0.33873749568816824 

0.10166358595194085 0.3461883408071748 
0.4066543438077634 0.3258594917787744 
0.17744916820702403 0.3308945008260561 
0.29390018484288355 0.3292761050608584 
0.14417744916820702 0.33873749568816824 
0.1645101663585952 0.3318385650224215 
0.15157116451016636 0.3369634849455477 
0.3438077634011091 0.3268161434977579 
0.4011090573012939 0.32631942048982404 
0.3049907578558225 0.32793916942873863 
0.30129390018484287 0.32857725234406865 

0.024029574861367836 0.03139013452914801 
0.8650646950092421 0.0014465499783017728 
0.031423290203327174 0.026905829596412602 
0.5489833641404805 0.0025624599615630913 
0.6691312384473198 0.0021648368640791536 
0.7837338262476895 0.001793721973094164 
0.14417744916820702 0.014093529788597146 
0.04251386321626617 0.023318385650224274 
0.18853974121996303 0.00896860986547082 
0.051756007393715345 0.020383204239706486 
0.3197781885397412 0.0057072971871178334 
0.2680221811460259 0.008024545669105584 
0.3567467652495379 0.005069214271787967 
0.10351201478743069 0.015867540531217746 
0.4417744916820702 0.003449465332873392 
0.4658040665434381 0.002989536621823702 
0.07763401109057301 0.017937219730941784 
0.16266173752310537 0.011210762331838597 
0.31053604436229204 0.007174887892376656 
0.17005545286506468 0.010023740437879151 

0.4288354898336414 0.32466367713004485 
0.1256931608133087 0.3432531593966571 
0.266173752310536 0.32631942048982404 
0.3955637707948244 0.32543241511851373 
0.19408502772643252 0.3308945008260561 
0.17005545286506468 0.3354260089686098 
0.133086876155268 0.33873749568816824 
0.1478743068391867 0.3369634849455477 
0.22365988909426987 0.3300448430493273 
0.24399260628465805 0.3273542600896862 
0.23105360443622922 0.3292761050608584 
0.41404805914972276 0.3250347920210298 
0.24214417744916822 0.32793916942873863 
0.2587800369685767 0.3268161434977579 

0.06839186691312385 0.3408071748878923 
0.8743068391866913 0.3239910313901346 
0.6968576709796673 0.32466367713004485 
0.42513863216266173 0.3250347920210298 
0.09981515711645102 0.3354260089686098 
0.23290203327171904 0.3258594917787744 
0.41404805914972276 0.32543241511851373 
0.11275415896487985 0.33289369559482984 
0.2088724584103512 0.32793916942873863 
0.22920517560073936 0.32631942048982404 
0.13863216266173753 0.3308945008260561 
0.12014787430683918 0.3318385650224215 
0.16820702402957485 0.3300448430493273 
0.19593345656192238 0.3292761050608584 
0.20517560073937152 0.32857725234406865 

0.7024029574861368 0.32339752044315484 
0.1534195933456562 0.34977578475336313 
0.4602587800369686 0.3250347920210298 
0.6709796672828097 0.32431650513525245 
0.17190388170055454 0.3432531593966571 
0.2846580406654344 0.33873749568816824 
0.15711645101663585 0.3461883408071748 
0.3585951940850277 0.3308945008260561 
0.3234750462107209 0.33289369559482984 
0.3068391866913124 0.3354260089686098 
0.3049907578558225 0.3369634849455477 
0.33086876155268025 0.3318385650224215 
0.3659889094269871 0.3292761050608584 
0.43807763401109057 0.32543241511851373 
0.3733826247689464 0.32857725234406865 
0.38817005545286504 0.32793916942873863 
0.3974121996303142 0.3273542600896862 
0.4121996303142329 0.3268161434977579 
0.678373382624769 0.3239910313901346 
0.6931608133086876 0.32368528332653895 
0.4232902033271719 0.32631942048982404 
0.4288354898336414 0.3258594917787744 

0.11645101663585952 0.3461883408071748 
0.3068391866913124 0.3250347920210298 
0.1756007393715342 0.3369634849455477 
0.2199630314232902 0.3300448430493273 
0.1922365988909427 0.33408071748878926 
0.24584103512014788 0.3292761050608584 
0.2828096118299446 0.3258594917787744 
0.3031423290203327 0.32543241511851373 
0.21256931608133087 0.3318385650224215 
0.20517560073937152 0.33289369559482984 
0.24953789279112754 0.32857725234406865 
0.2643253234750462 0.3273542600896862 
0.27171903881700554 0.3268161434977579 
0.27911275415896486 0.32631942048982404 

