0.4787234042553192 0.3289976533690914 
0.1453900709219858 0.34777070063694254 
0.3280141843971631 0.329936305732484 
0.26773049645390073 0.3321656050955414 
0.24822695035460993 0.33885350318471325 
0.20921985815602837 0.34420382165605085 
0.2393617021276596 0.3412854661262304 

0.15070921985815602 0.34777070063694254 
0.34397163120567376 0.329936305732484 
0.2198581560283688 0.3350318471337579 
0.2925531914893617 0.3309853877856874 
0.18439716312056736 0.33885350318471325 
0.24645390070921985 0.3321656050955414 
0.17198581560283688 0.34420382165605085 
0.17553191489361702 0.3412854661262304 
0.2429078014184397 0.3335031847133757 

0.35815602836879434 0.329936305732484 
0.14361702127659576 1.0 
0.14893617021276595 0.989808917197452 
0.17553191489361702 0.34777070063694254 
0.28900709219858156 0.3309853877856874 
0.24468085106382978 0.33679568838804497 
0.2854609929078014 0.3321656050955414 
0.19858156028368795 0.34420382165605085 
0.22163120567375885 0.33885350318471325 

0.3599290780141844 0.329936305732484 
0.16489361702127658 0.9942675159235668 
0.16843971631205673 0.3522292993630573 
0.23049645390070922 0.34420382165605085 
0.17553191489361702 0.34777070063694254 
0.31560283687943264 0.3350318471337579 
0.2765957446808511 0.33679568838804497 
0.3280141843971631 0.3309853877856874 
0.25177304964539005 0.33885350318471325 

0.16312056737588654 0.34777070063694254 
0.374113475177305 0.3289976533690914 
0.2429078014184397 0.329936305732484 
0.19148936170212766 0.33885350318471325 
0.2127659574468085 0.3321656050955414 
0.20567375886524822 0.3350318471337579 
0.19326241134751773 0.33679568838804497 
0.22695035460992907 0.3309853877856874 

0.36347517730496454 0.329936305732484 
0.1595744680851064 0.3522292993630573 
0.20212765957446807 0.33885350318471325 
0.2553191489361702 0.33679568838804497 
0.20035460992907803 0.34420382165605085 
0.16666666666666666 0.34777070063694254 
0.3102836879432624 0.3321656050955414 
0.3333333333333333 0.3309853877856874 

0.46808510638297873 0.3289976533690914 
0.13120567375886524 0.3522292993630573 
0.324468085106383 0.329936305732484 
0.20390070921985815 0.3350318471337579 
0.1347517730496454 0.34777070063694254 
0.17198581560283688 0.34420382165605085 
0.17553191489361702 0.3412854661262304 
0.18439716312056736 0.33885350318471325 
0.19680851063829788 0.33679568838804497 

0.15602836879432624 0.3522292993630573 
0.3421985815602837 0.329936305732484 
0.20035460992907803 0.34420382165605085 
0.26773049645390073 0.33679568838804497 
0.1595744680851064 0.34777070063694254 
0.2783687943262411 0.3335031847133757 
0.3067375886524823 0.3321656050955414 
0.31382978723404253 0.3309853877856874 

0.3421985815602837 0.329936305732484 
0.17375886524822695 0.3522292993630573 
0.19680851063829788 0.33885350318471325 
0.2712765957446808 0.3321656050955414 
0.3351063829787234 0.3309853877856874 
0.25177304964539005 0.33679568838804497 
0.1879432624113475 0.34420382165605085 
0.18439716312056736 0.34777070063694254 
0.26063829787234044 0.3350318471337579 

0.12411347517730496 0.35796178343949053 
0.5514184397163121 0.329936305732484 
0.2127659574468085 0.3309853877856874 
0.17198581560283688 0.33679568838804497 
0.13652482269503546 0.3522292993630573 
0.1950354609929078 0.3350318471337579 
0.19858156028368795 0.3321656050955414 

