865.0 4.052631578947368 
677.0 4.111111111111111 
780.0 4.055555555555555 
746.0 4.0625 
735.0 4.083333333333333 
713.0 4.1 
730.0 4.090909090909091 

680.0 4.111111111111111 
789.0 4.055555555555555 
719.0 4.071428571428571 
760.0 4.0588235294117645 
699.0 4.083333333333333 
734.0 4.0625 
692.0 4.1 
694.0 4.090909090909091 
732.0 4.066666666666666 

797.0 4.055555555555555 
676.0 6.142857142857143 
679.0 6.111111111111111 
694.0 4.111111111111111 
758.0 4.0588235294117645 
733.0 4.076923076923077 
756.0 4.0625 
707.0 4.1 
720.0 4.083333333333333 

798.0 4.055555555555555 
688.0 6.125 
690.0 4.125 
725.0 4.1 
694.0 4.111111111111111 
773.0 4.071428571428571 
751.0 4.076923076923077 
780.0 4.0588235294117645 
737.0 4.083333333333333 

687.0 4.111111111111111 
806.0 4.052631578947368 
732.0 4.055555555555555 
703.0 4.083333333333333 
715.0 4.0625 
711.0 4.071428571428571 
704.0 4.076923076923077 
723.0 4.0588235294117645 

800.0 4.055555555555555 
685.0 4.125 
709.0 4.083333333333333 
739.0 4.076923076923077 
708.0 4.1 
689.0 4.111111111111111 
770.0 4.0625 
783.0 4.0588235294117645 

859.0 4.052631578947368 
669.0 4.125 
778.0 4.055555555555555 
710.0 4.071428571428571 
671.0 4.111111111111111 
692.0 4.1 
694.0 4.090909090909091 
699.0 4.083333333333333 
706.0 4.076923076923077 

683.0 4.125 
788.0 4.055555555555555 
708.0 4.1 
746.0 4.076923076923077 
685.0 4.111111111111111 
752.0 4.066666666666666 
768.0 4.0625 
772.0 4.0588235294117645 

788.0 4.055555555555555 
693.0 4.125 
706.0 4.083333333333333 
748.0 4.0625 
784.0 4.0588235294117645 
737.0 4.076923076923077 
701.0 4.1 
699.0 4.111111111111111 
742.0 4.071428571428571 

665.0 4.142857142857143 
906.0 4.055555555555555 
715.0 4.0588235294117645 
692.0 4.076923076923077 
672.0 4.125 
705.0 4.071428571428571 
707.0 4.0625 

