1456.0 477.0416666666667 
1823.0 100.01315789473684 
1458.0 467.0416666666667 
1461.0 111.02439024390245 
1672.0 100.01538461538462 
1721.0 100.01351351351352 
1817.0 100.01333333333334 
1592.0 100.015625 
1493.0 100.01785714285714 
1526.0 100.01754385964912 
1565.0 100.01612903225806 
1538.0 100.01694915254237 
1698.0 100.01428571428572 
1692.0 100.01449275362319 
1481.0 101.02127659574468 
1471.0 103.02127659574468 
1464.0 103.02173913043478 
1462.0 109.02325581395348 
1483.0 100.01923076923077 
1489.0 100.01886792452831 
1463.0 105.02272727272727 
