0.0373861137291863 0.022827462004456154 
0.03707194470625196 0.035482344740567696 
0.039271127866792335 0.022826385729606255 
0.036757775683317624 0.035484454239273495 
0.029217719132893498 0.9569398576677984 
0.1096449890040842 0.02028055253759709 
0.10493245366006912 0.020281108156220223 
0.08136977693999371 0.02028415509705671 
0.027646874018221804 0.9696114991991838 
0.03361608545397424 0.06080744266679883 
0.03550109959158027 0.03548674717264937 
0.03424442349984291 0.045614842342367824 
0.034872761545711596 0.040549544066576314 
0.04461200125667609 0.02029020383886547 
0.02827521206409048 0.9620248042981364 
0.12566760917373546 0.02027753417696876 
0.04052780395852969 0.02029108832469601 
0.0691171850455545 0.020287736588917162 
0.0706880301602262 0.02028551606396368 
0.10430411561420044 0.02028287919058143 
