1462.0 115.02439024390245 
1508.0 95.02 
1485.0 95.0204081632653 
1464.0 110.02439024390245 
1466.0 103.02083333333333 
1472.0 96.02083333333333 
1471.0 101.02 
1468.0 102.02222222222223 
1478.0 96.0204081632653 
1470.0 101.02083333333333 

2253.0 100.01052631578948 
1475.0 467.030303030303 
1477.0 108.02173913043478 
1771.0 100.01449275362319 
1943.0 100.01428571428572 
2223.0 100.01098901098901 
2079.0 100.01219512195122 
1607.0 100.01612903225806 
1749.0 100.01492537313433 
1539.0 100.01818181818182 
2008.0 100.01315789473684 
2075.0 100.01234567901234 
1949.0 100.01408450704226 
1490.0 100.01851851851852 
1480.0 101.02083333333333 
1483.0 100.01886792452831 

1446.0 465.03125 
1702.0 95.01470588235294 
1465.0 464.03225806451616 
1475.0 107.01886792452831 
1687.0 95.01492537313433 
1612.0 95.01612903225806 
1606.0 95.01785714285714 
1545.0 97.01724137931035 
1483.0 97.01960784313725 
1537.0 97.01886792452831 
1477.0 101.01960784313725 
1539.0 97.01754385964912 
1481.0 99.0204081632653 

1441.0 470.037037037037 
1769.0 99.01470588235294 
1465.0 469.0344827586207 
1476.0 116.02439024390245 
1732.0 99.01492537313433 
1639.0 99.015625 
1576.0 99.01639344262296 
1633.0 99.01587301587301 
1541.0 99.01818181818182 
1487.0 99.01923076923077 
1512.0 99.01886792452831 
1534.0 99.01851851851852 
1459.0 470.0357142857143 
1477.0 105.02173913043478 
1481.0 99.0204081632653 
1461.0 469.0357142857143 

1455.0 477.0416666666667 
1844.0 97.01449275362319 
1460.0 111.02439024390245 
1722.0 97.01470588235294 
1632.0 97.01694915254237 
1483.0 97.01886792452831 
1560.0 97.01851851851852 
1478.0 101.02083333333333 
1466.0 101.02173913043478 
1462.0 105.02272727272727 
1481.0 99.02 
1464.0 103.02173913043478 

1475.0 111.02272727272727 
1806.0 97.01369863013699 
1479.0 105.0204081632653 
1481.0 99.02 
1529.0 97.01754385964912 
1637.0 97.01587301587301 
1690.0 97.01492537313433 
1771.0 97.01428571428572 
1483.0 97.02 
1489.0 97.01960784313725 
1667.0 97.01538461538462 
1800.0 97.01388888888889 

1470.0 108.02127659574468 
1550.0 100.01587301587301 
1474.0 100.02 
1472.0 106.02127659574468 
1501.0 100.01851851851852 
1484.0 100.01923076923077 
1535.0 100.01639344262296 
1516.0 100.01785714285714 
1523.0 100.01724137931035 
1480.0 100.01960784313725 
1517.0 100.01754385964912 

1469.0 477.0416666666667 
1869.0 95.015625 
1474.0 111.02439024390245 
1732.0 95.01612903225806 
1676.0 95.01724137931035 
1577.0 95.01818181818182 
1495.0 95.01851851851852 
1683.0 95.01666666666667 
1482.0 95.01960784313725 
1476.0 105.02272727272727 
1489.0 95.01886792452831 
1478.0 101.02127659574468 
1480.0 97.02127659574468 

1443.0 467.04 
1753.0 95.01351351351352 
1463.0 111.02439024390245 
1482.0 95.01886792452831 
1573.0 95.01754385964912 
1578.0 95.01666666666667 
1633.0 95.01612903225806 
1737.0 95.01538461538462 
1685.0 95.015625 
1478.0 101.02083333333333 
1465.0 109.02439024390245 
1468.0 105.02272727272727 
1480.0 97.01960784313725 
1473.0 103.02083333333333 
1470.0 103.02272727272727 

1456.0 477.0416666666667 
1823.0 100.01315789473684 
1458.0 467.0416666666667 
1461.0 111.02439024390245 
1672.0 100.01538461538462 
1721.0 100.01351351351352 
1817.0 100.01333333333334 
1592.0 100.015625 
1493.0 100.01785714285714 
1526.0 100.01754385964912 
1565.0 100.01612903225806 
1538.0 100.01694915254237 
1698.0 100.01428571428572 
1692.0 100.01449275362319 
1481.0 101.02127659574468 
1471.0 103.02127659574468 
1464.0 103.02173913043478 
1462.0 109.02325581395348 
1483.0 100.01923076923077 
1489.0 100.01886792452831 
1463.0 105.02272727272727 

