1453.0 470.0344827586207 
2595.0 95.0077519379845 
1464.0 117.02272727272727 
1456.0 465.03333333333336 
2536.0 95.00877192982456 
2333.0 95.00892857142857 
1925.0 95.01075268817205 
2109.0 95.01052631578948 
1794.0 95.01388888888889 
1658.0 95.01492537313433 
1897.0 95.01190476190476 
2238.0 95.01020408163265 
2147.0 95.01041666666667 
1808.0 95.01204819277109 
1575.0 95.01587301587301 
2296.0 95.00952380952381 
1482.0 95.01886792452831 
1475.0 116.02222222222223 
1529.0 95.01785714285714 
1476.0 103.02 
1570.0 95.01724137931035 
1535.0 95.01754385964912 
1905.0 95.01098901098901 
2585.0 95.0079365079365 
1480.0 97.01960784313725 
2306.0 95.0091743119266 
2323.0 95.009009009009 
2571.0 95.008 
2558.0 95.00806451612904 
2547.0 95.00847457627118 
