1465.0 477.03333333333336 
2521.0 97.00714285714285 
1466.0 467.03333333333336 
1470.0 111.02127659574468 
2421.0 97.00787401574803 
1906.0 97.00826446280992 
1855.0 97.00833333333334 
2438.0 97.00751879699249 
1822.0 97.00925925925925 
1774.0 97.00990099009901 
2481.0 97.00746268656717 
1710.0 97.01149425287356 
1670.0 97.01162790697674 
1738.0 97.01 
1525.0 97.01694915254237 
1492.0 97.01724137931035 
1831.0 97.00869565217391 
1557.0 97.01515151515152 
1639.0 97.01190476190476 
1471.0 103.02 
1569.0 97.01388888888889 
1595.0 97.01369863013699 
2497.0 97.00719424460432 
1617.0 97.0126582278481 
1477.0 99.01923076923077 
2432.0 97.0077519379845 
1722.0 97.0111111111111 
1608.0 97.01333333333334 
1485.0 97.01886792452831 
