1452.0 465.03333333333336 
3049.0 95.0060975609756 
1457.0 464.03225806451616 
1472.0 114.02173913043478 
2450.0 95.00892857142857 
2672.0 95.008 
2231.0 95.00934579439253 
2045.0 95.00980392156863 
2869.0 95.00617283950618 
1615.0 95.01612903225806 
1720.0 95.015625 
2833.0 95.00671140939598 
2753.0 95.0068493150685 
1788.0 95.01333333333334 
1866.0 95.01149425287356 
1933.0 95.01075268817205 
1990.0 95.01052631578948 
1773.0 95.01515151515152 
2720.0 95.00714285714285 
1491.0 95.01960784313725 
1480.0 97.02 
1526.0 95.01851851851852 
1560.0 95.01818181818182 
1581.0 95.01785714285714 
1478.0 103.0204081632653 
2707.0 95.0077519379845 
1473.0 109.02127659574468 
1476.0 108.0204081632653 
2693.0 95.0078125 
