1468.0 465.04 
2672.0 95.0078125 
1472.0 103.01886792452831 
2008.0 95.00934579439253 
2284.0 95.00925925925925 
2520.0 95.00833333333334 
1871.0 95.00990099009901 
2409.0 95.00877192982456 
2513.0 95.00840336134453 
1625.0 95.01538461538462 
1695.0 95.01369863013699 
2353.0 95.0091743119266 
1563.0 95.01587301587301 
1488.0 95.01851851851852 
1546.0 95.01754385964912 
2405.0 95.00884955752213 
1741.0 95.01333333333334 
1701.0 95.01351351351352 
1785.0 95.01282051282051 
1753.0 95.01298701298701 
1807.0 95.01234567901234 
1476.0 97.01785714285714 
1830.0 95.01219512195122 
1801.0 95.0125 
1849.0 95.01176470588236 
1836.0 95.01204819277109 
1482.0 95.02 
1858.0 95.01149425287356 
1860.0 95.0111111111111 
1554.0 95.01639344262296 
1791.0 95.0126582278481 
1556.0 95.01612903225806 
