1453.0 465.03225806451616 
1979.0 95.01123595505618 
1457.0 464.03333333333336 
1471.0 104.02127659574468 
1714.0 95.01351351351352 
1850.0 95.01333333333334 
1970.0 95.01219512195122 
1857.0 95.01315789473684 
1660.0 95.01408450704226 
1560.0 95.01818181818182 
1608.0 95.01754385964912 
1533.0 97.01851851851852 
1492.0 97.01960784313725 
1536.0 95.01886792452831 
1640.0 95.01449275362319 
1489.0 100.0204081632653 
1620.0 95.015625 
1475.0 102.01923076923077 
1634.0 95.01538461538462 
1977.0 95.01190476190476 
1613.0 95.01724137931035 
1473.0 104.02 
1617.0 95.01694915254237 
1474.0 102.0204081632653 
1490.0 99.01785714285714 
