1463.0 465.0357142857143 
2498.0 95.00625 
1470.0 465.03225806451616 
1474.0 109.02380952380952 
2108.0 95.008 
2288.0 95.00757575757575 
2485.0 95.00666666666666 
2365.0 95.00671140939598 
1995.0 95.009009009009 
1842.0 95.01315789473684 
1854.0 95.01136363636364 
1745.0 95.01351351351352 
1951.0 95.01052631578948 
1670.0 95.01369863013699 
1485.0 95.01886792452831 
1529.0 95.01818181818182 
2328.0 95.00746268656717 
1991.0 95.01020408163265 
1668.0 95.01538461538462 
1631.0 95.015625 
1596.0 95.01587301587301 
1957.0 95.01041666666667 
1591.0 95.01754385964912 
1560.0 95.01785714285714 
2334.0 95.00740740740741 
1477.0 97.0204081632653 
1476.0 103.02083333333333 
2486.0 95.00662251655629 
1466.0 465.03333333333336 
