1459.0 105.02222222222223 
2509.0 95.00714285714285 
1476.0 103.02083333333333 
1477.0 97.01923076923077 
1482.0 95.01886792452831 
1752.0 95.01123595505618 
1917.0 95.01098901098901 
2307.0 95.00735294117646 
2446.0 95.00719424460432 
2213.0 95.00819672131148 
2061.0 95.01075268817205 
1983.0 95.01086956521739 
1546.0 95.01538461538462 
1615.0 95.01492537313433 
1555.0 95.01515151515152 
1491.0 95.01724137931035 
1677.0 95.01298701298701 
1732.0 95.0125 
2124.0 95.01020408163265 
2176.0 95.009009009009 
2079.0 95.01052631578948 
1623.0 95.01428571428572 
1658.0 95.01369863013699 
2182.0 95.00892857142857 
2207.0 95.00826446280992 
1668.0 95.01351351351352 
1740.0 95.01219512195122 
