1454.0 465.03846153846155 
2492.0 95.0078125 
1458.0 109.02380952380952 
2176.0 95.01030927835052 
2333.0 95.01010101010101 
2459.0 95.00909090909092 
2344.0 95.00952380952381 
1743.0 95.01388888888889 
2030.0 95.01162790697674 
1640.0 95.01470588235294 
1723.0 95.01428571428572 
1948.0 95.01176470588236 
1823.0 95.01351351351352 
2031.0 95.01123595505618 
2110.0 95.0111111111111 
1554.0 95.01515151515152 
1623.0 95.01492537313433 
1881.0 95.01204819277109 
1488.0 95.01694915254237 
1549.0 95.01666666666667 
1841.0 95.0126582278481 
2151.0 95.01075268817205 
2128.0 95.01098901098901 
1466.0 98.01960784313725 
2475.0 95.00806451612904 
1480.0 97.01960784313725 
1461.0 103.02222222222223 
1482.0 95.01886792452831 
2460.0 95.009009009009 
2471.0 95.00813008130082 
1463.0 101.02127659574468 
2343.0 95.01 
1733.0 95.01408450704226 
