0.0333019164310399 0.04561356385830372 
0.12535344015080113 0.020271768769026987 
0.2997172478793591 0.02026193931372234 
0.06063462142632736 0.02028227068133938 
0.08231228400879673 0.020281108156220223 
0.10179076343072573 0.02027620139435364 
0.11907005969211436 0.020274968570434676 
0.08482563619227144 0.02027948892480426 
0.09582155199497329 0.02027800278090192 
0.09896324222431668 0.02027753417696876 
0.12158341187558906 0.020274196802615482 
0.03298774740810556 0.055743175738930534 
0.06314797360980208 0.020281680611771314 
0.04241281809613572 0.02028623114827072 
0.03550109959158027 0.02788715669440397 
0.03455859252277725 0.035485576313053185 
0.05937794533459001 0.02028482442504376 
0.03958529688972667 0.02029020383886547 
0.034872761545711596 0.03548135203529437 
0.033930254476908575 0.040546174858350534 
0.035186930568645934 0.03041855514136744 
0.036443606660383286 0.025359982525199314 
0.35972353125981776 0.02025914733014113 
0.2371976123154257 0.020263577277423322 
0.29374803644360664 0.020262503350809452 
0.35563933396167136 0.020260202079494034 
0.31793905120955074 0.020260315341169535 
0.20169651272384542 0.020266131481261704 
0.3559535029846057 0.02026009031797321 
0.031416902293433864 0.956942409480749 
0.03110273327049953 0.956945131414563 
0.5328306628966384 0.020258761446231534 
0.03267357838517122 0.9544110110337857 
0.47628023876845743 0.02025895200618692 
0.16273955387998743 0.020268389440807666 
0.03864278982092366 0.025351326527470328 
0.15928369462770972 0.020271452739258317 
