1459.0 105.02222222222223 
2509.0 95.00714285714285 
1476.0 103.02083333333333 
1477.0 97.01923076923077 
1482.0 95.01886792452831 
1752.0 95.01123595505618 
1917.0 95.01098901098901 
2307.0 95.00735294117646 
2446.0 95.00719424460432 
2213.0 95.00819672131148 
2061.0 95.01075268817205 
1983.0 95.01086956521739 
1546.0 95.01538461538462 
1615.0 95.01492537313433 
1555.0 95.01515151515152 
1491.0 95.01724137931035 
1677.0 95.01298701298701 
1732.0 95.0125 
2124.0 95.01020408163265 
2176.0 95.009009009009 
2079.0 95.01052631578948 
1623.0 95.01428571428572 
1658.0 95.01369863013699 
2182.0 95.00892857142857 
2207.0 95.00826446280992 
1668.0 95.01351351351352 
1740.0 95.01219512195122 

1454.0 465.03846153846155 
2492.0 95.0078125 
1458.0 109.02380952380952 
2176.0 95.01030927835052 
2333.0 95.01010101010101 
2459.0 95.00909090909092 
2344.0 95.00952380952381 
1743.0 95.01388888888889 
2030.0 95.01162790697674 
1640.0 95.01470588235294 
1723.0 95.01428571428572 
1948.0 95.01176470588236 
1823.0 95.01351351351352 
2031.0 95.01123595505618 
2110.0 95.0111111111111 
1554.0 95.01515151515152 
1623.0 95.01492537313433 
1881.0 95.01204819277109 
1488.0 95.01694915254237 
1549.0 95.01666666666667 
1841.0 95.0126582278481 
2151.0 95.01075268817205 
2128.0 95.01098901098901 
1466.0 98.01960784313725 
2475.0 95.00806451612904 
1480.0 97.01960784313725 
1461.0 103.02222222222223 
1482.0 95.01886792452831 
2460.0 95.009009009009 
2471.0 95.00813008130082 
1463.0 101.02127659574468 
2343.0 95.01 
1733.0 95.01408450704226 

1465.0 477.03333333333336 
2521.0 97.00714285714285 
1466.0 467.03333333333336 
1470.0 111.02127659574468 
2421.0 97.00787401574803 
1906.0 97.00826446280992 
1855.0 97.00833333333334 
2438.0 97.00751879699249 
1822.0 97.00925925925925 
1774.0 97.00990099009901 
2481.0 97.00746268656717 
1710.0 97.01149425287356 
1670.0 97.01162790697674 
1738.0 97.01 
1525.0 97.01694915254237 
1492.0 97.01724137931035 
1831.0 97.00869565217391 
1557.0 97.01515151515152 
1639.0 97.01190476190476 
1471.0 103.02 
1569.0 97.01388888888889 
1595.0 97.01369863013699 
2497.0 97.00719424460432 
1617.0 97.0126582278481 
1477.0 99.01923076923077 
2432.0 97.0077519379845 
1722.0 97.0111111111111 
1608.0 97.01333333333334 
1485.0 97.01886792452831 

1453.0 470.0344827586207 
2595.0 95.0077519379845 
1464.0 117.02272727272727 
1456.0 465.03333333333336 
2536.0 95.00877192982456 
2333.0 95.00892857142857 
1925.0 95.01075268817205 
2109.0 95.01052631578948 
1794.0 95.01388888888889 
1658.0 95.01492537313433 
1897.0 95.01190476190476 
2238.0 95.01020408163265 
2147.0 95.01041666666667 
1808.0 95.01204819277109 
1575.0 95.01587301587301 
2296.0 95.00952380952381 
1482.0 95.01886792452831 
1475.0 116.02222222222223 
1529.0 95.01785714285714 
1476.0 103.02 
1570.0 95.01724137931035 
1535.0 95.01754385964912 
1905.0 95.01098901098901 
2585.0 95.0079365079365 
1480.0 97.01960784313725 
2306.0 95.0091743119266 
2323.0 95.009009009009 
2571.0 95.008 
2558.0 95.00806451612904 
2547.0 95.00847457627118 

1452.0 465.0357142857143 
2255.0 95.00980392156863 
1457.0 464.0344827586207 
1459.0 109.02173913043478 
2144.0 95.01020408163265 
1969.0 95.01052631578948 
2158.0 95.01010101010101 
1732.0 95.01298701298701 
1821.0 95.0125 
1915.0 95.01204819277109 
1831.0 95.01234567901234 
1596.0 95.01612903225806 
1658.0 95.01538461538462 
1601.0 95.015625 
1542.0 95.01639344262296 
1479.0 95.01851851851852 
1527.0 95.01818181818182 
1698.0 95.01369863013699 
1941.0 95.01176470588236 
1477.0 97.0204081632653 
1464.0 101.01960784313725 
1461.0 103.0204081632653 
1685.0 95.01449275362319 
1669.0 95.01470588235294 
1538.0 95.01724137931035 
1959.0 95.01063829787235 
1949.0 95.01136363636364 
1453.0 465.0344827586207 

1461.0 109.02380952380952 
2358.0 97.00813008130082 
1463.0 103.02173913043478 
1465.0 99.01960784313725 
2122.0 97.01010101010101 
1880.0 97.01030927835052 
1469.0 97.02127659574468 
2159.0 97.00934579439253 
2317.0 97.00925925925925 
1781.0 97.01098901098901 
1589.0 97.01694915254237 
1663.0 97.01639344262296 
1537.0 97.02083333333333 
1684.0 97.01515151515152 
1741.0 97.01492537313433 
1565.0 97.01754385964912 
1587.0 97.01724137931035 
2326.0 97.009009009009 
1754.0 97.01369863013699 
1770.0 97.01333333333334 
1669.0 97.01612903225806 
1545.0 97.01886792452831 
1557.0 97.01818181818182 
2338.0 97.00892857142857 
2346.0 97.00877192982456 
1747.0 97.01470588235294 
1776.0 97.01234567901234 

1463.0 465.0357142857143 
2498.0 95.00625 
1470.0 465.03225806451616 
1474.0 109.02380952380952 
2108.0 95.008 
2288.0 95.00757575757575 
2485.0 95.00666666666666 
2365.0 95.00671140939598 
1995.0 95.009009009009 
1842.0 95.01315789473684 
1854.0 95.01136363636364 
1745.0 95.01351351351352 
1951.0 95.01052631578948 
1670.0 95.01369863013699 
1485.0 95.01886792452831 
1529.0 95.01818181818182 
2328.0 95.00746268656717 
1991.0 95.01020408163265 
1668.0 95.01538461538462 
1631.0 95.015625 
1596.0 95.01587301587301 
1957.0 95.01041666666667 
1591.0 95.01754385964912 
1560.0 95.01785714285714 
2334.0 95.00740740740741 
1477.0 97.0204081632653 
1476.0 103.02083333333333 
2486.0 95.00662251655629 
1466.0 465.03333333333336 

1453.0 465.03225806451616 
1979.0 95.01123595505618 
1457.0 464.03333333333336 
1471.0 104.02127659574468 
1714.0 95.01351351351352 
1850.0 95.01333333333334 
1970.0 95.01219512195122 
1857.0 95.01315789473684 
1660.0 95.01408450704226 
1560.0 95.01818181818182 
1608.0 95.01754385964912 
1533.0 97.01851851851852 
1492.0 97.01960784313725 
1536.0 95.01886792452831 
1640.0 95.01449275362319 
1489.0 100.0204081632653 
1620.0 95.015625 
1475.0 102.01923076923077 
1634.0 95.01538461538462 
1977.0 95.01190476190476 
1613.0 95.01724137931035 
1473.0 104.02 
1617.0 95.01694915254237 
1474.0 102.0204081632653 
1490.0 99.01785714285714 

1452.0 465.03333333333336 
3049.0 95.0060975609756 
1457.0 464.03225806451616 
1472.0 114.02173913043478 
2450.0 95.00892857142857 
2672.0 95.008 
2231.0 95.00934579439253 
2045.0 95.00980392156863 
2869.0 95.00617283950618 
1615.0 95.01612903225806 
1720.0 95.015625 
2833.0 95.00671140939598 
2753.0 95.0068493150685 
1788.0 95.01333333333334 
1866.0 95.01149425287356 
1933.0 95.01075268817205 
1990.0 95.01052631578948 
1773.0 95.01515151515152 
2720.0 95.00714285714285 
1491.0 95.01960784313725 
1480.0 97.02 
1526.0 95.01851851851852 
1560.0 95.01818181818182 
1581.0 95.01785714285714 
1478.0 103.0204081632653 
2707.0 95.0077519379845 
1473.0 109.02127659574468 
1476.0 108.0204081632653 
2693.0 95.0078125 

1468.0 465.04 
2672.0 95.0078125 
1472.0 103.01886792452831 
2008.0 95.00934579439253 
2284.0 95.00925925925925 
2520.0 95.00833333333334 
1871.0 95.00990099009901 
2409.0 95.00877192982456 
2513.0 95.00840336134453 
1625.0 95.01538461538462 
1695.0 95.01369863013699 
2353.0 95.0091743119266 
1563.0 95.01587301587301 
1488.0 95.01851851851852 
1546.0 95.01754385964912 
2405.0 95.00884955752213 
1741.0 95.01333333333334 
1701.0 95.01351351351352 
1785.0 95.01282051282051 
1753.0 95.01298701298701 
1807.0 95.01234567901234 
1476.0 97.01785714285714 
1830.0 95.01219512195122 
1801.0 95.0125 
1849.0 95.01176470588236 
1836.0 95.01204819277109 
1482.0 95.02 
1858.0 95.01149425287356 
1860.0 95.0111111111111 
1554.0 95.01639344262296 
1791.0 95.0126582278481 
1556.0 95.01612903225806 

