0.14074074074074075 0.3458432304038004 
0.13703703703703704 0.35391923990498814 

0.17037037037037037 0.35391923990498814 
0.21296296296296297 0.3429064996760959 
0.2037037037037037 0.3458432304038004 
0.17407407407407408 0.34943256795988376 

0.20925925925925926 0.3429064996760959 
0.13333333333333333 0.35391923990498814 
0.14814814814814814 0.34943256795988376 
0.17592592592592593 0.3458432304038004 

0.12962962962962962 0.35391923990498814 
0.1962962962962963 0.3429064996760959 
0.14444444444444443 0.34943256795988376 
0.17407407407407408 0.3458432304038004 

0.1537037037037037 1.0 
0.2722222222222222 0.3404592240696753 
0.18518518518518517 0.35391923990498814 
0.2111111111111111 0.3429064996760959 
0.18703703703703703 0.34943256795988376 
0.20185185185185187 0.3458432304038004 

0.14814814814814814 1.0 
0.47962962962962963 0.33148588017946684 
0.1962962962962963 0.3458432304038004 
0.15 0.9955133280548957 
0.4074074074074074 0.33661350525958594 
0.29814814814814816 0.3383884524027041 
0.22962962962962963 0.3404592240696753 
0.22037037037037038 0.3429064996760959 

0.3425925925925926 0.3383884524027041 
0.17037037037037037 0.3596878181201223 
0.17777777777777778 0.3458432304038004 
0.32407407407407407 0.3404592240696753 
0.17407407407407408 0.34943256795988376 

0.17962962962962964 0.35391923990498814 
0.31296296296296294 0.33148588017946684 
0.21481481481481482 0.3404592240696753 
0.25925925925925924 0.3383884524027041 
0.18333333333333332 0.34943256795988376 
0.29259259259259257 0.3350752177355502 
0.3074074074074074 0.333729216152019 

0.17592592592592593 0.34943256795988376 
0.6037037037037037 0.328222846037573 
0.5796296296296296 0.32969121140142515 
0.32222222222222224 0.330541317664708 
0.24259259259259258 0.3350752177355502 
0.22037037037037038 0.3429064996760959 
0.22407407407407406 0.3404592240696753 
0.31851851851851853 0.33148588017946684 

0.1685185185185185 0.3429064996760959 
0.12777777777777777 0.34943256795988376 
0.14074074074074075 0.3458432304038004 

