0.6159420289855072 0.0 
0.07971014492753623 0.681296092760238 
0.09420289855072464 0.670166710015186 
0.5144927536231884 0.007855361881320645 
0.5289855072463768 0.005237340134855844 
0.5434782608695652 0.0039278756803738995 
0.5869565217391305 2.467657645022506E-7 
0.5579710144927537 0.001309894369446839 
0.572463768115942 5.034021595897992E-7 
0.4057971014492754 0.11388316035875795 
0.43478260869565216 0.11126266445968767 
0.463768115942029 0.02290943486042291 
0.42028985507246375 0.11257237571326957 
0.4492753623188406 0.02421874592544705 
0.2463768115942029 0.43720134332103555 
0.39855072463768115 0.30434436063730713 
0.34057971014492755 0.3501503614307648 
0.35507246376811596 0.32922752938610106 
0.3695652173913043 0.3252950432430083 
0.38405797101449274 0.30827509250014684 
0.3115942028985507 0.3710954869996393 
0.32608695652173914 0.3540804940053193 
0.2971014492753623 0.3750262188624789 
0.2536231884057971 0.43195680809470677 
0.2608695652173913 0.4077431642181745 
0.2826086956521739 0.3913758820025338 
0.26811594202898553 0.40250418602867233 
0.2753623188405797 0.3966143807614077 
0.2318840579710145 0.6282617632864428 
0.2028985507246377 0.6282630566121492 
0.15942028985507245 0.6308873581734333 
0.17391304347826086 0.6295765990415046 
0.18840579710144928 0.6282644731117325 
0.5 0.009164553385701461 
0.47101449275362317 0.02029010347311532 
0.10144927536231885 0.6459572611566503 
0.14492753623188406 0.6308946295379607 
0.11594202898550725 0.6348278784115985 
0.13043478260869565 0.630897745837044 
