861.0 101.01923076923077 
787.0 1142.0833333333333 
789.0 1125.076923076923 
847.0 113.02272727272727 
849.0 109.02222222222223 
851.0 107.02127659574468 
857.0 101.01960784313725 
853.0 103.02083333333333 
855.0 101.02 
832.0 275.04 
836.0 271.0357142857143 
840.0 136.02631578947367 
834.0 273.037037037037 
838.0 138.02702702702703 
810.0 769.0909090909091 
831.0 566.0769230769231 
823.0 636.0714285714286 
825.0 604.1 
827.0 598.0909090909091 
829.0 572.0833333333334 
819.0 668.0769230769231 
821.0 642.0769230769231 
817.0 674.0833333333334 
811.0 761.0769230769231 
812.0 724.0769230769231 
815.0 699.0666666666667 
813.0 716.0714285714286 
814.0 707.0714285714286 
808.0 1061.0434782608695 
804.0 1061.0454545454545 
798.0 1065.0555555555557 
800.0 1063.0526315789473 
802.0 1061.047619047619 
845.0 115.02325581395348 
841.0 132.02380952380952 
790.0 1088.0833333333333 
796.0 1065.0666666666666 
792.0 1071.076923076923 
794.0 1065.0714285714287 
