907.0 103.02 
806.0 1623.0714285714287 
838.0 138.02702702702703 
808.0 1621.0666666666666 
810.0 769.0909090909091 
893.0 118.02439024390245 
831.0 566.0769230769231 
832.0 275.04 
834.0 274.037037037037 
903.0 104.0204081632653 
823.0 636.0714285714286 
825.0 604.1 
827.0 598.0909090909091 
829.0 572.0833333333334 
819.0 668.0769230769231 
821.0 642.0769230769231 
817.0 674.0833333333334 
811.0 761.0769230769231 
812.0 724.0769230769231 
815.0 699.0666666666667 
895.0 116.02325581395348 
897.0 112.02272727272727 
899.0 110.02173913043478 
901.0 106.02127659574468 
813.0 716.0714285714286 
814.0 707.0714285714286 
