857.0 101.01960784313725 
790.0 1088.0833333333333 
796.0 1065.0666666666666 
817.0 692.1 
830.0 599.0833333333334 
833.0 292.04347826086956 
841.0 272.0357142857143 
842.0 154.02777777777777 
824.0 669.0714285714286 
825.0 622.1 
844.0 132.02439024390245 
792.0 1071.076923076923 
846.0 130.02325581395348 
847.0 115.02325581395348 
835.0 290.04 
837.0 275.0416666666667 
827.0 616.1 
828.0 605.0909090909091 
819.0 686.0833333333334 
820.0 675.0833333333334 
822.0 669.0769230769231 
794.0 1065.0714285714287 
849.0 113.02222222222223 
851.0 109.02173913043478 
853.0 107.02083333333333 
855.0 103.0204081632653 
839.0 273.03846153846155 
