860.0 101.01960784313725 
791.0 1098.076923076923 
808.0 1061.0434782608695 
817.0 692.0833333333334 
830.0 599.0769230769231 
833.0 292.04 
837.0 275.03846153846155 
839.0 154.02777777777777 
822.0 669.0714285714286 
825.0 622.1 
804.0 1061.0454545454545 
841.0 132.02439024390245 
850.0 113.02272727272727 
843.0 132.02380952380952 
845.0 115.02380952380952 
835.0 291.037037037037 
847.0 115.02325581395348 
819.0 686.0769230769231 
820.0 675.0769230769231 
827.0 616.0833333333334 
828.0 605.0909090909091 
794.0 1073.0666666666666 
796.0 1067.0625 
852.0 109.02173913043478 
854.0 107.02127659574468 
856.0 103.02083333333333 
798.0 1065.0555555555557 
800.0 1063.0526315789473 
802.0 1061.047619047619 
858.0 101.02 
792.0 1090.0714285714287 
793.0 1081.0714285714287 
