793.0 1081.0666666666666 
857.0 101.01960784313725 
809.0 1067.0416666666667 
817.0 692.0909090909091 
832.0 599.0769230769231 
833.0 292.04347826086956 
841.0 274.037037037037 
842.0 154.02777777777777 
822.0 669.0769230769231 
825.0 622.1111111111111 
805.0 1067.0434782608695 
845.0 115.02380952380952 
835.0 291.04 
837.0 275.0416666666667 
819.0 686.0833333333334 
827.0 616.1 
828.0 605.1 
820.0 675.0833333333334 
830.0 599.0909090909091 
795.0 1075.0625 
847.0 113.02272727272727 
849.0 109.02222222222223 
851.0 107.02127659574468 
853.0 103.02083333333333 
801.0 1069.0526315789473 
803.0 1067.047619047619 
797.0 1073.0588235294117 
799.0 1071.0555555555557 
855.0 101.02 
843.0 137.02702702702703 
844.0 132.02439024390245 
839.0 274.03846153846155 
