861.0 101.01923076923077 
787.0 1142.0833333333333 
832.0 599.0833333333334 
835.0 291.04 
799.0 1067.0588235294117 
815.0 770.0769230769231 
841.0 272.0357142857143 
842.0 154.02777777777777 
817.0 692.1 
824.0 669.0769230769231 
825.0 622.1 
789.0 1125.076923076923 
791.0 1098.076923076923 
793.0 1081.0714285714287 
845.0 115.02380952380952 
837.0 275.0416666666667 
853.0 107.02083333333333 
856.0 103.02083333333333 
819.0 686.0909090909091 
820.0 675.0909090909091 
827.0 616.0909090909091 
828.0 605.1 
830.0 599.0909090909091 
822.0 669.0833333333334 
795.0 1073.0666666666666 
847.0 113.02272727272727 
849.0 109.02222222222223 
843.0 137.02702702702703 
844.0 132.02439024390245 
839.0 274.03846153846155 
851.0 107.02127659574468 
797.0 1067.0625 
859.0 101.01960784313725 
796.0 1067.0666666666666 
857.0 103.0204081632653 
858.0 101.02 
