907.0 103.02 
806.0 1629.0833333333333 
814.0 1534.0625 
817.0 675.0833333333334 
890.0 118.025 
851.0 134.02439024390245 
827.0 599.0833333333334 
832.0 275.04 
838.0 270.03333333333336 
840.0 138.02857142857144 
808.0 1623.076923076923 
810.0 1540.0714285714287 
825.0 605.0909090909091 
819.0 669.0769230769231 
845.0 134.025 
841.0 138.02702702702703 
899.0 110.02222222222223 
896.0 112.02272727272727 
812.0 1534.0666666666666 
892.0 118.02439024390245 
894.0 112.02325581395348 
901.0 106.02173913043478 
834.0 274.037037037037 
836.0 271.0357142857143 
903.0 104.02083333333333 
905.0 104.0204081632653 
