857.0 101.01960784313725 
817.0 692.0909090909091 
832.0 597.0714285714286 
833.0 292.0416666666667 
843.0 267.0344827586207 
845.0 137.02631578947367 
824.0 667.0625 
825.0 622.1 
847.0 115.02325581395348 
835.0 290.03846153846155 
837.0 275.03846153846155 
827.0 616.0833333333334 
828.0 605.0909090909091 
819.0 686.0714285714286 
820.0 675.0833333333334 
822.0 669.0714285714286 
830.0 599.0833333333334 
849.0 113.02222222222223 
851.0 109.02173913043478 
853.0 107.02083333333333 
855.0 103.0204081632653 
839.0 273.037037037037 
841.0 269.037037037037 
