3201.0 97.0032154340836 
1443.0 463.025 
1456.0 110.02173913043478 
3142.0 97.00327868852459 
2306.0 97.0050505050505 
2503.0 97.00502512562814 
2965.0 97.00331125827815 
2133.0 97.00534759358288 
2704.0 97.00381679389314 
2835.0 97.00380228136882 
1943.0 97.00746268656717 
1821.0 97.00763358778626 
1960.0 97.00675675675676 
2072.0 97.00632911392405 
1724.0 97.00884955752213 
1814.0 97.0078125 
2873.0 97.00347222222223 
2947.0 97.00335570469798 
1644.0 97.01162790697674 
1597.0 97.01176470588236 
1467.0 98.01818181818182 
2584.0 97.00436681222708 
1662.0 97.01020408163265 
1698.0 97.00990099009901 
1463.0 104.01886792452831 
1459.0 110.02 
2615.0 97.00431034482759 
3172.0 97.00326797385621 
2124.0 97.0054347826087 
1486.0 97.01754385964912 
1717.0 97.00952380952381 
1512.0 97.01724137931035 
2552.0 97.00446428571429 
2578.0 97.00442477876106 
2679.0 97.00395256916995 
2529.0 97.0046511627907 
2104.0 97.00558659217877 
1551.0 97.01639344262296 
1531.0 97.01666666666667 
2102.0 97.00588235294117 
2082.0 97.0060606060606 
2633.0 97.00429184549357 
3188.0 97.00322580645161 
2863.0 97.00358422939068 
2664.0 97.00398406374502 
1583.0 97.01204819277109 
1569.0 97.01315789473684 
2951.0 97.00333333333333 
1477.0 97.01923076923077 
1564.0 97.01408450704226 
2516.0 97.00485436893204 
2656.0 97.00409836065573 
2643.0 97.0042194092827 
2857.0 97.0036496350365 
2845.0 97.00374531835206 
3183.0 97.0032362459547 
1653.0 97.01098901098901 
1951.0 97.00714285714285 
