1433.0 471.02941176470586 
4057.0 97.00354609929079 
1440.0 470.0263157894737 
1454.0 115.02222222222223 
3571.0 97.00377358490566 
3841.0 97.00375939849624 
3361.0 97.00409836065573 
3110.0 97.00413223140495 
2853.0 97.0045871559633 
3057.0 97.00436681222708 
4026.0 97.00371747211896 
2685.0 97.00478468899522 
2060.0 97.00729927007299 
2195.0 97.00689655172414 
1498.0 97.01923076923077 
1605.0 97.01851851851852 
3489.0 97.00396825396825 
3388.0 97.00401606425703 
1910.0 97.01010101010101 
1810.0 97.01020408163265 
2555.0 97.00520833333333 
2464.0 97.005291005291 
1997.0 97.00869565217391 
2309.0 97.0060606060606 
2394.0 97.00595238095238 
1923.0 97.00943396226415 
1747.0 97.0111111111111 
2285.0 97.00649350649351 
2219.0 97.00653594771242 
1691.0 97.01136363636364 
2621.0 97.00485436893204 
1456.0 109.02083333333333 
2570.0 97.00490196078431 
1758.0 97.01086956521739 
3522.0 97.00390625 
2008.0 97.0078125 
2049.0 97.0077519379845 
1796.0 97.01075268817205 
1465.0 107.02 
2403.0 97.00588235294117 
1468.0 103.01960784313725 
1483.0 97.0204081632653 
1682.0 97.0126582278481 
1655.0 97.01408450704226 
1478.0 98.02127659574468 
2428.0 97.00555555555556 
3098.0 97.00414937759336 
1623.0 97.01754385964912 
1470.0 101.01886792452831 
1642.0 97.01470588235294 
2447.0 97.00546448087432 
3370.0 97.00404858299595 
4040.0 97.00367647058823 
3084.0 97.00420168067227 
3070.0 97.0042372881356 
3085.0 97.00416666666666 
1434.0 470.0285714285714 
1618.0 97.01785714285714 
2568.0 97.0049504950495 
2297.0 97.00617283950618 
2207.0 97.00657894736842 
