1439.0 465.025 
4026.0 95.002849002849 
1453.0 464.0232558139535 
1456.0 109.01886792452831 
3281.0 95.00348432055749 
3580.0 95.00344827586207 
2983.0 95.00384615384615 
3187.0 95.00373134328358 
3945.0 95.00308641975309 
3753.0 95.0031055900621 
2618.0 95.00454545454545 
2474.0 95.0045871559633 
2277.0 95.00588235294117 
1771.0 95.00862068965517 
2411.0 95.00584795321637 
1901.0 95.00840336134453 
2872.0 95.004 
2112.0 95.00675675675676 
2208.0 95.00671140939598 
3257.0 95.00363636363636 
1668.0 95.01086956521739 
1738.0 95.01030927835052 
2097.0 95.00729927007299 
2034.0 95.00735294117646 
1973.0 95.00740740740741 
2668.0 95.00440528634361 
2729.0 95.00436681222708 
2784.0 95.00432900432901 
1488.0 95.01538461538462 
1542.0 95.01428571428572 
1547.0 95.01408450704226 
2629.0 95.00450450450451 
1464.0 97.01639344262296 
1594.0 95.01351351351352 
1457.0 103.01785714285714 
3639.0 95.003300330033 
3681.0 95.0032894736842 
3598.0 95.00337837837837 
2855.0 95.00416666666666 
2817.0 95.00418410041841 
4019.0 95.00296735905044 
3982.0 95.00298507462686 
1759.0 95.01020408163265 
2794.0 95.0042735042735 
1469.0 95.01724137931035 
1463.0 101.01639344262296 
3725.0 95.0031545741325 
3696.0 95.00327868852459 
1921.0 95.0078125 
1949.0 95.00763358778626 
2268.0 95.00595238095238 
1643.0 95.01098901098901 
2233.0 95.00641025641026 
2450.0 95.005 
3749.0 95.00311526479751 
2432.0 95.00555555555556 
1614.0 95.01190476190476 
3962.0 95.0030395136778 
1633.0 95.01176470588236 
2251.0 95.00613496932516 
1460.0 101.01724137931035 
