1446.0 465.03225806451616 
3369.0 93.00348432055749 
1451.0 464.030303030303 
1455.0 109.02083333333333 
2955.0 94.003861003861 
3249.0 93.00414937759336 
2704.0 95.00440528634361 
2582.0 95.00442477876106 
2293.0 95.00571428571429 
2804.0 95.00401606425703 
2898.0 95.00395256916995 
1726.0 95.01086956521739 
2381.0 95.00568181818181 
3289.0 93.00358422939068 
1645.0 95.01098901098901 
2256.0 95.00617283950618 
2176.0 95.00621118012423 
2121.0 95.00657894736842 
2042.0 95.00662251655629 
1551.0 95.0125 
1625.0 95.01234567901234 
2447.0 95.00520833333333 
1535.0 95.01515151515152 
1475.0 95.01612903225806 
1735.0 95.01041666666667 
2953.0 95.003861003861 
1462.0 97.01923076923077 
2513.0 95.00473933649289 
2132.0 95.00645161290322 
2727.0 95.00431034482759 
2469.0 95.0051282051282 
2771.0 95.00425531914894 
1834.0 95.00952380952381 
1775.0 95.01 
1794.0 95.00980392156863 
2913.0 95.00392156862745 
1862.0 95.00892857142857 
1900.0 95.00877192982456 
1456.0 103.01960784313725 
1953.0 95.00819672131148 
1920.0 95.00854700854701 
1992.0 95.00675675675676 
1982.0 95.0068493150685 
2559.0 95.00450450450451 
2015.0 95.00671140939598 
2569.0 95.00446428571429 
1470.0 97.01694915254237 
1963.0 95.00740740740741 
2789.0 95.00408163265305 
2541.0 95.00452488687783 
2465.0 95.00515463917526 
1629.0 95.01204819277109 
1847.0 95.00925925925925 
2786.0 95.0042372881356 
2527.0 95.00460829493088 
1472.0 95.01666666666667 
3272.0 93.00371747211896 
3285.0 93.00366300366301 
2280.0 95.00581395348837 
2268.0 95.00584795321637 
3260.0 93.00395256916995 
2716.0 95.00434782608696 
