1425.0 470.03225806451616 
3527.0 95.002849002849 
1454.0 114.02173913043478 
1453.0 467.03225806451616 
2954.0 95.00436681222708 
2677.0 95.00438596491227 
3310.0 95.00322580645161 
3419.0 95.0031055900621 
2434.0 95.00531914893617 
2343.0 95.00555555555556 
1786.0 95.00934579439253 
2598.0 95.00442477876106 
1712.0 95.00961538461539 
1965.0 95.00735294117646 
2038.0 95.00719424460432 
1952.0 95.0079365079365 
1880.0 95.008 
2150.0 95.00641025641026 
2219.0 95.00621118012423 
2082.0 95.0068493150685 
2145.0 95.00675675675676 
3012.0 95.00420168067227 
3238.0 95.0036496350365 
2554.0 95.00452488687783 
1584.0 95.01282051282051 
1690.0 95.01 
1641.0 95.01020408163265 
2286.0 95.00571428571429 
1569.0 95.01587301587301 
1876.0 95.00813008130082 
1462.0 112.02173913043478 
2592.0 95.00444444444445 
2330.0 95.00564971751412 
2081.0 95.00709219858156 
1833.0 95.00833333333334 
1495.0 95.01639344262296 
1537.0 95.01612903225806 
2484.0 95.005 
1470.0 109.0204081632653 
3517.0 95.00285714285714 
1472.0 103.01960784313725 
1618.0 95.01030927835052 
1792.0 95.0091743119266 
1825.0 95.00847457627118 
3123.0 95.00384615384615 
3156.0 95.00378787878788 
2498.0 95.00492610837438 
3092.0 95.00392156862745 
1478.0 95.01851851851852 
3208.0 95.00367647058823 
3459.0 95.00296735905044 
3489.0 95.0028818443804 
2456.0 95.00518134715026 
3040.0 95.00413223140495 
2282.0 95.00581395348837 
3284.0 95.00331125827815 
2244.0 95.0060975609756 
1474.0 101.01960784313725 
1476.0 97.01851851851852 
3184.0 95.00374531835206 
3261.0 95.00337837837837 
2539.0 95.00467289719626 
2516.0 95.0048309178744 
2260.0 95.0059880239521 
3070.0 95.00401606425703 
1441.0 469.03333333333336 
3438.0 95.00302114803625 
3421.0 95.00305810397553 
3165.0 95.00377358490566 
3058.0 95.00411522633745 
1452.0 468.03333333333336 
