0.02827521206409048 0.9518612395335779 
0.03204524033930255 0.05573564181498124 
0.06220546654099906 0.020274968570434676 
0.03832862079798932 0.02028415509705671 
0.03424442349984291 0.025354803723139255 
0.032359409362236885 0.04054414892922131 
0.0373861137291863 0.02028551606396368 
0.24002513352183474 0.015197633239481256 
0.2770970782280867 0.015196652752907712 
0.32108074143889415 0.0151939228384972 
0.35626767200754006 0.015193645250050025 
0.37731699654414075 0.015192699380761862 
0.17939051209550738 0.020260315341169535 
0.11058749607288722 0.020265531339382394 
0.14357524348099276 0.020263577277423322 
0.292177191328935 0.015195077462857276 
0.311655670750864 0.015194437978596325 
0.10870248193528118 0.020266131481261704 
0.22714420358152687 0.015203968070429593 
0.2227458372604461 0.020256579484857918 
0.04743952246308514 0.020278484401610997 
0.37386113729186304 0.015192758173925356 
0.2371976123154257 0.015198355945547177 
0.3575243480992774 0.015193577641523598 
0.21583411875589067 0.020257791223830285 
0.3663210807414389 0.01519351072641793 
0.2849513038014452 0.015196449940870162 
0.13666352497643733 0.02026442107690567 
0.03173107131636821 0.06839492698317447 
0.10587496072887213 0.020268640074317272 
0.09048067860508954 0.020269156686245206 
0.08325479107759975 0.020269422981053442 
0.027018535972353125 0.9569240364275049 
0.13132265158655357 0.020265148490252488 
0.04241281809613572 0.02028227068133938 
0.034872761545711596 0.025347621318970698 
0.03267357838517122 0.04053971720925113 
0.036443606660383286 0.02028697089065735 
0.03361608545397424 0.035475361572438156 
0.00471253534401508 0.9594605660875366 
0.027332704995287466 0.9543926379805414 
0.07602890355010995 0.020274196802615482 
0.0097392397109645 0.9594587656618987 
0.21394910461828465 0.020258043522678806 
0.21143575243480991 0.020258393937746214 
0.16148287778825007 0.02026310264021453 
0.4461200125667609 2.223766916634491E-6 
0.4388941250392711 2.470752698898695E-6 
0.40747722274583725 2.5557916993976136E-6 
0.3996229971724788 0.0050660380328341826 
0.08011310084825636 0.020273107248047206 
0.05529374803644361 0.020275779916090742 
0.20515237197612315 0.020259246834797098 
0.20672321709079486 0.02025914733014113 
0.1900722588752749 0.020259449646834647 
0.01413760603204524 0.9569291676405731 
0.023248507697141062 0.9569273672149352 
0.04681118441721646 0.02028055253759709 
0.4395224630851398 2.4287517291539017E-6 
0.4002513352183475 3.1926558296819154E-6 
0.07822808671065033 0.02027382486631708 
0.16682375117813383 0.020262217123033926 
0.18535972353125982 0.020259657692731244 
0.1787621740496387 0.020260430133408194 
0.17436380772855797 0.02026054648744601 
0.1828463713477851 0.020259763742100652 
0.40402136349355955 3.0028851569079825E-6 
0.4046497015394282 2.598838300870882E-6 
0.050581212692428525 0.02027707806914048 
0.053408733898837574 0.02027620139435364 
0.16933710336160854 0.020261669556854607 
0.17185045554508324 0.020261028176889344 
0.1812755262331134 0.020259871177736286 
