1368.0 466.02702702702703 
3961.0 95.00287356321839 
1468.0 105.02222222222223 
1440.0 464.025 
3538.0 95.00313479623824 
3881.0 95.0030303030303 
2952.0 95.00347222222223 
3246.0 95.00334448160535 
3287.0 95.00325732899023 
3529.0 95.0031545741325 
2732.0 95.00373134328358 
2610.0 95.00374531835206 
2814.0 95.00361010830325 
2924.0 95.00359712230215 
2071.0 95.00621118012423 
2160.0 95.00617283950618 
2259.0 95.00595238095238 
2337.0 95.00555555555556 
1783.0 95.00869565217391 
2002.0 95.00641025641026 
1852.0 95.00854700854701 
1935.0 95.00689655172414 
2205.0 95.00602409638554 
2378.0 95.0050505050505 
2425.0 95.0045871559633 
2500.0 95.00450450450451 
2455.0 95.00452488687783 
1652.0 95.01075268817205 
1694.0 95.01030927835052 
2174.0 95.00613496932516 
1761.0 95.00943396226415 
1727.0 95.00970873786407 
3906.0 95.00301204819277 
1578.0 95.01369863013699 
1545.0 95.01388888888889 
2576.0 95.00387596899225 
2520.0 95.00425531914894 
1884.0 95.00833333333334 
1472.0 101.02127659574468 
1476.0 97.02127659574468 
1595.0 95.01219512195122 
1622.0 95.01190476190476 
2201.0 95.0060975609756 
3260.0 95.003300330033 
2363.0 95.005291005291 
1701.0 95.01 
1506.0 95.01587301587301 
1531.0 95.01515151515152 
1918.0 95.00787401574803 
2547.0 95.00398406374502 
1893.0 95.00826446280992 
1439.0 465.02564102564105 
1478.0 95.0204081632653 
1407.0 466.025 
1384.0 466.0263157894737 
3938.0 95.00293255131965 
3915.0 95.00298507462686 
1422.0 466.0232558139535 
2590.0 95.00380228136882 
2557.0 95.00396825396825 
1488.0 95.01754385964912 
1636.0 95.01136363636364 
1470.0 103.02127659574468 
2352.0 95.00552486187846 
2532.0 95.00416666666666 
