1374.0 466.02941176470586 
2773.0 87.00398406374502 
1470.0 109.0204081632653 
1468.0 464.0243902439024 
2547.0 95.0046511627907 
2411.0 95.00467289719626 
2750.0 87.00408163265305 
1858.0 95.00892857142857 
1757.0 95.009009009009 
2650.0 87.00411522633745 
2298.0 95.00534759358288 
2149.0 95.00591715976331 
2073.0 95.0059880239521 
2625.0 89.00438596491227 
2560.0 95.00454545454545 
1592.0 95.0125 
1608.0 95.01176470588236 
1671.0 95.01149425287356 
1529.0 95.01282051282051 
1735.0 95.01041666666667 
1674.0 95.01123595505618 
2216.0 95.00581395348837 
2355.0 95.005291005291 
2159.0 95.00588235294117 
2006.0 95.00628930817611 
2011.0 95.00625 
2059.0 95.00621118012423 
1958.0 95.00636942675159 
2263.0 95.00555555555556 
1398.0 465.02702702702703 
1427.0 465.0263157894737 
1480.0 95.01785714285714 
1454.0 464.0285714285714 
1473.0 103.01923076923077 
1396.0 466.02777777777777 
1477.0 97.01851851851852 
1502.0 95.01470588235294 
2752.0 87.0040650406504 
2627.0 87.00436681222708 
2405.0 95.00471698113208 
1602.0 95.01204819277109 
1869.0 95.00787401574803 
1884.0 95.00746268656717 
1943.0 95.00645161290322 
2372.0 95.0051282051282 
2063.0 95.0060606060606 
1922.0 95.00675675675676 
1908.0 95.00680272108843 
2369.0 95.00515463917526 
1467.0 464.02564102564105 
2556.0 95.00456621004567 
1935.0 95.00649350649351 
1506.0 95.01428571428572 
2639.0 87.00429184549357 
1859.0 95.00847457627118 
2383.0 95.00490196078431 
2641.0 87.00413223140495 
2394.0 95.0047619047619 
1514.0 95.01333333333334 
1523.0 95.01298701298701 
1742.0 95.00961538461539 
1892.0 95.0072463768116 
1900.0 95.00699300699301 
1750.0 95.00909090909092 
1930.0 95.00653594771242 
