1433.0 470.03225806451616 
4301.0 97.00294985250737 
1453.0 469.02941176470586 
1458.0 109.02127659574468 
4142.0 97.00361010830325 
3332.0 97.00375939849624 
3071.0 97.00392156862745 
3317.0 97.00383141762453 
1870.0 97.00892857142857 
1712.0 97.009009009009 
2909.0 97.00414937759336 
2762.0 97.00429184549357 
2941.0 97.00404858299595 
2446.0 97.00546448087432 
2328.0 97.00558659217877 
1965.0 97.0072463768116 
2065.0 97.00719424460432 
2613.0 97.0046511627907 
2705.0 97.00452488687783 
2566.0 97.00502512562814 
2485.0 97.00515463917526 
1880.0 97.00877192982456 
1467.0 97.01923076923077 
1632.0 97.01063829787235 
1934.0 97.00833333333334 
1466.0 103.01960784313725 
1460.0 103.02 
2253.0 97.00584795321637 
2300.0 97.00564971751412 
1675.0 97.01052631578948 
2084.0 97.00694444444444 
2199.0 97.00595238095238 
2126.0 97.00689655172414 
4200.0 97.00332225913621 
4159.0 97.00334448160535 
1557.0 97.01515151515152 
1520.0 97.01639344262296 
2451.0 97.00518134715026 
1589.0 97.01388888888889 
2719.0 97.00438596491227 
2748.0 97.00436681222708 
4229.0 97.0031545741325 
4283.0 97.00296735905044 
4255.0 97.00299401197604 
4218.0 97.00319488817891 
2226.0 97.00591715976331 
4247.0 97.003125 
2591.0 97.00487804878048 
1440.0 469.03225806451616 
1688.0 97.00961538461539 
1708.0 97.00943396226415 
1500.0 97.01666666666667 
1494.0 97.01694915254237 
2077.0 97.00714285714285 
2170.0 97.00621118012423 
2151.0 97.00671140939598 
1947.0 97.00813008130082 
4201.0 97.00326797385621 
4284.0 97.00295857988165 
1604.0 97.01219512195122 
1620.0 97.01176470588236 
2184.0 97.0060606060606 
2136.0 97.00680272108843 
1603.0 97.01351351351352 
1481.0 97.01724137931035 
2605.0 97.00485436893204 
2579.0 97.0049504950495 
