1433.0 471.02941176470586 
4057.0 97.00354609929079 
1440.0 470.0263157894737 
1454.0 115.02222222222223 
3571.0 97.00377358490566 
3841.0 97.00375939849624 
3361.0 97.00409836065573 
3110.0 97.00413223140495 
2853.0 97.0045871559633 
3057.0 97.00436681222708 
4026.0 97.00371747211896 
2685.0 97.00478468899522 
2060.0 97.00729927007299 
2195.0 97.00689655172414 
1498.0 97.01923076923077 
1605.0 97.01851851851852 
3489.0 97.00396825396825 
3388.0 97.00401606425703 
1910.0 97.01010101010101 
1810.0 97.01020408163265 
2555.0 97.00520833333333 
2464.0 97.005291005291 
1997.0 97.00869565217391 
2309.0 97.0060606060606 
2394.0 97.00595238095238 
1923.0 97.00943396226415 
1747.0 97.0111111111111 
2285.0 97.00649350649351 
2219.0 97.00653594771242 
1691.0 97.01136363636364 
2621.0 97.00485436893204 
1456.0 109.02083333333333 
2570.0 97.00490196078431 
1758.0 97.01086956521739 
3522.0 97.00390625 
2008.0 97.0078125 
2049.0 97.0077519379845 
1796.0 97.01075268817205 
1465.0 107.02 
2403.0 97.00588235294117 
1468.0 103.01960784313725 
1483.0 97.0204081632653 
1682.0 97.0126582278481 
1655.0 97.01408450704226 
1478.0 98.02127659574468 
2428.0 97.00555555555556 
3098.0 97.00414937759336 
1623.0 97.01754385964912 
1470.0 101.01886792452831 
1642.0 97.01470588235294 
2447.0 97.00546448087432 
3370.0 97.00404858299595 
4040.0 97.00367647058823 
3084.0 97.00420168067227 
3070.0 97.0042372881356 
3085.0 97.00416666666666 
1434.0 470.0285714285714 
1618.0 97.01785714285714 
2568.0 97.0049504950495 
2297.0 97.00617283950618 
2207.0 97.00657894736842 

3201.0 97.0032154340836 
1443.0 463.025 
1456.0 110.02173913043478 
3142.0 97.00327868852459 
2306.0 97.0050505050505 
2503.0 97.00502512562814 
2965.0 97.00331125827815 
2133.0 97.00534759358288 
2704.0 97.00381679389314 
2835.0 97.00380228136882 
1943.0 97.00746268656717 
1821.0 97.00763358778626 
1960.0 97.00675675675676 
2072.0 97.00632911392405 
1724.0 97.00884955752213 
1814.0 97.0078125 
2873.0 97.00347222222223 
2947.0 97.00335570469798 
1644.0 97.01162790697674 
1597.0 97.01176470588236 
1467.0 98.01818181818182 
2584.0 97.00436681222708 
1662.0 97.01020408163265 
1698.0 97.00990099009901 
1463.0 104.01886792452831 
1459.0 110.02 
2615.0 97.00431034482759 
3172.0 97.00326797385621 
2124.0 97.0054347826087 
1486.0 97.01754385964912 
1717.0 97.00952380952381 
1512.0 97.01724137931035 
2552.0 97.00446428571429 
2578.0 97.00442477876106 
2679.0 97.00395256916995 
2529.0 97.0046511627907 
2104.0 97.00558659217877 
1551.0 97.01639344262296 
1531.0 97.01666666666667 
2102.0 97.00588235294117 
2082.0 97.0060606060606 
2633.0 97.00429184549357 
3188.0 97.00322580645161 
2863.0 97.00358422939068 
2664.0 97.00398406374502 
1583.0 97.01204819277109 
1569.0 97.01315789473684 
2951.0 97.00333333333333 
1477.0 97.01923076923077 
1564.0 97.01408450704226 
2516.0 97.00485436893204 
2656.0 97.00409836065573 
2643.0 97.0042194092827 
2857.0 97.0036496350365 
2845.0 97.00374531835206 
3183.0 97.0032362459547 
1653.0 97.01098901098901 
1951.0 97.00714285714285 

1446.0 465.03225806451616 
3369.0 93.00348432055749 
1451.0 464.030303030303 
1455.0 109.02083333333333 
2955.0 94.003861003861 
3249.0 93.00414937759336 
2704.0 95.00440528634361 
2582.0 95.00442477876106 
2293.0 95.00571428571429 
2804.0 95.00401606425703 
2898.0 95.00395256916995 
1726.0 95.01086956521739 
2381.0 95.00568181818181 
3289.0 93.00358422939068 
1645.0 95.01098901098901 
2256.0 95.00617283950618 
2176.0 95.00621118012423 
2121.0 95.00657894736842 
2042.0 95.00662251655629 
1551.0 95.0125 
1625.0 95.01234567901234 
2447.0 95.00520833333333 
1535.0 95.01515151515152 
1475.0 95.01612903225806 
1735.0 95.01041666666667 
2953.0 95.003861003861 
1462.0 97.01923076923077 
2513.0 95.00473933649289 
2132.0 95.00645161290322 
2727.0 95.00431034482759 
2469.0 95.0051282051282 
2771.0 95.00425531914894 
1834.0 95.00952380952381 
1775.0 95.01 
1794.0 95.00980392156863 
2913.0 95.00392156862745 
1862.0 95.00892857142857 
1900.0 95.00877192982456 
1456.0 103.01960784313725 
1953.0 95.00819672131148 
1920.0 95.00854700854701 
1992.0 95.00675675675676 
1982.0 95.0068493150685 
2559.0 95.00450450450451 
2015.0 95.00671140939598 
2569.0 95.00446428571429 
1470.0 97.01694915254237 
1963.0 95.00740740740741 
2789.0 95.00408163265305 
2541.0 95.00452488687783 
2465.0 95.00515463917526 
1629.0 95.01204819277109 
1847.0 95.00925925925925 
2786.0 95.0042372881356 
2527.0 95.00460829493088 
1472.0 95.01666666666667 
3272.0 93.00371747211896 
3285.0 93.00366300366301 
2280.0 95.00581395348837 
2268.0 95.00584795321637 
3260.0 93.00395256916995 
2716.0 95.00434782608696 

1447.0 465.030303030303 
4372.0 89.00314465408805 
1467.0 108.02 
1448.0 464.030303030303 
4067.0 89.00319488817891 
4355.0 89.0031545741325 
3536.0 89.0036496350365 
3721.0 89.0036231884058 
4043.0 89.003300330033 
3869.0 89.003367003367 
2663.0 93.00462962962963 
2814.0 93.00460829493088 
2117.0 93.00675675675676 
2235.0 93.00636942675159 
2375.0 93.005291005291 
2487.0 93.00518134715026 
3811.0 89.00342465753425 
3741.0 89.00357142857143 
2641.0 93.00473933649289 
2554.0 93.0048076923077 
2984.0 93.00380228136882 
3069.0 91.0054347826087 
3420.0 89.00403225806451 
3338.0 89.00411522633745 
3284.0 89.0042735042735 
1924.0 95.00671140939598 
2003.0 95.00657894736842 
1551.0 95.01315789473684 
1705.0 95.00877192982456 
1810.0 95.008 
1879.0 95.0079365079365 
3215.0 89.00434782608696 
1773.0 95.00862068965517 
3469.0 89.00371747211896 
1615.0 95.01219512195122 
2283.0 93.00574712643679 
2345.0 93.00549450549451 
3850.0 89.00341296928327 
1477.0 101.01851851851852 
1647.0 95.01063829787235 
3098.0 89.00502512562814 
1699.0 95.009009009009 
2933.0 93.00392156862745 
2076.0 93.00925925925925 
1539.0 95.01369863013699 
1470.0 108.01960784313725 
1474.0 103.01923076923077 
1482.0 95.01612903225806 
3460.0 89.00393700787401 
3422.0 89.00398406374502 
2895.0 93.00395256916995 
2062.0 95.00523560209425 
3079.0 89.00537634408602 
1504.0 95.01388888888889 
2543.0 93.0048309178744 
2888.0 93.00396825396825 
1480.0 97.01724137931035 
3131.0 89.00478468899522 
2835.0 93.00450450450451 
2108.0 93.00704225352112 
2491.0 93.00515463917526 
3186.0 89.00442477876106 
2040.0 95.00571428571429 
2519.0 93.0051282051282 
2012.0 95.00645161290322 
2860.0 93.00416666666666 
1897.0 95.00769230769231 
3322.0 89.00418410041841 
3295.0 89.0042194092827 
3078.0 91.00540540540541 
2260.0 93.00628930817611 
1638.0 95.01190476190476 
3163.0 89.0046511627907 
3140.0 89.00469483568075 
1788.0 95.00833333333334 

1425.0 470.03225806451616 
3527.0 95.002849002849 
1454.0 114.02173913043478 
1453.0 467.03225806451616 
2954.0 95.00436681222708 
2677.0 95.00438596491227 
3310.0 95.00322580645161 
3419.0 95.0031055900621 
2434.0 95.00531914893617 
2343.0 95.00555555555556 
1786.0 95.00934579439253 
2598.0 95.00442477876106 
1712.0 95.00961538461539 
1965.0 95.00735294117646 
2038.0 95.00719424460432 
1952.0 95.0079365079365 
1880.0 95.008 
2150.0 95.00641025641026 
2219.0 95.00621118012423 
2082.0 95.0068493150685 
2145.0 95.00675675675676 
3012.0 95.00420168067227 
3238.0 95.0036496350365 
2554.0 95.00452488687783 
1584.0 95.01282051282051 
1690.0 95.01 
1641.0 95.01020408163265 
2286.0 95.00571428571429 
1569.0 95.01587301587301 
1876.0 95.00813008130082 
1462.0 112.02173913043478 
2592.0 95.00444444444445 
2330.0 95.00564971751412 
2081.0 95.00709219858156 
1833.0 95.00833333333334 
1495.0 95.01639344262296 
1537.0 95.01612903225806 
2484.0 95.005 
1470.0 109.0204081632653 
3517.0 95.00285714285714 
1472.0 103.01960784313725 
1618.0 95.01030927835052 
1792.0 95.0091743119266 
1825.0 95.00847457627118 
3123.0 95.00384615384615 
3156.0 95.00378787878788 
2498.0 95.00492610837438 
3092.0 95.00392156862745 
1478.0 95.01851851851852 
3208.0 95.00367647058823 
3459.0 95.00296735905044 
3489.0 95.0028818443804 
2456.0 95.00518134715026 
3040.0 95.00413223140495 
2282.0 95.00581395348837 
3284.0 95.00331125827815 
2244.0 95.0060975609756 
1474.0 101.01960784313725 
1476.0 97.01851851851852 
3184.0 95.00374531835206 
3261.0 95.00337837837837 
2539.0 95.00467289719626 
2516.0 95.0048309178744 
2260.0 95.0059880239521 
3070.0 95.00401606425703 
1441.0 469.03333333333336 
3438.0 95.00302114803625 
3421.0 95.00305810397553 
3165.0 95.00377358490566 
3058.0 95.00411522633745 
1452.0 468.03333333333336 

1439.0 465.025 
4026.0 95.002849002849 
1453.0 464.0232558139535 
1456.0 109.01886792452831 
3281.0 95.00348432055749 
3580.0 95.00344827586207 
2983.0 95.00384615384615 
3187.0 95.00373134328358 
3945.0 95.00308641975309 
3753.0 95.0031055900621 
2618.0 95.00454545454545 
2474.0 95.0045871559633 
2277.0 95.00588235294117 
1771.0 95.00862068965517 
2411.0 95.00584795321637 
1901.0 95.00840336134453 
2872.0 95.004 
2112.0 95.00675675675676 
2208.0 95.00671140939598 
3257.0 95.00363636363636 
1668.0 95.01086956521739 
1738.0 95.01030927835052 
2097.0 95.00729927007299 
2034.0 95.00735294117646 
1973.0 95.00740740740741 
2668.0 95.00440528634361 
2729.0 95.00436681222708 
2784.0 95.00432900432901 
1488.0 95.01538461538462 
1542.0 95.01428571428572 
1547.0 95.01408450704226 
2629.0 95.00450450450451 
1464.0 97.01639344262296 
1594.0 95.01351351351352 
1457.0 103.01785714285714 
3639.0 95.003300330033 
3681.0 95.0032894736842 
3598.0 95.00337837837837 
2855.0 95.00416666666666 
2817.0 95.00418410041841 
4019.0 95.00296735905044 
3982.0 95.00298507462686 
1759.0 95.01020408163265 
2794.0 95.0042735042735 
1469.0 95.01724137931035 
1463.0 101.01639344262296 
3725.0 95.0031545741325 
3696.0 95.00327868852459 
1921.0 95.0078125 
1949.0 95.00763358778626 
2268.0 95.00595238095238 
1643.0 95.01098901098901 
2233.0 95.00641025641026 
2450.0 95.005 
3749.0 95.00311526479751 
2432.0 95.00555555555556 
1614.0 95.01190476190476 
3962.0 95.0030395136778 
1633.0 95.01176470588236 
2251.0 95.00613496932516 
1460.0 101.01724137931035 

1433.0 470.03225806451616 
4301.0 97.00294985250737 
1453.0 469.02941176470586 
1458.0 109.02127659574468 
4142.0 97.00361010830325 
3332.0 97.00375939849624 
3071.0 97.00392156862745 
3317.0 97.00383141762453 
1870.0 97.00892857142857 
1712.0 97.009009009009 
2909.0 97.00414937759336 
2762.0 97.00429184549357 
2941.0 97.00404858299595 
2446.0 97.00546448087432 
2328.0 97.00558659217877 
1965.0 97.0072463768116 
2065.0 97.00719424460432 
2613.0 97.0046511627907 
2705.0 97.00452488687783 
2566.0 97.00502512562814 
2485.0 97.00515463917526 
1880.0 97.00877192982456 
1467.0 97.01923076923077 
1632.0 97.01063829787235 
1934.0 97.00833333333334 
1466.0 103.01960784313725 
1460.0 103.02 
2253.0 97.00584795321637 
2300.0 97.00564971751412 
1675.0 97.01052631578948 
2084.0 97.00694444444444 
2199.0 97.00595238095238 
2126.0 97.00689655172414 
4200.0 97.00332225913621 
4159.0 97.00334448160535 
1557.0 97.01515151515152 
1520.0 97.01639344262296 
2451.0 97.00518134715026 
1589.0 97.01388888888889 
2719.0 97.00438596491227 
2748.0 97.00436681222708 
4229.0 97.0031545741325 
4283.0 97.00296735905044 
4255.0 97.00299401197604 
4218.0 97.00319488817891 
2226.0 97.00591715976331 
4247.0 97.003125 
2591.0 97.00487804878048 
1440.0 469.03225806451616 
1688.0 97.00961538461539 
1708.0 97.00943396226415 
1500.0 97.01666666666667 
1494.0 97.01694915254237 
2077.0 97.00714285714285 
2170.0 97.00621118012423 
2151.0 97.00671140939598 
1947.0 97.00813008130082 
4201.0 97.00326797385621 
4284.0 97.00295857988165 
1604.0 97.01219512195122 
1620.0 97.01176470588236 
2184.0 97.0060606060606 
2136.0 97.00680272108843 
1603.0 97.01351351351352 
1481.0 97.01724137931035 
2605.0 97.00485436893204 
2579.0 97.0049504950495 

1368.0 466.02702702702703 
3961.0 95.00287356321839 
1468.0 105.02222222222223 
1440.0 464.025 
3538.0 95.00313479623824 
3881.0 95.0030303030303 
2952.0 95.00347222222223 
3246.0 95.00334448160535 
3287.0 95.00325732899023 
3529.0 95.0031545741325 
2732.0 95.00373134328358 
2610.0 95.00374531835206 
2814.0 95.00361010830325 
2924.0 95.00359712230215 
2071.0 95.00621118012423 
2160.0 95.00617283950618 
2259.0 95.00595238095238 
2337.0 95.00555555555556 
1783.0 95.00869565217391 
2002.0 95.00641025641026 
1852.0 95.00854700854701 
1935.0 95.00689655172414 
2205.0 95.00602409638554 
2378.0 95.0050505050505 
2425.0 95.0045871559633 
2500.0 95.00450450450451 
2455.0 95.00452488687783 
1652.0 95.01075268817205 
1694.0 95.01030927835052 
2174.0 95.00613496932516 
1761.0 95.00943396226415 
1727.0 95.00970873786407 
3906.0 95.00301204819277 
1578.0 95.01369863013699 
1545.0 95.01388888888889 
2576.0 95.00387596899225 
2520.0 95.00425531914894 
1884.0 95.00833333333334 
1472.0 101.02127659574468 
1476.0 97.02127659574468 
1595.0 95.01219512195122 
1622.0 95.01190476190476 
2201.0 95.0060975609756 
3260.0 95.003300330033 
2363.0 95.005291005291 
1701.0 95.01 
1506.0 95.01587301587301 
1531.0 95.01515151515152 
1918.0 95.00787401574803 
2547.0 95.00398406374502 
1893.0 95.00826446280992 
1439.0 465.02564102564105 
1478.0 95.0204081632653 
1407.0 466.025 
1384.0 466.0263157894737 
3938.0 95.00293255131965 
3915.0 95.00298507462686 
1422.0 466.0232558139535 
2590.0 95.00380228136882 
2557.0 95.00396825396825 
1488.0 95.01754385964912 
1636.0 95.01136363636364 
1470.0 103.02127659574468 
2352.0 95.00552486187846 
2532.0 95.00416666666666 

3546.0 95.00298507462686 
1433.0 465.03125 
1448.0 464.030303030303 
1457.0 109.02222222222223 
2544.0 95.00436681222708 
2902.0 95.00416666666666 
3153.0 95.00348432055749 
3400.0 95.00344827586207 
2227.0 95.00534759358288 
2361.0 95.00531914893617 
2005.0 95.00662251655629 
1924.0 95.00671140939598 
2985.0 95.00409836065573 
2905.0 95.00411522633745 
3073.0 95.00384615384615 
3001.0 95.00390625 
2384.0 95.00510204081633 
2455.0 95.00502512562814 
2097.0 95.00578034682081 
2163.0 95.00571428571429 
1487.0 95.01612903225806 
1552.0 95.01587301587301 
1643.0 95.0111111111111 
1707.0 95.01098901098901 
2034.0 95.00581395348837 
1582.0 95.0126582278481 
1635.0 95.01234567901234 
2483.0 95.00456621004567 
2534.0 95.00454545454545 
3111.0 95.00355871886121 
1756.0 95.01020408163265 
1716.0 95.01075268817205 
1459.0 103.02173913043478 
1466.0 97.01923076923077 
1790.0 95.00934579439253 
2195.0 95.00568181818181 
1797.0 95.00909090909092 
1828.0 95.009009009009 
2026.0 95.00595238095238 
1895.0 95.00729927007299 
2465.0 95.0049504950495 
3522.0 95.0031545741325 
1463.0 101.01960784313725 
1830.0 95.00892857142857 
2204.0 95.00546448087432 
2376.0 95.00523560209425 
3081.0 95.00371747211896 
3485.0 95.00319488817891 
3507.0 95.00316455696202 
1851.0 95.00826446280992 
1867.0 95.0078125 
1887.0 95.00746268656717 
1479.0 95.01851851851852 
1563.0 95.01449275362319 
3419.0 95.00343642611683 
3095.0 95.0037037037037 
1462.0 103.0204081632653 
3449.0 95.00338983050847 
3531.0 95.00311526479751 
3434.0 95.00342465753425 
2987.0 95.00392156862745 
3471.0 95.00325732899023 
3462.0 95.00327868852459 

1374.0 466.02941176470586 
2773.0 87.00398406374502 
1470.0 109.0204081632653 
1468.0 464.0243902439024 
2547.0 95.0046511627907 
2411.0 95.00467289719626 
2750.0 87.00408163265305 
1858.0 95.00892857142857 
1757.0 95.009009009009 
2650.0 87.00411522633745 
2298.0 95.00534759358288 
2149.0 95.00591715976331 
2073.0 95.0059880239521 
2625.0 89.00438596491227 
2560.0 95.00454545454545 
1592.0 95.0125 
1608.0 95.01176470588236 
1671.0 95.01149425287356 
1529.0 95.01282051282051 
1735.0 95.01041666666667 
1674.0 95.01123595505618 
2216.0 95.00581395348837 
2355.0 95.005291005291 
2159.0 95.00588235294117 
2006.0 95.00628930817611 
2011.0 95.00625 
2059.0 95.00621118012423 
1958.0 95.00636942675159 
2263.0 95.00555555555556 
1398.0 465.02702702702703 
1427.0 465.0263157894737 
1480.0 95.01785714285714 
1454.0 464.0285714285714 
1473.0 103.01923076923077 
1396.0 466.02777777777777 
1477.0 97.01851851851852 
1502.0 95.01470588235294 
2752.0 87.0040650406504 
2627.0 87.00436681222708 
2405.0 95.00471698113208 
1602.0 95.01204819277109 
1869.0 95.00787401574803 
1884.0 95.00746268656717 
1943.0 95.00645161290322 
2372.0 95.0051282051282 
2063.0 95.0060606060606 
1922.0 95.00675675675676 
1908.0 95.00680272108843 
2369.0 95.00515463917526 
1467.0 464.02564102564105 
2556.0 95.00456621004567 
1935.0 95.00649350649351 
1506.0 95.01428571428572 
2639.0 87.00429184549357 
1859.0 95.00847457627118 
2383.0 95.00490196078431 
2641.0 87.00413223140495 
2394.0 95.0047619047619 
1514.0 95.01333333333334 
1523.0 95.01298701298701 
1742.0 95.00961538461539 
1892.0 95.0072463768116 
1900.0 95.00699300699301 
1750.0 95.00909090909092 
1930.0 95.00653594771242 

