0.11834319526627218 0.5745612473746039 
0.3431952662721893 0.569488448257449 
0.14792899408284024 0.5723066699892017 
0.21301775147928995 0.5711793812965006 
0.2603550295857988 0.5700971841515075 
0.2958579881656805 0.5698786635741532 
0.33136094674556216 0.5696763297062324 

0.07100591715976332 0.5738848741589833 
0.20710059171597633 0.5711793812965006 
0.10059171597633136 0.5718913531024171 
0.14201183431952663 0.5715175679043111 

0.13609467455621302 0.5711793812965006 
0.10059171597633136 0.5718913531024171 
0.07100591715976332 0.5738848741589833 

0.08875739644970414 0.5738848741589833 
0.3136094674556213 0.5703339147769747 
0.11834319526627218 0.5715175679043111 
0.26627218934911245 0.5708719389257639 
0.10059171597633136 0.5732930475953152 

0.10059171597633136 0.5711793812965006 
0.21893491124260356 0.5691502616496387 
0.15384615384615385 0.5696763297062324 
0.10650887573964497 0.5708719389257639 
0.1834319526627219 0.569488448257449 

0.23076923076923078 0.569313524149961 
0.08875739644970414 0.5732930475953152 
0.1834319526627219 0.5696763297062324 
0.11242603550295859 0.5727708476861962 
0.11834319526627218 0.5715175679043111 
0.15384615384615385 0.5705912306742217 
0.14201183431952663 0.5711793812965006 
0.14792899408284024 0.5708719389257639 

0.07100591715976332 0.5745612473746039 
0.20710059171597633 0.5708719389257639 
0.10059171597633136 0.5718913531024171 
0.13609467455621302 0.5711793812965006 
0.1301775147928994 0.5715175679043111 

0.5798816568047337 0.14152866819201232 
0.11242603550295859 0.5745612473746039 
0.40828402366863903 0.1454024420632943 
0.14201183431952663 0.5723066699892017 
0.5266272189349113 0.14447610483320494 
0.5325443786982249 0.14213939830685388 

0.07100591715976332 0.5745612473746039 
0.4378698224852071 0.5696763297062324 
0.13609467455621302 0.5711793812965006 
0.3609467455621302 0.5698786635741532 
0.10059171597633136 0.5718913531024171 

0.10059171597633136 0.5711793812965006 
0.7455621301775148 0.5689975322138534 
0.1893491124260355 0.569488448257449 
0.10650887573964497 0.5708719389257639 

