0.1702127659574468 0.34777070063694254 
0.41134751773049644 0.3309853877856874 
0.22340425531914893 0.33885350318471325 
0.3120567375886525 0.33679568838804497 
0.32269503546099293 0.3321656050955414 
0.22163120567375885 0.34420382165605085 

0.18439716312056736 0.34777070063694254 
0.7464539007092199 0.3239915074309979 
0.34397163120567376 0.3309853877856874 
0.6826241134751773 0.3260592633619496 
0.2198581560283688 0.33885350318471325 
0.2978723404255319 0.33679568838804497 
0.1879432624113475 0.34420382165605085 
0.32978723404255317 0.3335031847133757 
0.723404255319149 0.3254777070063695 
0.3120567375886525 0.3350318471337579 

0.18971631205673758 0.34420382165605085 
0.4148936170212766 0.3289976533690914 
0.33865248226950356 0.3321656050955414 
0.22163120567375885 0.3412854661262304 
0.2570921985815603 0.33679568838804497 
0.30319148936170215 0.3335031847133757 
0.2907801418439716 0.3350318471337579 
0.24113475177304963 0.33885350318471325 

0.1702127659574468 1.0 
1.0 0.32317153525148246 
0.17907801418439717 0.35796178343949053 
0.17375886524822695 0.9942675159235668 
0.5372340425531915 0.3266936884771281 
0.7624113475177305 0.3260592633619496 
0.8173758865248227 0.3244487996080352 
0.9521276595744681 0.3239915074309979 
0.225177304964539 0.33885350318471325 
0.35106382978723405 0.3321656050955414 
0.4592198581560284 0.3309853877856874 
0.5177304964539007 0.329936305732484 
0.2127659574468085 0.34777070063694254 
0.9769503546099291 0.32356687898089165 
0.21808510638297873 0.34420382165605085 
0.22163120567375885 0.3412854661262304 

0.17907801418439717 0.34420382165605085 
0.12411347517730496 0.3522292993630573 
0.13297872340425532 0.34777070063694254 

0.16134751773049646 0.34777070063694254 
0.28191489361702127 0.3309853877856874 
0.2624113475177305 0.33679568838804497 
0.1879432624113475 0.33885350318471325 
0.18262411347517732 0.3412854661262304 
0.26773049645390073 0.3321656050955414 

0.18617021276595744 0.3522292993630573 
0.3599290780141844 0.329936305732484 
0.2783687943262411 0.3350318471337579 
0.2127659574468085 0.34777070063694254 
0.3333333333333333 0.3321656050955414 
0.23404255319148937 0.33679568838804497 
0.22163120567375885 0.3412854661262304 
0.33687943262411346 0.3309853877856874 
0.23049645390070922 0.33885350318471325 

0.16843971631205673 0.34777070063694254 
0.41843971631205673 0.3289976533690914 
0.23404255319148937 0.33885350318471325 
0.31560283687943264 0.3350318471337579 
0.34397163120567376 0.329936305732484 
0.3262411347517731 0.3321656050955414 

0.38475177304964536 0.329936305732484 
0.14893617021276595 0.9942675159235668 
0.16312056737588654 0.34777070063694254 
0.15425531914893617 0.989808917197452 
0.20567375886524822 0.33885350318471325 
0.26063829787234044 0.33679568838804497 
0.31382978723404253 0.3321656050955414 
0.35106382978723405 0.3309853877856874 

0.1595744680851064 0.34777070063694254 
0.8014184397163121 0.3260592633619496 
0.30319148936170215 0.329936305732484 
0.6276595744680851 0.32815286624203815 
0.6312056737588653 0.3266936884771281 
0.20035460992907803 0.3412854661262304 
0.2783687943262411 0.3350318471337579 
0.225177304964539 0.33679568838804497 
0.2854609929078014 0.3321656050955414 
0.20390070921985815 0.33885350318471325 
0.299645390070922 0.3309853877856874 

