691.0 4.111111111111111 
827.0 4.0588235294117645 
721.0 4.083333333333333 
771.0 4.076923076923077 
777.0 4.0625 
720.0 4.1 

699.0 4.111111111111111 
1016.0 4.037037037037037 
789.0 4.0588235294117645 
980.0 4.043478260869565 
719.0 4.083333333333333 
763.0 4.076923076923077 
701.0 4.1 
781.0 4.066666666666666 
1003.0 4.041666666666667 
771.0 4.071428571428571 

702.0 4.1 
829.0 4.052631578947368 
786.0 4.0625 
720.0 4.090909090909091 
740.0 4.076923076923077 
766.0 4.066666666666666 
759.0 4.071428571428571 
731.0 4.083333333333333 

691.0 6.142857142857143 
1159.0 4.0344827586206895 
696.0 4.142857142857143 
693.0 6.125 
898.0 4.045454545454546 
1025.0 4.043478260869565 
1056.0 4.038461538461538 
1132.0 4.037037037037037 
722.0 4.083333333333333 
793.0 4.0625 
854.0 4.0588235294117645 
887.0 4.055555555555555 
715.0 4.111111111111111 
1146.0 4.035714285714286 
718.0 4.1 
720.0 4.090909090909091 

696.0 4.1 
665.0 4.125 
670.0 4.111111111111111 

686.0 4.111111111111111 
754.0 4.0588235294117645 
743.0 4.076923076923077 
701.0 4.083333333333333 
698.0 4.090909090909091 
746.0 4.0625 

700.0 4.125 
798.0 4.055555555555555 
752.0 4.071428571428571 
715.0 4.111111111111111 
783.0 4.0625 
727.0 4.076923076923077 
720.0 4.090909090909091 
785.0 4.0588235294117645 
725.0 4.083333333333333 

690.0 4.111111111111111 
831.0 4.052631578947368 
727.0 4.083333333333333 
773.0 4.071428571428571 
789.0 4.055555555555555 
779.0 4.0625 

812.0 4.055555555555555 
679.0 6.125 
687.0 4.111111111111111 
682.0 6.111111111111111 
711.0 4.083333333333333 
742.0 4.076923076923077 
772.0 4.0625 
793.0 4.0588235294117645 

685.0 4.111111111111111 
1047.0 4.043478260869565 
766.0 4.055555555555555 
949.0 4.05 
951.0 4.045454545454546 
708.0 4.090909090909091 
752.0 4.071428571428571 
722.0 4.076923076923077 
756.0 4.0625 
710.0 4.083333333333333 
764.0 4.0588235294117645 

