--- 0.0 0.0 ---
0.3749008350654608
0.38859127187174874
0.4384093866490815
0.41369350698240887
0.4126168371436362
0.4356115229380723
1.0078684292482032
0.48387540536604395
0.4018882293555714
0.3743045783044814
0.5599760288168221
0.5232499485922307
0.540970839693846
0.3798605474760574
0.42854213176603606
0.4160249777456018
0.5757258372062792
0.5569334175332191
0.4180667021316648
0.6868970223873343
0.6647483974423704
0.45632607573661244
0.4408342141188487
0.46733685473634484
0.38133609984314853
0.3767371632157249
0.37294084850441833
0.3708887756667654
0.6830339731927357
0.3589749724130414
0.39972940832388687
0.45121330482050875
0.43405533046773354
0.44408522735759537
0.6638040954326828
0.3559966796630495
0.3483577575285606
0.7321166263787873
0.5283505437687702
0.4944916813625227
0.3681083967350462
0.367243716397434
0.37630445191826334
0.4892924291833603
0.4059804614354975
0.3838222476925456
0.3695331724111619
0.3629764823230249
0.36997264604863017
0.36732479506632676
0.7820613442850374
0.6553833257793018
0.5410469921014369
0.3602907616092958
0.47503958952262676
0.5237311957148596
0.4598313790638641
0.4726738311831698
0.45762309979351373
0.36085336554364045
0.3589749724130414
0.3869944343249398
0.3695614618573959
0.039435626511940526
0.7060998151571165
0.6007411131412104
0.4399297196259991
0.2606909481139757
0.14247311600952076
0.31794008603297835
0.047114666491392385
0.41220531504316915
0.09531755392751501
0.13143442878931824
0.29023015609006625
0.12416905251139194
0.2662115238110483
0.6081336334339235
0.10595519936501269
0.10243602489324226
0.12056528137410868
0.6506471639757613
0.6635860014159844
0.07136471449491011
0.5526821148620649
0.08467924415845479
0.5120193639564197
0.39187529113515884
0.35122364822679447
0.2274469807587455
0.2791587836116501
0.12831790472122193
0.16498863391959445
0.19059929501439152
0.18518253910875077
0.2514511004989702
0.38448482043097876
0.18880600994580815
0.9955585951385562
0.9920384687492457
0.35073176456540917
0.3445248958503778
0.794824440566613
0.1630476066861964
0.20710268482710492
0.18498208187543788
0.20342806490507154
0.17398362388320637
0.03733088187554336
0.5083182035303505
0.037661910921505067
0.24957818199787818
0.0724944342589747
0.3364371919600522
0.42144256316456924
0.1230238872044973
0.0660694156466338
0.3826308930678895
0.4066569166318979
0.3493700792724096
0.3623043859723351
0.37523980304619853
0.24219723286170625
0.4140495768595506
0.023318385650224274
0.8817005917646537
0.493530781049293
0.018314218747071044
0.06953489733352404
0.26433774386425113
0.17752155990385507
0.3696901186579496
0.2569489999728882
0.07644560059354595
0.07295522876548123
0.469501632157138
0.4621085687409556
0.4269895113075718
0.027272368462074602
0.2902114016028508
0.12766922233382874
0.08182387290044346
0.24771348240601246
0.09276915561150333
0.10560446059086134
0.2310873006579864
0.11662708961522004
0.22370483897401694
0.39318615609634455
0.5587911760399236
0.5310884242526347
0.38821452464398976
0.44259461797081223
0.7455610839703908
0.37651967841607586
0.3701913126480109
0.37022951984644714
0.7064939484031478
0.3817073158832362
0.4089415819878592
0.4189331950738434
0.3592841421481247
0.40514804494158674
0.5916559115793644
0.5715434079683851
0.5873145318626705
0.41742624747102997
0.5569334175332191
0.41493166078453736
0.5123370726627793
0.3723034626275155
0.39644935876985876
0.37605765978300076
0.3903999090325994
0.3520681265001486
0.35151982293112416
0.35366449594735894
0.3553278634592645
0.4011284685129613
0.3588643886303544
0.12513697091720685
0.35505474802476555
0.21272072647600732
0.35678277908181355
0.17800796296589314
0.39374087860531515
0.14321078475932203
0.19434369904871127
0.356922727862738
0.3681083967350462
0.4109673580714679
0.3613057730791636
0.35905926323687226
0.38993647847621715
0.3854981775161589
0.3876487292096877
0.5249344256717636
0.462088540085546
0.45594750109672727
0.48424866549196327
0.47908964406845517
0.9826521720694136
0.8684878267292448
0.35951687634375995
0.6502366473201723
0.4399296878474412
0.5660706928150698
0.4033011849205326
0.3888616568578322
0.39897857794605757
0.6571731230792466
0.5185162483688345
0.44955181640203606
0.3876729614048192
0.43425142367192654
0.3833864240200687
0.4310511623004129
0.35318766539125385
0.40678029189261355
0.04136842797924173
0.5046409965378392
0.06891859693049474
0.0989752869759808
0.4307137503418392
0.042156516649810676
0.1871130690442499
0.24046305904385215
0.3549708554314382
0.3124875236361466
0.222037832980099
0.09559595884415038
0.20548164962064852
0.7351352291636917
0.3570106319830954
0.41079620753781415
0.38894948539040713
0.4071788480157094
0.3985185217947685
0.3679826093850337
0.3479701561943483
0.3660967404604052
0.3721470069229802
0.37630445191826334
0.49003294808193915
0.40009887698889723
0.3866824049939099
0.9304674277057345
0.5540155897665027
0.7483051356003798
0.5363995278777203
0.5179584852510333
0.532222496058605
0.3799273835837077
0.03953177220636701
0.8650659044594653
0.04136842797924173
0.5489893444358043
0.669134740380958
0.7837358788797156
0.14486464175413197
0.04848892321864835
0.18875293370490867
0.055625168012473504
0.3198291154772191
0.2681422811111084
0.35678277908181355
0.10472113467616317
0.44178795854123754
0.4658136598873169
0.07967925407336153
0.1630476066861964
0.3106189206478697
0.17035061614654703
0.4054607152883716
0.4171490084702879
0.38948427559819276
0.388119329752051
0.3877066185323246
0.38408534143569456
1.0081006185347485
1.0041289903095942
0.596561339180886
0.564413681135311
0.5772460490690989
0.5830172329000154
0.4317020694576372
0.6753172427482066
0.40410520424451607
0.5053031884272429
0.6546020935021754
0.3742395171605995
0.4010510672675543
0.38500657324386117
0.3832883537836198
0.39547862016556773
0.3817073158832362
0.38225166365716823
0.8247737293246352
0.653518108220791
0.5373135651694612
0.5137522446837686
0.5160999997859467
0.5058585617425165
0.4858700056862933
