0.28835489833641403 0.3318385650224215 
0.1589648798521257 0.34977578475336313 
0.19038817005545286 0.3408071748878923 
0.27171903881700554 0.33873749568816824 
0.27726432532347506 0.33408071748878926 
0.2735674676524954 0.3369634849455477 
0.13493530499075784 0.34977578475336313 
0.4953789279112754 0.3300448430493273 
0.4343807763401109 0.3318385650224215 
0.20702402957486138 0.3461883408071748 
0.22181146025878004 0.3432531593966571 
0.2920517560073937 0.3408071748878923 
0.36229205175600737 0.3354260089686098 
0.3290203327171904 0.33873749568816824 
0.39371534195933455 0.33408071748878926 
0.3456561922365989 0.3369634849455477 
0.41404805914972276 0.33289369559482984 
0.6839186691312384 0.3273542600896862 
0.1866913123844732 0.3408071748878923 
0.28650646950092423 0.3318385650224215 
0.25508317929759705 0.33873749568816824 
0.4454713493530499 0.3308945008260561 
0.5582255083179297 0.32857725234406865 
0.6561922365988909 0.32793916942873863 
0.48428835489833644 0.3292761050608584 
0.44731977818853974 0.3300448430493273 
0.20147874306839186 0.3432531593966571 
0.17190388170055454 0.34977578475336313 
0.18853974121996303 0.3461883408071748 
0.14417744916820702 0.3542600896860987 
0.49168207024029575 0.3292761050608584 
0.33271719038817005 0.3318385650224215 
0.48428835489833644 0.3300448430493273 
0.1534195933456562 0.3461883408071748 
0.23290203327171904 0.3408071748878923 
0.24399260628465805 0.33408071748878926 
0.24029574861367836 0.3354260089686098 
0.2809611829944547 0.33289369559482984 
0.1478743068391867 0.34977578475336313 
0.2365988909426987 0.33873749568816824 
0.14048059149722736 0.34977578475336313 
0.29390018484288355 0.33408071748878926 
0.19593345656192238 0.3408071748878923 
0.15526802218114602 0.3461883408071748 
0.2513863216266174 0.33873749568816824 
0.26062846580406657 0.3369634849455477 
0.2809611829944547 0.3354260089686098 
0.1256931608133087 1.0 
0.35304990757855825 0.3308945008260561 
0.14602587800369685 0.3542600896860987 
0.21626617375231053 0.33873749568816824 
0.3364140480591497 0.3354260089686098 
0.1589648798521257 0.3461883408071748 
0.19593345656192238 0.3408071748878923 
0.14972273567467653 0.34977578475336313 
0.3512014787430684 0.3318385650224215 
0.3438077634011091 0.33289369559482984 
0.34011090573012936 0.33408071748878926 
0.16266173752310537 1.0 
0.7707948243992606 0.3273542600896862 
0.18853974121996303 0.34977578475336313 
0.47504621072088726 0.32793916942873863 
0.4011090573012939 0.33289369559482984 
0.32532347504621073 0.33408071748878926 
0.25508317929759705 0.33873749568816824 
0.19593345656192238 0.3461883408071748 
0.24399260628465805 0.3408071748878923 
0.29390018484288355 0.3369634849455477 
0.4343807763401109 0.3308945008260561 
0.32162661737523107 0.3354260089686098 
0.4510166358595194 0.3300448430493273 
0.1423290203327172 0.3461883408071748 
0.13863216266173753 0.3542600896860987 
0.17005545286506468 0.34977578475336313 
0.45471349353049906 0.3268161434977579 
0.31608133086876156 0.33873749568816824 
0.21811460258780038 0.3432531593966571 
0.3826247689463956 0.3308945008260561 
0.2754158964879852 0.3408071748878923 
0.21072088724584104 0.3461883408071748 
0.4066543438077634 0.3292761050608584 
0.43068391866913125 0.3273542600896862 
0.3456561922365989 0.3300448430493273 
0.17190388170055454 0.33873749568816824 
0.2698706099815157 0.33289369559482984 
0.24399260628465805 0.3369634849455477 
0.3234750462107209 0.3318385650224215 
0.25508317929759705 0.3354260089686098 
0.33826247689463956 0.3308945008260561 
0.18853974121996303 0.3542600896860987 
0.3290203327171904 0.3308945008260561 
0.2643253234750462 0.3354260089686098 
0.29944547134935307 0.33408071748878926 
0.20147874306839186 0.3461883408071748 
0.19038817005545286 0.34977578475336313 
0.22181146025878004 0.3432531593966571 
0.22920517560073936 0.3408071748878923 
0.24953789279112754 0.3369634849455477 
0.24029574861367836 0.33873749568816824 
0.17744916820702403 1.0 
0.4731977818853974 0.32793916942873863 
0.19038817005545286 0.3432531593966571 
0.18484288354898337 0.9919282511210761 
0.36044362292051757 0.33873749568816824 
0.4214417744916821 0.3318385650224215 
0.44731977818853974 0.3300448430493273 
0.3844731977818854 0.33408071748878926 
0.40850277264325324 0.33289369559482984 
0.4491682070240296 0.3292761050608584 
0.3807763401109057 0.3354260089686098 
0.18114602587800369 0.9955156950672645 
0.1589648798521257 0.9955156950672645 
0.3123844731977819 0.33408071748878926 
0.16081330868761554 0.34977578475336313 
0.24953789279112754 0.3354260089686098 
0.16820702402957485 0.3461883408071748 
0.2088724584103512 0.3408071748878923 
0.23105360443622922 0.33873749568816824 
0.2476894639556377 0.3369634849455477 
0.1756007393715342 0.3542600896860987 
0.6044362292051756 0.32631942048982404 
0.3419593345656192 0.3300448430493273 
0.47504621072088726 0.32793916942873863 
0.17929759704251386 0.34977578475336313 
0.5785582255083179 0.3273542600896862 
0.23475046210720887 0.3461883408071748 
0.2754158964879852 0.33873749568816824 
0.2513863216266174 0.3408071748878923 
0.31053604436229204 0.3369634849455477 
0.24214417744916822 0.3432531593966571 
0.3364140480591497 0.3318385650224215 
0.32532347504621073 0.33408071748878926 
0.32162661737523107 0.3354260089686098 
0.15157116451016636 0.3542600896860987 
0.3567467652495379 0.3308945008260561 
0.1589648798521257 0.34977578475336313 
0.20147874306839186 0.3432531593966571 
0.2476894639556377 0.3408071748878923 
0.19408502772643252 0.3461883408071748 
0.2828096118299446 0.3369634849455477 
0.3049907578558225 0.33289369559482984 
0.25508317929759705 0.33873749568816824 
0.32162661737523107 0.3318385650224215 
0.29390018484288355 0.33408071748878926 
0.5859519408502772 0.32793916942873863 
0.17929759704251386 0.9955156950672645 
0.2033271719038817 0.3542600896860987 
0.3142329020332717 0.3308945008260561 
0.5434380776340111 0.3300448430493273 
0.2513863216266174 0.33873749568816824 
0.28650646950092423 0.33289369559482984 
0.23475046210720887 0.3461883408071748 
0.20702402957486138 0.34977578475336313 
0.2902033271719039 0.3318385650224215 
0.5619223659889094 0.32857725234406865 
0.5600739371534196 0.3292761050608584 
0.24399260628465805 0.3408071748878923 
0.33086876155268025 0.3300448430493273 
0.16081330868761554 1.0 
0.1645101663585952 0.3542600896860987 
0.1977818853974122 0.3461883408071748 
0.2532347504621072 0.33873749568816824 
0.2735674676524954 0.3369634849455477 
0.30129390018484287 0.3354260089686098 
0.19038817005545286 0.34977578475336313 
0.31608133086876156 0.3308945008260561 
0.3068391866913124 0.33289369559482984 
0.3123844731977819 0.3318385650224215 
0.3049907578558225 0.33408071748878926 
0.1256931608133087 0.3600256245996158 
0.3197781885397412 0.33289369559482984 
0.15526802218114602 0.3432531593966571 
0.22181146025878004 0.3408071748878923 
0.12939001848428835 0.34977578475336313 
0.27911275415896486 0.3354260089686098 
0.133086876155268 0.3461883408071748 
0.24584103512014788 0.3369634849455477 
0.22735674676524953 0.33873749568816824 
0.17375231053604437 0.3542600896860987 
0.2088724584103512 0.3432531593966571 
0.17744916820702403 0.34977578475336313 
0.1977818853974122 0.3461883408071748 
0.5397412199630314 0.3268161434977579 
0.13863216266173753 0.34977578475336313 
0.28650646950092423 0.3308945008260561 
0.4824399260628466 0.3292761050608584 
0.14602587800369685 0.3461883408071748 
0.23475046210720887 0.3408071748878923 
0.1977818853974122 0.3432531593966571 
0.2513863216266174 0.3369634849455477 
0.5083179297597042 0.3273542600896862 
0.2698706099815157 0.33289369559482984 
0.2587800369685767 0.3354260089686098 
0.10351201478743069 0.34977578475336313 
0.6728280961182994 0.3268161434977579 
0.40850277264325324 0.3292761050608584 
0.6266173752310537 0.32857725234406865 
0.33826247689463956 0.3354260089686098 
0.20147874306839186 0.3369634849455477 
0.11090573012939002 0.3461883408071748 
0.14602587800369685 0.3432531593966571 
0.1589648798521257 0.33873749568816824 
0.3826247689463956 0.3300448430493273 
0.3512014787430684 0.33289369559482984 
0.15526802218114602 0.3408071748878923 
0.3585951940850277 0.3318385650224215 
0.6487985212569316 0.32793916942873863 
0.600739371534196 0.3250347920210298 
0.11275415896487985 0.3408071748878923 
0.17929759704251386 0.33873749568816824 
0.2088724584103512 0.33289369559482984 
0.2255083179297597 0.3300448430493273 
0.31053604436229204 0.3273542600896862 
0.39926062846580407 0.3268161434977579 
0.2828096118299446 0.3292761050608584 
0.47504621072088726 0.32631942048982404 
0.5545286506469501 0.3258594917787744 
0.21256931608133087 0.3318385650224215 
0.29944547134935307 0.32793916942873863 
0.5785582255083179 0.32543241511851373 
0.14417744916820702 0.3408071748878923 
0.03512014787430684 0.3542600896860987 
0.038817005545286505 0.3461883408071748 
0.13863216266173753 0.3432531593966571 
0.133086876155268 0.3542600896860987 
0.6561922365988909 0.32466367713004485 
0.41589648798521256 0.3258594917787744 
0.6044362292051756 0.32543241511851373 
0.1367837338262477 0.3461883408071748 
0.24214417744916822 0.33289369559482984 
0.37153419593345655 0.32631942048982404 
0.3179297597042514 0.3318385650224215 
0.23475046210720887 0.3369634849455477 
0.17929759704251386 0.3432531593966571 
0.19963031423290203 0.3408071748878923 
0.3438077634011091 0.3292761050608584 
0.21626617375231053 0.33873749568816824 
0.34011090573012936 0.3308945008260561 
0.6321626617375231 0.3250347920210298 
0.13493530499075784 0.34977578475336313 
0.6543438077634011 0.32631942048982404 
0.609981515711645 0.32857725234406865 
0.33271719038817005 0.3300448430493273 
0.23290203327171904 0.3408071748878923 
0.14602587800369685 0.3461883408071748 
0.28835489833641403 0.33289369559482984 
0.27171903881700554 0.3354260089686098 
0.24953789279112754 0.3369634849455477 
0.23844731977818853 0.33873749568816824 
0.3142329020332717 0.3318385650224215 
0.6247689463955638 0.3268161434977579 
0.6136783733826248 0.3273542600896862 
0.3234750462107209 0.3308945008260561 
0.7264325323475046 0.32543241511851373 
0.12754158964879853 0.3461883408071748 
0.38817005545286504 0.32793916942873863 
0.6913123844731978 0.3273542600896862 
0.133086876155268 0.3432531593966571 
0.27726432532347506 0.3318385650224215 
0.18299445471349354 0.3408071748878923 
0.22365988909426987 0.3354260089686098 
0.3068391866913124 0.3292761050608584 
0.37153419593345655 0.32857725234406865 
0.21072088724584104 0.33873749568816824 
0.22181146025878004 0.3369634849455477 
0.28835489833641403 0.3308945008260561 
0.2957486136783734 0.3300448430493273 
0.7005545286506469 0.3268161434977579 
0.711645101663586 0.32631942048982404 
0.7190388170055453 0.3258594917787744 
0.12384473197781885 0.34977578475336313 
0.5397412199630314 0.3258594917787744 
0.3752310536044362 0.32631942048982404 
0.13123844731977818 0.3408071748878923 
0.2255083179297597 0.3300448430493273 
0.33826247689463956 0.32857725234406865 
0.15711645101663585 0.33289369559482984 
0.14602587800369685 0.3369634849455477 
0.17744916820702403 0.3318385650224215 
0.3512014787430684 0.32793916942873863 
0.36414048059149723 0.3268161434977579 
0.3234750462107209 0.32857725234406865 
0.07578558225508318 1.0 
0.10905730129390019 0.9919282511210761 
0.17929759704251386 0.3542600896860987 
0.18484288354898337 0.3408071748878923 
0.24029574861367836 0.3354260089686098 
0.2846580406654344 0.3300448430493273 
0.07948243992606285 0.9955156950672645 
0.266173752310536 0.3308945008260561 
0.24953789279112754 0.3318385650224215 
0.24399260628465805 0.33289369559482984 
0.43068391866913125 0.3273542600896862 
0.11460258780036968 0.3542600896860987 
0.11829944547134935 0.3461883408071748 
0.24584103512014788 0.3318385650224215 
0.41035120147874304 0.32793916942873863 
0.21072088724584104 0.33873749568816824 
0.2199630314232902 0.33289369559482984 
0.133086876155268 0.9955156950672645 
0.5526802218114603 0.32631942048982404 
0.14048059149722736 0.9919282511210761 
0.16081330868761554 0.3461883408071748 
0.23475046210720887 0.3308945008260561 
0.3900184842883549 0.3300448430493273 
0.3974121996303142 0.3292761050608584 
0.49722735674676527 0.32857725234406865 
0.16820702402957485 0.3408071748878923 
0.1922365988909427 0.33873749568816824 
0.5046210720887245 0.32793916942873863 
0.5286506469500925 0.3273542600896862 
0.21256931608133087 0.3369634849455477 
0.21626617375231053 0.3318385650224215 
0.5360443622920518 0.3268161434977579 
0.1645101663585952 0.3432531593966571 
0.23844731977818853 0.32857725234406865 
0.14602587800369685 0.3408071748878923 
0.19038817005545286 0.3369634849455477 
0.1977818853974122 0.3308945008260561 
0.19593345656192238 0.3354260089686098 
0.20517560073937152 0.3300448430493273 
0.22181146025878004 0.3292761050608584 
0.1256931608133087 0.3408071748878923 
0.32162661737523107 0.32857725234406865 
0.19593345656192238 0.3300448430493273 
0.2975970425138632 0.3292761050608584 
0.1645101663585952 0.3308945008260561 
0.13493530499075784 0.3369634849455477 
0.1589648798521257 0.33408071748878926 
0.14972273567467653 0.3354260089686098 
0.14972273567467653 0.3542600896860987 
0.5360443622920518 0.32543241511851373 
0.15157116451016636 0.3461883408071748 
0.2828096118299446 0.3432531593966571 
0.3068391866913124 0.3408071748878923 
0.3974121996303142 0.33408071748878926 
0.36414048059149723 0.3354260089686098 
0.33271719038817005 0.33873749568816824 
0.40850277264325324 0.3308945008260561 
0.3456561922365989 0.3369634849455477 
0.41035120147874304 0.3300448430493273 
0.43807763401109057 0.3292761050608584 
0.4805914972273567 0.3268161434977579 
0.5046210720887245 0.32631942048982404 
0.512014787430684 0.3258594917787744 
0.4565619223659889 0.32857725234406865 
0.4676524953789279 0.3273542600896862 
0.4602587800369686 0.32793916942873863 
0.14417744916820702 0.3461883408071748 
0.6617375231053605 0.3273542600896862 
0.33086876155268025 0.3300448430493273 
0.4602587800369686 0.3292761050608584 
0.1977818853974122 0.3408071748878923 
0.29944547134935307 0.3369634849455477 
0.5600739371534196 0.32793916942873863 
0.16081330868761554 0.3432531593966571 
0.4676524953789279 0.32857725234406865 
0.25693160813308685 0.33873749568816824 
0.3197781885397412 0.3308945008260561 
0.3049907578558225 0.33408071748878926 
0.13123844731977818 0.34977578475336313 
0.711645101663586 0.32431650513525245 
0.6469500924214417 0.3250347920210298 
0.4879852125693161 0.32543241511851373 
0.24399260628465805 0.3308945008260561 
0.3900184842883549 0.3300448430493273 
0.14972273567467653 0.3432531593966571 
0.22365988909426987 0.33873749568816824 
0.22735674676524953 0.3369634849455477 
0.22920517560073936 0.33289369559482984 
0.14602587800369685 0.3461883408071748 
0.4565619223659889 0.3268161434977579 
0.4269870609981516 0.32857725234406865 
0.41035120147874304 0.3292761050608584 
0.23290203327171904 0.3318385650224215 
0.4805914972273567 0.3258594917787744 
0.09796672828096119 0.34977578475336313 
0.5693160813308688 0.32466367713004485 
0.17190388170055454 0.33408071748878926 
0.1256931608133087 0.3432531593966571 
0.43253234750462105 0.3250347920210298 
0.09981515711645102 0.3461883408071748 
0.23844731977818853 0.33289369559482984 
0.3456561922365989 0.3258594917787744 
0.41035120147874304 0.32543241511851373 
0.26062846580406657 0.3318385650224215 
0.2828096118299446 0.3300448430493273 
0.3142329020332717 0.32857725234406865 
0.3031423290203327 0.3292761050608584 
0.2754158964879852 0.3308945008260561 
0.3234750462107209 0.3268161434977579 
0.3419593345656192 0.32631942048982404 
0.3197781885397412 0.3273542600896862 
0.12199630314232902 0.3542600896860987 
0.5711645101663586 0.32793916942873863 
0.3364140480591497 0.3300448430493273 
0.5637707948243993 0.32857725234406865 
0.1256931608133087 0.3461883408071748 
0.2088724584103512 0.3408071748878923 
0.21256931608133087 0.33873749568816824 
0.25508317929759705 0.3369634849455477 
0.29944547134935307 0.3308945008260561 
0.2809611829944547 0.3318385650224215 
0.266173752310536 0.3354260089686098 
0.2698706099815157 0.33408071748878926 
0.27726432532347506 0.33289369559482984 
0.10351201478743069 0.34977578475336313 
0.21256931608133087 0.3369634849455477 
0.13123844731977818 0.3432531593966571 
0.10536044362292052 0.3461883408071748 
0.1645101663585952 0.3408071748878923 
0.1977818853974122 0.33873749568816824 
0.08872458410351201 0.34977578475336313 
0.36968576709796674 0.3268161434977579 
0.11275415896487985 0.3408071748878923 
0.2033271719038817 0.3292761050608584 
0.3142329020332717 0.32857725234406865 
0.16266173752310537 0.3318385650224215 
0.14602587800369685 0.3369634849455477 
0.1367837338262477 0.33873749568816824 
0.17929759704251386 0.3308945008260561 
0.3345656192236599 0.32793916942873863 
0.19593345656192238 0.3300448430493273 
0.35304990757855825 0.3273542600896862 
0.03512014787430684 0.017937219730941784 
0.7060998151571165 0.0 
0.600739371534196 0.0014465499783017728 
0.4399260628465804 0.001793721973094164 
0.26062846580406657 0.0057072971871178334 
0.1423290203327172 0.006406149903907728 
0.3179297597042514 0.0025624599615630913 
0.04436229205175601 0.015867540531217746 
0.4121996303142329 0.0021648368640791536 
0.09426987060998152 0.014093529788597146 
0.13123844731977818 0.007174887892376656 
0.2902033271719039 0.003946188340807218 
0.12384473197781885 0.00896860986547082 
0.266173752310536 0.00448430493273541 
0.6081330868761553 8.153281695882825E-4 
0.10536044362292052 0.011210762331838597 
0.10166358595194085 0.012556053811659291 
0.12014787430683918 0.010023740437879151 
0.6506469500924215 5.275652862041659E-4 
0.6635859519408502 2.5624599615630913E-4 
0.12014787430683918 0.3461883408071748 
0.6377079482439926 0.3239910313901346 
0.20517560073937152 0.33873749568816824 
0.47504621072088726 0.32431650513525245 
0.2532347504621072 0.3369634849455477 
0.2754158964879852 0.33289369559482984 
0.2643253234750462 0.3354260089686098 
0.37153419593345655 0.32793916942873863 
0.29390018484288355 0.3318385650224215 
0.3290203327171904 0.32857725234406865 
0.31053604436229204 0.3300448430493273 
0.3844731977818854 0.3268161434977579 
0.40850277264325324 0.3258594917787744 
0.43253234750462105 0.32543241511851373 
0.4510166358595194 0.32466367713004485 
0.4048059149722736 0.32631942048982404 
0.32162661737523107 0.3292761050608584 
0.44731977818853974 0.3250347920210298 
0.07948243992606285 0.34977578475336313 
0.3789279112754159 0.32543241511851373 
0.08502772643253234 0.33873749568816824 
0.11829944547134935 0.3369634849455477 
0.14048059149722736 0.3300448430493273 
0.2255083179297597 0.3292761050608584 
0.1367837338262477 0.3308945008260561 
0.2532347504621072 0.32793916942873863 
0.3234750462107209 0.3273542600896862 
0.2365988909426987 0.32857725234406865 
0.3419593345656192 0.3268161434977579 
0.36229205175600737 0.3258594917787744 
0.34750462107208874 0.32631942048982404 
0.7356746765249538 0.32339752044315484 
0.10351201478743069 0.3461883408071748 
0.4454713493530499 0.3239910313901346 
0.6432532347504621 0.32368528332653895 
0.11275415896487985 0.3408071748878923 
0.12384473197781885 0.33873749568816824 
0.15157116451016636 0.3354260089686098 
0.34011090573012936 0.32466367713004485 
0.4214417744916821 0.32431650513525245 
0.16266173752310537 0.33408071748878926 
0.2513863216266174 0.32631942048982404 
0.17929759704251386 0.3318385650224215 
0.33271719038817005 0.32543241511851373 
0.2902033271719039 0.3258594917787744 
0.18299445471349354 0.3300448430493273 
0.2033271719038817 0.32857725234406865 
0.22735674676524953 0.32793916942873863 
0.18484288354898337 0.3292761050608584 
0.23844731977818853 0.3273542600896862 
0.38817005545286504 0.32543241511851373 
0.09426987060998152 0.33873749568816824 
0.10720887245841035 0.33289369559482984 
0.2144177449168207 0.3292761050608584 
0.31608133086876156 0.32857725234406865 
0.17005545286506468 0.3318385650224215 
0.19963031423290203 0.3308945008260561 
0.33826247689463956 0.32631942048982404 
0.37153419593345655 0.3258594917787744 
0.33271719038817005 0.32793916942873863 
0.2088724584103512 0.3300448430493273 
0.3345656192236599 0.3273542600896862 
0.3364140480591497 0.3268161434977579 
0.07763401109057301 0.9919282511210761 
0.8151571164510166 0.32368528332653895 
0.12754158964879853 0.3408071748878923 
0.08133086876155268 0.9889930697105584 
0.29390018484288355 0.32543241511851373 
0.5619223659889094 0.3250347920210298 
0.5730129390018485 0.32466367713004485 
0.6913123844731978 0.32431650513525245 
0.8096118299445472 0.3239910313901346 
0.15157116451016636 0.3369634849455477 
0.19408502772643252 0.3354260089686098 
0.22920517560073936 0.32857725234406865 
0.2643253234750462 0.32793916942873863 
0.27911275415896486 0.3273542600896862 
0.22365988909426987 0.3300448430493273 
0.21256931608133087 0.3308945008260561 
0.20147874306839186 0.33408071748878926 
0.20517560073937152 0.3318385650224215 
0.28650646950092423 0.3258594917787744 
0.2828096118299446 0.32631942048982404 
0.2033271719038817 0.33289369559482984 
0.08687615526802218 0.3542600896860987 
0.7855822550831792 0.32368528332653895 
0.4417744916820702 0.32543241511851373 
0.7319778188539742 0.3250347920210298 
0.09057301293900184 0.34977578475336313 
0.1478743068391867 0.3408071748878923 
0.32532347504621073 0.3258594917787744 
0.17005545286506468 0.3369634849455477 
0.25508317929759705 0.32793916942873863 
0.15157116451016636 0.33873749568816824 
0.3068391866913124 0.3273542600896862 
0.1977818853974122 0.3354260089686098 
0.21626617375231053 0.3308945008260561 
0.21256931608133087 0.33289369559482984 
0.2088724584103512 0.33408071748878926 
0.2365988909426987 0.32857725234406865 
0.756007393715342 0.32466367713004485 
0.7634011090573013 0.32431650513525245 
0.2255083179297597 0.3300448430493273 
0.22920517560073936 0.3292761050608584 
0.3142329020332717 0.3268161434977579 
0.32162661737523107 0.32631942048982404 
0.12014787430683918 0.012556053811659291 
0.06099815157116451 0.026905829596412602 
0.08502772643253234 0.015867540531217746 
0.11275415896487985 0.014093529788597146 
0.14048059149722736 0.3408071748878923 
0.7634011090573013 0.32339752044315484 
0.1645101663585952 0.3318385650224215 
0.5009242144177449 0.32466367713004485 
0.6654343807763401 0.32431650513525245 
0.33271719038817005 0.32543241511851373 
0.48428835489833644 0.3250347920210298 
0.6894639556377079 0.3239910313901346 
0.2532347504621072 0.32857725234406865 
0.18114602587800369 0.3308945008260561 
0.23105360443622922 0.3292761050608584 
0.3123844731977819 0.32793916942873863 
0.3142329020332717 0.3273542600896862 
0.3197781885397412 0.3268161434977579 
0.32717190388170053 0.3258594917787744 
0.3234750462107209 0.32631942048982404 
0.6765249537892791 0.32339752044315484 
0.11275415896487985 0.3408071748878923 
0.5286506469500925 0.3239910313901346 
0.3789279112754159 0.32466367713004485 
0.5249537892791127 0.32431650513525245 
0.1423290203327172 0.3369634849455477 
0.17929759704251386 0.32793916942873863 
0.16266173752310537 0.33289369559482984 
0.23844731977818853 0.3258594917787744 
0.3290203327171904 0.32543241511851373 
0.16635859519408502 0.3308945008260561 
0.13493530499075784 0.33873749568816824 
0.2199630314232902 0.3268161434977579 
0.37153419593345655 0.3250347920210298 
0.22735674676524953 0.32631942048982404 
0.06839186691312385 0.020383204239706486 
0.5526802218114603 0.0014465499783017728 
0.08317929759704251 0.015867540531217746 
0.512014787430684 0.0021648368640791536 
0.39186691312384475 0.0025624599615630913 
0.3512014787430684 0.003946188340807218 
0.22735674676524953 0.006406149903907728 
0.27911275415896486 0.005069214271787967 
0.12754158964879853 0.014093529788597146 
0.1645101663585952 0.012556053811659291 
0.19038817005545286 0.00896860986547082 
0.18484288354898337 0.011210762331838597 
0.2513863216266174 0.0057072971871178334 
0.3844731977818854 0.002989536621823702 
0.18853974121996303 0.010023740437879151 
0.3826247689463956 0.3250347920210298 
0.009242144177449169 0.9955156950672645 
0.05545286506469501 0.9889930697105584 
0.09242144177449169 0.33873749568816824 
0.2144177449168207 0.3268161434977579 
0.33086876155268025 0.32631942048982404 
0.014787430683918669 0.9919282511210761 
0.12754158964879853 0.3318385650224215 
0.13493530499075784 0.3300448430493273 
0.16081330868761554 0.3292761050608584 
0.3512014787430684 0.3258594917787744 
0.3752310536044362 0.32543241511851373 
0.16820702402957485 0.32857725234406865 
0.19038817005545286 0.32793916942873863 
0.20702402957486138 0.3273542600896862 
0.13863216266173753 0.34977578475336313 
0.7541589648798521 0.3226275602957218 
0.1423290203327172 0.3432531593966571 
0.16820702402957485 0.3354260089686098 
0.5378927911275416 0.32431650513525245 
0.3844731977818854 0.32466367713004485 
0.6303142329020333 0.32286995515695066 
0.29390018484288355 0.3250347920210298 
0.5988909426987061 0.32368528332653895 
0.21072088724584104 0.32857725234406865 
0.2033271719038817 0.3300448430493273 
0.22920517560073936 0.32793916942873863 
0.17190388170055454 0.33408071748878926 
0.18484288354898337 0.33289369559482984 
0.18853974121996303 0.3308945008260561 
0.2698706099815157 0.32543241511851373 
0.2476894639556377 0.3268161434977579 
0.1866913123844732 0.3318385650224215 
0.6062846580406654 0.32339752044315484 
0.6229205175600739 0.323126201153107 
0.25508317929759705 0.32631942048982404 
0.266173752310536 0.3258594917787744 
0.6709796672828097 0.32368528332653895 
0.07763401109057301 0.3408071748878923 
0.4195933456561922 0.32431650513525245 
0.6635859519408502 0.3239910313901346 
0.18484288354898337 0.3258594917787744 
0.3807763401109057 0.32543241511851373 
0.08133086876155268 0.3369634849455477 
0.11090573012939002 0.33408071748878926 
0.11460258780036968 0.3318385650224215 
0.133086876155268 0.3300448430493273 
0.15711645101663585 0.3273542600896862 
0.1534195933456562 0.32857725234406865 
0.18114602587800369 0.32631942048982404 
0.4011090573012939 0.3250347920210298 
0.4048059149722736 0.32466367713004485 
0.10905730129390019 0.3461883408071748 
0.8207024029574861 0.3239910313901346 
0.23844731977818853 0.3354260089686098 
0.6247689463955638 0.32431650513525245 
0.11460258780036968 0.3432531593966571 
0.2088724584103512 0.3408071748878923 
0.34750462107208874 0.3308945008260561 
0.48428835489833644 0.3250347920210298 
0.6155268022181146 0.32466367713004485 
0.21256931608133087 0.33873749568816824 
0.3900184842883549 0.32793916942873863 
0.4195933456561922 0.32631942048982404 
0.45286506469500926 0.3258594917787744 
0.36968576709796674 0.32857725234406865 
0.41404805914972276 0.3268161434977579 
0.4602587800369686 0.32543241511851373 
0.35489833641404805 0.3300448430493273 
0.36229205175600737 0.3292761050608584 
0.025878003696857672 0.34977578475336313 
0.029574861367837338 0.3432531593966571 
0.9741219963031423 0.32339752044315484 
0.03512014787430684 0.3542600896860987 
0.15526802218114602 0.33873749568816824 
0.09611829944547134 0.3461883408071748 
0.5693160813308688 0.3250347920210298 
0.7024029574861368 0.32431650513525245 
0.07578558225508318 0.34977578475336313 
0.43068391866913125 0.32543241511851373 
0.8391866913123844 0.3239910313901346 
0.1977818853974122 0.3369634849455477 
0.23290203327171904 0.33408071748878926 
0.9001848428835489 0.32368528332653895 
0.24399260628465805 0.3318385650224215 
0.3142329020332717 0.3268161434977579 
0.3659889094269871 0.32631942048982404 
0.2144177449168207 0.3354260089686098 
0.38632162661737524 0.3258594917787744 
0.2698706099815157 0.3292761050608584 
0.2587800369685767 0.3308945008260561 
0.2902033271719039 0.32857725234406865 
0.266173752310536 0.3300448430493273 
0.2975970425138632 0.32793916942873863 
0.3068391866913124 0.3273542600896862 
0.11829944547134935 0.3408071748878923 
0.7781885397412199 0.323126201153107 
0.12199630314232902 0.3369634849455477 
0.24953789279112754 0.32857725234406865 
0.49907578558225507 0.3239910313901346 
0.6210720887245841 0.32368528332653895 
0.3659889094269871 0.3258594917787744 
0.266173752310536 0.3268161434977579 
0.16081330868761554 0.3292761050608584 
0.6802218114602587 0.32339752044315484 
0.4066543438077634 0.32466367713004485 
0.1534195933456562 0.33408071748878926 
0.15526802218114602 0.3318385650224215 
0.4787430683918669 0.32431650513525245 
0.15157116451016636 0.3354260089686098 
0.25693160813308685 0.3273542600896862 
0.3826247689463956 0.3250347920210298 
0.15711645101663585 0.3308945008260561 
0.1589648798521257 0.3300448430493273 
0.8761552680221811 0.32368528332653895 
0.03512014787430684 0.3461883408071748 
0.3974121996303142 0.3250347920210298 
0.744916820702403 0.32431650513525245 
0.14602587800369685 0.3408071748878923 
0.1534195933456562 0.3354260089686098 
0.04805914972273567 0.3432531593966571 
0.17375231053604437 0.3318385650224215 
0.8706099815157117 0.3239910313901346 
0.2144177449168207 0.32793916942873863 
0.32532347504621073 0.3268161434977579 
0.19038817005545286 0.3292761050608584 
0.3659889094269871 0.32543241511851373 
0.1977818853974122 0.32857725234406865 
0.34750462107208874 0.32631942048982404 
0.35489833641404805 0.3258594917787744 
0.12199630314232902 0.34977578475336313 
0.8151571164510166 0.32239792305876797 
0.133086876155268 0.33408071748878926 
0.3364140480591497 0.3250347920210298 
0.45471349353049906 0.32466367713004485 
0.512014787430684 0.32431650513525245 
0.6118299445471349 0.3239910313901346 
0.22181146025878004 0.3258594917787744 
0.31608133086876156 0.32543241511851373 
0.7430683918669131 0.3226275602957218 
0.14602587800369685 0.3308945008260561 
0.13863216266173753 0.33289369559482984 
0.6506469500924215 0.32368528332653895 
0.6857670979667283 0.323126201153107 
0.7097966728280961 0.32286995515695066 
0.16081330868761554 0.3300448430493273 
0.19038817005545286 0.3273542600896862 
0.16820702402957485 0.3292761050608584 
0.20702402957486138 0.3268161434977579 
0.17929759704251386 0.32857725234406865 
0.18299445471349354 0.32793916942873863 
0.2144177449168207 0.32631942048982404 
0.6469500924214417 0.32339752044315484 
0.07208872458410351 0.33873749568816824 
0.16820702402957485 0.32543241511851373 
0.38817005545286504 0.3250347920210298 
0.5397412199630314 0.32466367713004485 
0.08687615526802218 0.3354260089686098 
0.10166358595194085 0.33289369559482984 
0.1256931608133087 0.3308945008260561 
0.12939001848428835 0.3292761050608584 
0.10905730129390019 0.3318385650224215 
0.5822550831792976 0.3239910313901346 
0.6229205175600739 0.32368528332653895 
0.5471349353049908 0.32431650513525245 
0.1534195933456562 0.3273542600896862 
0.16081330868761554 0.32631942048982404 
0.14048059149722736 0.32857725234406865 
0.1478743068391867 0.32793916942873863 
0.1645101663585952 0.3258594917787744 
0.059149722735674676 0.34977578475336313 
0.3955637707948244 0.32466367713004485 
0.08872458410351201 0.3408071748878923 
0.19593345656192238 0.32857725234406865 
0.2698706099815157 0.32793916942873863 
0.06284658040665435 0.3461883408071748 
0.33826247689463956 0.3273542600896862 
0.18114602587800369 0.33289369559482984 
0.18484288354898337 0.3292761050608584 
0.11829944547134935 0.3369634849455477 
0.14602587800369685 0.3354260089686098 
0.10905730129390019 0.33873749568816824 
0.16266173752310537 0.33408071748878926 
0.35489833641404805 0.3258594917787744 
0.35304990757855825 0.3268161434977579 
0.37153419593345655 0.32543241511851373 
0.3807763401109057 0.3250347920210298 
0.053604436229205174 0.34977578475336313 
0.41035120147874304 0.32466367713004485 
0.08687615526802218 0.3408071748878923 
0.1922365988909427 0.32793916942873863 
0.13493530499075784 0.33289369559482984 
0.29944547134935307 0.3273542600896862 
0.05730129390018484 0.3461883408071748 
0.3678373382624769 0.32543241511851373 
0.33086876155268025 0.3268161434977579 
0.40850277264325324 0.3250347920210298 
0.13863216266173753 0.3308945008260561 
0.15526802218114602 0.3292761050608584 
0.17375231053604437 0.32857725234406865 
0.14602587800369685 0.3300448430493273 
0.09242144177449169 0.34977578475336313 
0.7097966728280961 0.323126201153107 
0.14417744916820702 0.3432531593966571 
0.2754158964879852 0.32631942048982404 
0.09981515711645102 0.3461883408071748 
0.15157116451016636 0.33873749568816824 
0.3844731977818854 0.3258594917787744 
0.5083179297597042 0.3239910313901346 
0.6192236598890942 0.32368528332653895 
0.7024029574861368 0.32339752044315484 
0.4417744916820702 0.32431650513525245 
0.19593345656192238 0.3292761050608584 
0.17005545286506468 0.3369634849455477 
0.2476894639556377 0.3273542600896862 
0.1756007393715342 0.33289369559482984 
0.17190388170055454 0.3354260089686098 
0.21811460258780038 0.32857725234406865 
0.22920517560073936 0.32793916942873863 
0.39371534195933455 0.3250347920210298 
0.17375231053604437 0.33408071748878926 
0.1866913123844732 0.3318385650224215 
0.4177449168207024 0.32466367713004485 
0.18853974121996303 0.3308945008260561 
0.1922365988909427 0.3300448430493273 
0.38632162661737524 0.32543241511851373 
1.0 0.322180062090376 
0.04805914972273567 0.3408071748878923 
0.5341959334565619 0.32286995515695066 
0.9260628465804066 0.32239792305876797 
0.07578558225508318 0.3318385650224215 
0.053604436229205174 0.33873749568816824 
0.11829944547134935 0.3300448430493273 
0.3733826247689464 0.32339752044315484 
0.22365988909426987 0.3292761050608584 
0.25693160813308685 0.3268161434977579 
0.22735674676524953 0.32793916942873863 
0.2957486136783734 0.32631942048982404 
0.24953789279112754 0.3273542600896862 
0.35304990757855825 0.3239910313901346 
0.3345656192236599 0.32466367713004485 
0.3142329020332717 0.32543241511851373 
0.3031423290203327 0.3258594917787744 
0.3512014787430684 0.32431650513525245 
0.32717190388170053 0.3250347920210298 
0.08133086876155268 0.3461883408071748 
0.7948243992606284 2.5624599615630913E-4 
0.16266173752310537 0.011210762331838597 
0.6192236598890942 0.0011210762331838884 
0.7726432532347505 5.275652862041659E-4 
0.20702402957486138 0.0057072971871178334 
0.3438077634011091 0.005069214271787967 
0.45286506469500926 0.0021648368640791536 
0.5693160813308688 0.001793721973094164 
0.3752310536044362 0.003449465332873392 
0.43807763401109057 0.002989536621823702 
0.6118299445471349 0.0014465499783017728 
0.18484288354898337 0.007174887892376656 
0.2033271719038817 0.006406149903907728 
0.3585951940850277 0.003946188340807218 
0.17375231053604437 0.00896860986547082 
0.3512014787430684 0.00448430493273541 
0.4454713493530499 0.0025624599615630913 
0.11829944547134935 0.3408071748878923 
0.8096118299445472 0.3226275602957218 
0.1256931608133087 0.3369634849455477 
0.24399260628465805 0.3250347920210298 
0.40850277264325324 0.32466367713004485 
0.4510166358595194 0.32431650513525245 
0.5711645101663586 0.3239910313901346 
0.13863216266173753 0.33408071748878926 
0.5951940850277264 0.32368528332653895 
0.6820702402957486 0.32339752044315484 
0.7375231053604436 0.323126201153107 
0.8022181146025879 0.32286995515695066 
0.19038817005545286 0.32857725234406865 
0.14972273567467653 0.33289369559482984 
0.17190388170055454 0.3300448430493273 
0.1589648798521257 0.3308945008260561 
0.15526802218114602 0.3318385650224215 
0.18853974121996303 0.3292761050608584 
0.22735674676524953 0.32543241511851373 
0.19593345656192238 0.32793916942873863 
0.2033271719038817 0.3273542600896862 
0.21256931608133087 0.3268161434977579 
0.2199630314232902 0.3258594917787744 
0.2144177449168207 0.32631942048982404 
0.031423290203327174 0.023318385650224274 
0.025878003696857672 0.026905829596412602 
0.5083179297597042 5.275652862041659E-4 
0.029574861367837338 0.023318385650224274 
0.24953789279112754 0.00448430493273541 
0.07024029574861368 0.017937219730941784 
0.3364140480591497 0.003946188340807218 
0.4214417744916821 8.153281695882825E-4 
0.12199630314232902 0.015867540531217746 
0.17190388170055454 0.014093529788597146 
0.06284658040665435 0.020383204239706486 
0.19038817005545286 0.010023740437879151 
0.17744916820702403 0.012556053811659291 
0.20702402957486138 0.008024545669105584 
0.3826247689463956 0.0021648368640791536 
0.4066543438077634 0.0014465499783017728 
0.22181146025878004 0.006406149903907728 
0.23475046210720887 0.0057072971871178334 
0.2144177449168207 0.007174887892376656 
0.34935304990757854 0.003449465332873392 
0.36229205175600737 0.002989536621823702 
0.3752310536044362 0.0025624599615630913 
0.24214417744916822 0.005069214271787967 
0.41404805914972276 0.0011210762331838884 
0.6802218114602587 0.32239792305876797 
0.06839186691312385 0.3542600896860987 
0.12384473197781885 0.33289369559482984 
0.07208872458410351 0.3461883408071748 
0.37153419593345655 0.32431650513525245 
0.48613678373382624 0.3239910313901346 
0.4879852125693161 0.32368528332653895 
0.6025878003696857 0.32339752044315484 
0.23844731977818853 0.32631942048982404 
0.31608133086876156 0.3258594917787744 
0.17744916820702403 0.3308945008260561 
0.2033271719038817 0.3273542600896862 
0.17929759704251386 0.3292761050608584 
0.6210720887245841 0.32286995515695066 
0.6580406654343808 0.3226275602957218 
0.23105360443622922 0.3268161434977579 
0.3234750462107209 0.32543241511851373 
0.34750462107208874 0.3250347920210298 
0.36414048059149723 0.32466367713004485 
0.6136783733826248 0.323126201153107 
0.08133086876155268 0.34977578475336313 
0.3068391866913124 0.3250347920210298 
0.08502772643253234 0.3432531593966571 
0.16081330868761554 0.3408071748878923 
0.21072088724584104 0.3369634849455477 
0.17005545286506468 0.33873749568816824 
0.21256931608133087 0.33289369559482984 
0.21626617375231053 0.3308945008260561 
0.23844731977818853 0.3292761050608584 
0.2587800369685767 0.32857725234406865 
0.23475046210720887 0.3300448430493273 
0.2698706099815157 0.32793916942873863 
0.2754158964879852 0.3273542600896862 
0.28650646950092423 0.32631942048982404 
0.2902033271719039 0.3258594917787744 
0.30129390018484287 0.32543241511851373 
0.053604436229205174 0.33873749568816824 
0.866913123844732 0.32286995515695066 
0.6192236598890942 0.323126201153107 
0.2199630314232902 0.32466367713004485 
0.43807763401109057 0.32431650513525245 
0.066543438077634 0.3354260089686098 
0.4953789279112754 0.32339752044315484 
0.08317929759704251 0.3308945008260561 
0.07578558225508318 0.33289369559482984 
0.1756007393715342 0.3250347920210298 
0.07208872458410351 0.33408071748878926 
0.10720887245841035 0.32793916942873863 
0.1589648798521257 0.3258594917787744 
0.12939001848428835 0.3273542600896862 
0.09057301293900184 0.3300448430493273 
0.09426987060998152 0.3292761050608584 
0.10166358595194085 0.32857725234406865 
0.14417744916820702 0.3268161434977579 
0.46210720887245843 0.3239910313901346 
0.4713493530499076 0.32368528332653895 
0.14972273567467653 0.32631942048982404 
0.029574861367837338 0.3542600896860987 
0.6414048059149723 0.32368528332653895 
0.22181146025878004 0.32431650513525245 
0.609981515711645 0.3239910313901346 
0.033271719038817 0.3461883408071748 
0.06469500924214418 0.33408071748878926 
0.04805914972273567 0.3408071748878923 
0.08872458410351201 0.3308945008260561 
0.03512014787430684 0.3432531593966571 
0.11275415896487985 0.32793916942873863 
0.11645101663585952 0.3273542600896862 
0.16266173752310537 0.3268161434977579 
0.1866913123844732 0.32543241511851373 
0.21072088724584104 0.3250347920210298 
0.17190388170055454 0.32631942048982404 
0.17929759704251386 0.3258594917787744 
0.21811460258780038 0.32466367713004485 
0.0 0.023318385650224274 
0.8817005545286506 2.5624599615630913E-4 
0.49353049907578556 5.275652862041659E-4 
0.0036968576709796672 0.017937219730941784 
0.06839186691312385 0.012556053811659291 
0.2643253234750462 0.0025624599615630913 
0.36229205175600737 0.0021648368640791536 
0.17744916820702403 0.005069214271787967 
0.36968576709796674 0.001793721973094164 
0.45471349353049906 0.0014465499783017728 
0.25693160813308685 0.002989536621823702 
0.07578558225508318 0.010023740437879151 
0.11090573012939002 0.00896860986547082 
0.13863216266173753 0.008024545669105584 
0.07208872458410351 0.011210762331838597 
0.15157116451016636 0.007174887892376656 
0.16820702402957485 0.006406149903907728 
0.46950092421441775 8.153281695882825E-4 
0.17005545286506468 0.0057072971871178334 
0.46210720887245843 0.0011210762331838884 
0.0036968576709796672 0.3542600896860987 
0.8632162661737524 0.3219730941704037 
0.11829944547134935 0.33408071748878926 
0.04066543438077634 0.3408071748878923 
0.025878003696857672 0.3432531593966571 
0.0073937153419593345 0.34977578475336313 
0.37153419593345655 0.32543241511851373 
0.48613678373382624 0.3250347920210298 
0.5637707948243993 0.32431650513525245 
0.6654343807763401 0.3239910313901346 
0.2532347504621072 0.32631942048982404 
0.34750462107208874 0.3258594917787744 
0.18114602587800369 0.3292761050608584 
0.20517560073937152 0.3273542600896862 
0.744916820702403 0.32368528332653895 
0.1589648798521257 0.3318385650224215 
0.5415896487985212 0.32466367713004485 
0.1478743068391867 0.33289369559482984 
0.24584103512014788 0.3268161434977579 
0.756007393715342 0.323126201153107 
0.7966728280961183 0.32286995515695066 
0.8207024029574861 0.3226275602957218 
0.8410351201478743 0.322180062090376 
0.8280961182994455 0.32239792305876797 
0.7486136783733827 0.32339752044315484 
0.10720887245841035 0.3461883408071748 
0.27726432532347506 0.3250347920210298 
0.1367837338262477 0.3369634849455477 
0.12014787430683918 0.3408071748878923 
0.1589648798521257 0.33408071748878926 
0.17375231053604437 0.33289369559482984 
0.2033271719038817 0.32793916942873863 
0.23290203327171904 0.3268161434977579 
0.11090573012939002 0.3432531593966571 
0.17744916820702403 0.3300448430493273 
0.2587800369685767 0.32543241511851373 
0.18114602587800369 0.3292761050608584 
0.19593345656192238 0.32857725234406865 
0.24399260628465805 0.32631942048982404 
0.2513863216266174 0.3258594917787744 
0.7763401109057301 0.3239910313901346 
0.07948243992606285 0.33873749568816824 
0.2957486136783734 0.32543241511851373 
0.5415896487985212 0.3250347920210298 
0.08687615526802218 0.33408071748878926 
0.13493530499075784 0.32793916942873863 
0.25693160813308685 0.3273542600896862 
0.6728280961182994 0.32431650513525245 
0.09611829944547134 0.3318385650224215 
0.10351201478743069 0.3292761050608584 
0.2809611829944547 0.3268161434977579 
0.11090573012939002 0.32857725234406865 
0.07578558225508318 0.3408071748878923 
0.9704251386321626 0.32286995515695066 
0.4177449168207024 0.32543241511851373 
0.133086876155268 0.3354260089686098 
0.14048059149722736 0.3318385650224215 
0.5748613678373382 0.32466367713004485 
0.8096118299445472 0.323126201153107 
0.2680221811460259 0.3273542600896862 
0.39371534195933455 0.3268161434977579 
0.5988909426987061 0.32431650513525245 
0.7264325323475046 0.3239910313901346 
0.10166358595194085 0.33873749568816824 
0.11275415896487985 0.3369634849455477 
0.1756007393715342 0.32857725234406865 
0.24953789279112754 0.32793916942873863 
0.1478743068391867 0.3308945008260561 
0.17375231053604437 0.3292761050608584 
0.4066543438077634 0.32631942048982404 
0.756007393715342 0.32368528332653895 
0.7911275415896488 0.32339752044315484 
0.018484288354898338 0.020383204239706486 
0.4269870609981516 0.0014465499783017728 
0.022181146025878003 0.015867540531217746 
0.2902033271719039 0.0021648368640791536 
0.4195933456561922 0.001793721973094164 
0.12754158964879853 0.0057072971871178334 
0.21072088724584104 0.005069214271787967 
0.07578558225508318 0.012556053811659291 
0.08133086876155268 0.00896860986547082 
0.07763401109057301 0.011210762331838597 
0.2476894639556377 0.003449465332873392 
0.09242144177449169 0.008024545669105584 
0.27171903881700554 0.002989536621823702 
0.10536044362292052 0.007174887892376656 
0.23105360443622922 0.003946188340807218 
0.11645101663585952 0.006406149903907728 
0.22365988909426987 0.00448430493273541 
0.2828096118299446 0.0025624599615630913 
0.09242144177449169 0.3369634849455477 
0.8613678373382625 0.323126201153107 
0.4011090573012939 0.32466367713004485 
0.6524953789279113 0.32431650513525245 
0.1478743068391867 0.32857725234406865 
0.266173752310536 0.32793916942873863 
0.29944547134935307 0.32631942048982404 
0.6709796672828097 0.3239910313901346 
0.7615526802218114 0.32368528332653895 
0.10720887245841035 0.3354260089686098 
0.11460258780036968 0.33408071748878926 
0.7966728280961183 0.32339752044315484 
0.35489833641404805 0.3258594917787744 
0.12384473197781885 0.33289369559482984 
0.13123844731977818 0.3318385650224215 
0.27726432532347506 0.3273542600896862 
0.1423290203327172 0.3308945008260561 
0.14417744916820702 0.3300448430493273 
0.14602587800369685 0.3292761050608584 
0.37153419593345655 0.32543241511851373 
0.3844731977818854 0.3250347920210298 
0.1423290203327172 1.0 
0.45286506469500926 0.3300448430493273 
0.16266173752310537 0.9955156950672645 
0.18114602587800369 0.34977578475336313 
0.3290203327171904 0.3318385650224215 
0.4288354898336414 0.3308945008260561 
0.21626617375231053 0.3369634849455477 
0.27911275415896486 0.3354260089686098 
0.2975970425138632 0.33408071748878926 
0.32532347504621073 0.33289369559482984 
0.19963031423290203 0.33873749568816824 
0.1922365988909427 0.3408071748878923 
0.1866913123844732 0.3461883408071748 
0.1589648798521257 1.0 
0.8096118299445472 0.32631942048982404 
0.17190388170055454 0.34977578475336313 
0.16266173752310537 0.9955156950672645 
0.45286506469500926 0.3273542600896862 
0.7855822550831792 0.3268161434977579 
0.37707948243992606 0.3300448430493273 
0.2975970425138632 0.3369634849455477 
0.22735674676524953 0.33873749568816824 
0.32532347504621073 0.3308945008260561 
0.17929759704251386 0.3461883408071748 
0.2088724584103512 0.3432531593966571 
0.22365988909426987 0.3408071748878923 
0.30129390018484287 0.33289369559482984 
0.3123844731977819 0.3318385650224215 
0.17744916820702403 0.3461883408071748 
0.4177449168207024 0.32793916942873863 
0.20147874306839186 0.3318385650224215 
0.2957486136783734 0.3292761050608584 
0.19038817005545286 0.3408071748878923 
0.27171903881700554 0.3308945008260561 
0.1866913123844732 0.3432531593966571 
0.133086876155268 0.34977578475336313 
0.6709796672828097 0.3250347920210298 
0.20147874306839186 0.3432531593966571 
0.4510166358595194 0.33873749568816824 
0.1922365988909427 0.3461883408071748 
0.47504621072088726 0.3369634849455477 
0.5378927911275416 0.3318385650224215 
0.6487985212569316 0.32631942048982404 
0.6247689463955638 0.3273542600896862 
0.5767097966728281 0.32857725234406865 
0.5582255083179297 0.3308945008260561 
0.600739371534196 0.32793916942873863 
0.5656192236598891 0.3300448430493273 
0.5693160813308688 0.3292761050608584 
0.6950092421441775 0.3273542600896862 
0.1423290203327172 0.3542600896860987 
0.48428835489833644 0.32857725234406865 
0.46395563770794823 0.3300448430493273 
0.31053604436229204 0.3308945008260561 
0.14972273567467653 0.34977578475336313 
0.2144177449168207 0.3432531593966571 
0.21626617375231053 0.33873749568816824 
0.1866913123844732 0.3461883408071748 
0.2809611829944547 0.3318385650224215 
0.24399260628465805 0.3354260089686098 
0.26062846580406657 0.33289369559482984 
0.1866913123844732 1.0 
0.4658040665434381 0.32793916942873863 
0.1922365988909427 0.9955156950672645 
0.19408502772643252 0.3542600896860987 
0.22365988909426987 0.33873749568816824 
0.32532347504621073 0.33289369559482984 
0.35304990757855825 0.3318385650224215 
0.4417744916820702 0.32857725234406865 
0.1977818853974122 0.34977578475336313 
0.20517560073937152 0.3461883408071748 
0.2088724584103512 0.3432531593966571 
0.21626617375231053 0.3408071748878923 
0.12754158964879853 0.3542600896860987 
0.13863216266173753 0.3432531593966571 
0.13123844731977818 0.3461883408071748 
0.133086876155268 0.34977578475336313 
0.6266173752310537 0.32631942048982404 
0.17190388170055454 0.3408071748878923 
0.16266173752310537 0.3461883408071748 
0.5785582255083179 0.32857725234406865 
0.47504621072088726 0.3292761050608584 
0.37153419593345655 0.3308945008260561 
0.4713493530499076 0.3300448430493273 
0.2735674676524954 0.3369634849455477 
0.24399260628465805 0.33873749568816824 
0.29390018484288355 0.3318385650224215 
0.2920517560073937 0.33289369559482984 
0.6025878003696857 0.3273542600896862 
0.1534195933456562 0.34977578475336313 
0.2144177449168207 0.3408071748878923 
0.16081330868761554 0.3461883408071748 
0.20702402957486138 0.3432531593966571 
0.1589648798521257 0.3542600896860987 
0.4195933456561922 0.3292761050608584 
0.24029574861367836 0.3308945008260561 
0.4048059149722736 0.3300448430493273 
0.17190388170055454 0.3432531593966571 
0.17005545286506468 0.34977578475336313 
0.19593345656192238 0.3408071748878923 
0.22181146025878004 0.3354260089686098 
0.21072088724584104 0.3369634849455477 
0.25693160813308685 0.3308945008260561 
0.09611829944547134 0.3461883408071748 
0.17744916820702403 0.3408071748878923 
0.19593345656192238 0.33873749568816824 
0.22920517560073936 0.3369634849455477 
0.2532347504621072 0.33408071748878926 
0.24214417744916822 0.3354260089686098 
0.1423290203327172 0.3542600896860987 
0.21072088724584104 0.3408071748878923 
0.1645101663585952 0.34977578475336313 
0.1866913123844732 0.3432531593966571 
0.17929759704251386 0.3461883408071748 
0.1367837338262477 1.0 
0.5859519408502772 0.32631942048982404 
0.14602587800369685 0.3600256245996158 
0.3234750462107209 0.3318385650224215 
0.4011090573012939 0.3308945008260561 
0.4824399260628466 0.3292761050608584 
0.40850277264325324 0.3300448430493273 
0.49722735674676527 0.32793916942873863 
0.5637707948243993 0.3273542600896862 
0.22735674676524953 0.3408071748878923 
0.16820702402957485 0.3461883408071748 
0.24584103512014788 0.3354260089686098 
0.2754158964879852 0.33408071748878926 
0.30129390018484287 0.33289369559482984 
0.5822550831792976 0.3268161434977579 
0.14972273567467653 0.3542600896860987 
0.1645101663585952 0.34977578475336313 
0.12939001848428835 0.34977578475336313 
0.22920517560073936 0.33408071748878926 
0.13493530499075784 0.3461883408071748 
0.1977818853974122 0.3408071748878923 
0.2199630314232902 0.33873749568816824 
0.49353049907578556 0.32631942048982404 
0.12939001848428835 0.3542600896860987 
0.14972273567467653 0.3461883408071748 
0.3179297597042514 0.3308945008260561 
0.4584103512014787 0.3292761050608584 
0.2920517560073937 0.3369634849455477 
0.2144177449168207 0.33873749568816824 
0.2033271719038817 0.3432531593966571 
0.2957486136783734 0.33289369559482984 
0.20702402957486138 0.3408071748878923 
0.4676524953789279 0.32857725234406865 
0.4879852125693161 0.3268161434977579 
0.31053604436229204 0.3318385650224215 
0.1367837338262477 0.3542600896860987 
0.4713493530499076 0.32857725234406865 
0.2532347504621072 0.3318385650224215 
0.4491682070240296 0.3292761050608584 
0.1478743068391867 0.3461883408071748 
0.21256931608133087 0.3408071748878923 
0.18299445471349354 0.3432531593966571 
0.22365988909426987 0.3369634849455477 
0.14048059149722736 0.34977578475336313 
0.24029574861367836 0.3354260089686098 
0.2476894639556377 0.33289369559482984 
0.12384473197781885 0.3542600896860987 
0.6321626617375231 0.3268161434977579 
0.5046210720887245 0.3300448430493273 
0.31608133086876156 0.3308945008260561 
0.18484288354898337 0.3461883408071748 
0.19038817005545286 0.3408071748878923 
0.24214417744916822 0.33873749568816824 
0.5083179297597042 0.32857725234406865 
0.5693160813308688 0.3273542600896862 
0.27911275415896486 0.3369634849455477 
0.55637707948244 0.32793916942873863 
0.3068391866913124 0.3318385650224215 
0.29944547134935307 0.33408071748878926 
0.2957486136783734 0.3354260089686098 
0.14048059149722736 0.3542600896860987 
0.39186691312384475 0.3300448430493273 
0.266173752310536 0.3308945008260561 
0.14417744916820702 0.3432531593966571 
0.2088724584103512 0.3369634849455477 
0.2476894639556377 0.3354260089686098 
0.1589648798521257 0.3408071748878923 
0.19408502772643252 0.33873749568816824 
0.2088724584103512 0.3432531593966571 
0.11275415896487985 0.34977578475336313 
0.1367837338262477 0.3461883408071748 
0.12939001848428835 0.3542600896860987 
0.3512014787430684 0.3318385650224215 
0.3234750462107209 0.3369634849455477 
0.22735674676524953 0.33873749568816824 
0.16635859519408502 0.3461883408071748 
0.133086876155268 0.34977578475336313 
0.21626617375231053 0.3408071748878923 
0.32717190388170053 0.33289369559482984 
0.07763401109057301 0.3542600896860987 
0.3456561922365989 0.32857725234406865 
0.08133086876155268 0.3461883408071748 
0.2643253234750462 0.3292761050608584 
0.1423290203327172 0.3432531593966571 
0.1589648798521257 0.33873749568816824 
0.1977818853974122 0.3369634849455477 
0.07948243992606285 0.34977578475336313 
0.14602587800369685 0.3408071748878923 
0.22181146025878004 0.33408071748878926 
0.20702402957486138 0.3354260089686098 
0.2513863216266174 0.3318385650224215 
0.2532347504621072 0.3300448430493273 
0.24029574861367836 0.33289369559482984 
0.14048059149722736 0.34977578475336313 
0.9408502772643254 0.3239910313901346 
0.16266173752310537 0.33873749568816824 
0.48613678373382624 0.32543241511851373 
0.7264325323475046 0.32466367713004485 
0.15711645101663585 0.3461883408071748 
0.1977818853974122 0.3369634849455477 
0.20702402957486138 0.33289369559482984 
0.36968576709796674 0.3258594917787744 
0.8410351201478743 0.32431650513525245 
0.22181146025878004 0.3308945008260561 
0.30868761552680224 0.3300448430493273 
0.32532347504621073 0.32793916942873863 
0.31053604436229204 0.3292761050608584 
0.2144177449168207 0.3318385650224215 
0.3456561922365989 0.3268161434977579 
0.3659889094269871 0.32631942048982404 
0.3419593345656192 0.3273542600896862 
0.11460258780036968 0.33289369559482984 
0.8151571164510166 0.32368528332653895 
0.38632162661737524 0.3292761050608584 
0.2088724584103512 0.3300448430493273 
0.6598890942698706 0.3239910313901346 
0.4066543438077634 0.32631942048982404 
0.5637707948243993 0.3258594917787744 
0.39186691312384475 0.3273542600896862 
0.14048059149722736 0.3318385650224215 
0.2033271719038817 0.3308945008260561 
0.5878003696857671 0.32543241511851373 
0.600739371534196 0.3250347920210298 
0.3955637707948244 0.3268161434977579 
0.6247689463955638 0.32466367713004485 
0.6358595194085028 0.32431650513525245 
0.15526802218114602 0.3408071748878923 
0.07948243992606285 0.3461883408071748 
0.6229205175600739 0.3250347920210298 
0.07578558225508318 0.3432531593966571 
0.11645101663585952 0.33873749568816824 
0.4232902033271719 0.32543241511851373 
0.2513863216266174 0.3268161434977579 
0.3752310536044362 0.32631942048982404 
0.15157116451016636 0.3369634849455477 
0.3900184842883549 0.3258594917787744 
0.16820702402957485 0.33408071748878926 
0.18484288354898337 0.3318385650224215 
0.23475046210720887 0.32857725234406865 
0.16266173752310537 0.3354260089686098 
0.20517560073937152 0.3300448430493273 
0.1866913123844732 0.3308945008260561 
0.22735674676524953 0.3292761050608584 
0.8724584103512015 0.3239910313901346 
0.10166358595194085 0.33873749568816824 
0.5194085027726433 0.32466367713004485 
0.8484288354898336 0.32431650513525245 
0.12384473197781885 0.33289369559482984 
0.11275415896487985 0.3369634849455477 
0.3456561922365989 0.3258594917787744 
0.5064695009242144 0.3250347920210298 
0.2199630314232902 0.3292761050608584 
0.3142329020332717 0.32793916942873863 
0.14048059149722736 0.3318385650224215 
0.19038817005545286 0.3308945008260561 
0.33271719038817005 0.3273542600896862 
0.21256931608133087 0.3300448430493273 
0.33826247689463956 0.32631942048982404 
0.4011090573012939 0.003946188340807218 
0.05730129390018484 0.3542600896860987 
0.12384473197781885 0.017937219730941784 
0.06099815157116451 0.34977578475336313 
0.21256931608133087 0.008024545669105584 
0.3567467652495379 0.005069214271787967 
0.17744916820702403 0.014093529788597146 
0.39371534195933455 0.00448430493273541 
0.1423290203327172 0.015867540531217746 
0.19408502772643252 0.010023740437879151 
0.11275415896487985 0.33873749568816824 
0.43807763401109057 0.3268161434977579 
0.23475046210720887 0.3273542600896862 
0.13863216266173753 0.33408071748878926 
0.14972273567467653 0.3318385650224215 
0.12384473197781885 0.3354260089686098 
0.11645101663585952 0.3369634849455477 
0.1589648798521257 0.3300448430493273 
0.18299445471349354 0.3292761050608584 
0.20147874306839186 0.32857725234406865 
0.22365988909426987 0.32793916942873863 
0.15711645101663585 0.3308945008260561 
0.7060998151571165 0.32431650513525245 
0.10905730129390019 0.3432531593966571 
0.4879852125693161 0.32543241511851373 
0.6561922365988909 0.3250347920210298 
0.18114602587800369 0.3369634849455477 
0.19038817005545286 0.3318385650224215 
0.3123844731977819 0.32793916942873863 
0.4214417744916821 0.3268161434977579 
0.2975970425138632 0.3292761050608584 
0.2144177449168207 0.3300448430493273 
0.14972273567467653 0.3408071748878923 
0.16635859519408502 0.33873749568816824 
0.4454713493530499 0.3258594917787744 
0.7042513863216266 0.32466367713004485 
0.19408502772643252 0.3308945008260561 
0.1256931608133087 0.9955156950672645 
0.6765249537892791 0.323126201153107 
0.1478743068391867 0.3542600896860987 
0.5249537892791127 0.3268161434977579 
0.32717190388170053 0.3273542600896862 
0.5545286506469501 0.32543241511851373 
0.19593345656192238 0.3432531593966571 
0.2255083179297597 0.3369634849455477 
0.15711645101663585 0.3461883408071748 
0.19963031423290203 0.33873749568816824 
0.30129390018484287 0.3292761050608584 
0.2754158964879852 0.3300448430493273 
0.5804066543438078 0.3250347920210298 
0.5304990757855823 0.3258594917787744 
0.6044362292051756 0.32466367713004485 
0.6524953789279113 0.32339752044315484 
0.25508317929759705 0.3308945008260561 
0.6210720887245841 0.32431650513525245 
0.6284658040665434 0.3239910313901346 
0.6451016635859519 0.32368528332653895 
0.3142329020332717 0.32793916942873863 
0.2365988909426987 0.33289369559482984 
0.24399260628465805 0.3318385650224215 
0.14972273567467653 0.34977578475336313 
0.13493530499075784 0.9919282511210761 
0.46395563770794823 0.3258594917787744 
0.1478743068391867 0.34977578475336313 
0.27726432532347506 0.32793916942873863 
0.3659889094269871 0.3273542600896862 
0.4048059149722736 0.32631942048982404 
0.19963031423290203 0.3369634849455477 
0.3900184842883549 0.3268161434977579 
0.24029574861367836 0.3300448430493273 
0.2587800369685767 0.3292761050608584 
0.21072088724584104 0.33408071748878926 
0.22181146025878004 0.33289369559482984 
0.2698706099815157 0.32857725234406865 
0.23105360443622922 0.3318385650224215 
0.23290203327171904 0.3308945008260561 
0.08687615526802218 0.3461883408071748 
0.5785582255083179 0.3250347920210298 
0.3955637707948244 0.3258594917787744 
0.5711645101663586 0.32543241511851373 
0.15711645101663585 0.33289369559482984 
0.2476894639556377 0.32793916942873863 
0.1256931608133087 0.33873749568816824 
0.10536044362292052 0.3432531593966571 
0.33086876155268025 0.3273542600896862 
0.2088724584103512 0.3292761050608584 
0.1977818853974122 0.3308945008260561 
0.37707948243992606 0.32631942048982404 
0.2033271719038817 0.3300448430493273 
0.11829944547134935 0.3461883408071748 
0.5582255083179297 0.32431650513525245 
0.4121996303142329 0.3250347920210298 
0.5508317929759704 0.32466367713004485 
0.21256931608133087 0.3369634849455477 
0.18299445471349354 0.3432531593966571 
0.19038817005545286 0.3408071748878923 
0.32717190388170053 0.32631942048982404 
0.3826247689463956 0.3258594917787744 
0.22365988909426987 0.3354260089686098 
0.23475046210720887 0.33289369559482984 
0.24584103512014788 0.3318385650224215 
0.2809611829944547 0.3308945008260561 
0.4066543438077634 0.32543241511851373 
0.3142329020332717 0.32793916942873863 
0.3179297597042514 0.3268161434977579 
0.29390018484288355 0.3292761050608584 
0.2902033271719039 0.3300448430493273 
0.3049907578558225 0.32857725234406865 
0.14417744916820702 0.3461883408071748 
0.8724584103512015 0.32368528332653895 
0.6654343807763401 0.32431650513525245 
0.8521256931608133 0.3239910313901346 
0.3585951940850277 0.32543241511851373 
0.5286506469500925 0.3250347920210298 
0.22365988909426987 0.3354260089686098 
0.24214417744916822 0.3308945008260561 
0.1922365988909427 0.3408071748878923 
0.19593345656192238 0.3369634849455477 
0.5397412199630314 0.32466367713004485 
0.1645101663585952 0.3432531593966571 
0.3068391866913124 0.32857725234406865 
0.32162661737523107 0.3268161434977579 
0.2680221811460259 0.3292761050608584 
0.2643253234750462 0.3300448430493273 
0.33271719038817005 0.32631942048982404 
0.3512014787430684 0.3258594917787744 
0.11829944547134935 0.3432531593966571 
0.9279112754158965 0.32339752044315484 
0.18853974121996303 0.3408071748878923 
0.1922365988909427 0.33408071748878926 
0.2735674676524954 0.32793916942873863 
0.48428835489833644 0.3273542600896862 
0.6284658040665434 0.32431650513525245 
0.7966728280961183 0.3239910313901346 
0.8059149722735675 0.32368528332653895 
0.5545286506469501 0.3258594917787744 
0.24029574861367836 0.33289369559482984 
0.2476894639556377 0.3300448430493273 
0.4953789279112754 0.32631942048982404 
0.24399260628465805 0.3318385650224215 
0.6025878003696857 0.3250347920210298 
0.25508317929759705 0.3292761050608584 
0.266173752310536 0.32857725234406865 
0.6229205175600739 0.32466367713004485 
0.4879852125693161 0.3268161434977579 
0.7153419593345656 0.32466367713004485 
0.11829944547134935 0.3432531593966571 
0.44731977818853974 0.3250347920210298 
0.12939001848428835 0.3354260089686098 
0.16635859519408502 0.33408071748878926 
0.4288354898336414 0.32631942048982404 
0.23105360443622922 0.33289369559482984 
0.36229205175600737 0.3268161434977579 
0.30129390018484287 0.3273542600896862 
0.25508317929759705 0.3308945008260561 
0.2698706099815157 0.3292761050608584 
0.23844731977818853 0.3318385650224215 
0.2735674676524954 0.32857725234406865 
0.2902033271719039 0.32793916942873863 
0.5637707948243993 0.3239910313901346 
0.14417744916820702 0.34977578475336313 
0.14602587800369685 0.3432531593966571 
0.2088724584103512 0.3354260089686098 
0.29390018484288355 0.3273542600896862 
0.46395563770794823 0.32431650513525245 
0.3974121996303142 0.3258594917787744 
0.2513863216266174 0.3300448430493273 
0.23290203327171904 0.33289369559482984 
0.21811460258780038 0.33408071748878926 
0.4399260628465804 0.3250347920210298 
0.2698706099815157 0.3292761050608584 
0.4195933456561922 0.32543241511851373 
0.2846580406654344 0.32857725234406865 
0.2920517560073937 0.32793916942873863 
0.6876155268022182 0.32431650513525245 
0.12199630314232902 0.34977578475336313 
0.3974121996303142 0.32543241511851373 
0.5489833641404805 0.3250347920210298 
0.6765249537892791 0.32466367713004485 
0.22181146025878004 0.33873749568816824 
0.1423290203327172 0.3461883408071748 
0.2513863216266174 0.33408071748878926 
0.18484288354898337 0.3432531593966571 
0.1977818853974122 0.3408071748878923 
0.2587800369685767 0.33289369559482984 
0.2920517560073937 0.3300448430493273 
0.3123844731977819 0.3292761050608584 
0.2735674676524954 0.3318385650224215 
0.33271719038817005 0.32857725234406865 
0.3733826247689464 0.3258594917787744 
0.3345656192236599 0.32793916942873863 
0.35304990757855825 0.3273542600896862 
0.2828096118299446 0.3308945008260561 
0.36414048059149723 0.32631942048982404 
0.3567467652495379 0.3268161434977579 
0.36968576709796674 0.3258594917787744 
0.11090573012939002 0.34977578475336313 
0.18484288354898337 0.3408071748878923 
0.11829944547134935 0.3461883408071748 
0.21626617375231053 0.33408071748878926 
0.23475046210720887 0.3308945008260561 
0.27911275415896486 0.32857725234406865 
0.3456561922365989 0.32631942048982404 
0.25508317929759705 0.3300448430493273 
0.30129390018484287 0.32793916942873863 
0.32532347504621073 0.3268161434977579 
0.22920517560073936 0.33289369559482984 
0.27171903881700554 0.3292761050608584 
0.3179297597042514 0.3273542600896862 
0.23290203327171904 0.3318385650224215 
0.13123844731977818 0.3542600896860987 
0.5341959334565619 0.3250347920210298 
0.3456561922365989 0.32631942048982404 
0.49907578558225507 0.3258594917787744 
0.13493530499075784 0.3461883408071748 
0.2735674676524954 0.32793916942873863 
0.1478743068391867 0.3432531593966571 
0.32532347504621073 0.3273542600896862 
0.2144177449168207 0.3354260089686098 
0.17744916820702403 0.3408071748878923 
0.18853974121996303 0.33873749568816824 
0.22920517560073936 0.33289369559482984 
0.23475046210720887 0.3308945008260561 
0.24953789279112754 0.3292761050608584 
0.5268022181146026 0.32543241511851373 
0.24584103512014788 0.3300448430493273 
0.11460258780036968 0.3542600896860987 
0.16635859519408502 0.3432531593966571 
0.12014787430683918 0.3461883408071748 
0.6765249537892791 0.32631942048982404 
0.16820702402957485 0.9955156950672645 
0.19038817005545286 0.3408071748878923 
0.2587800369685767 0.3308945008260561 
0.4011090573012939 0.3300448430493273 
0.5471349353049908 0.3268161434977579 
0.4029574861367837 0.3292761050608584 
0.5268022181146026 0.32857725234406865 
0.22920517560073936 0.3318385650224215 
0.19408502772643252 0.3369634849455477 
0.21811460258780038 0.33408071748878926 
0.5434380776340111 0.32793916942873863 
0.5711645101663586 0.3250347920210298 
0.10536044362292052 0.3461883408071748 
0.4029574861367837 0.32631942048982404 
0.17190388170055454 0.3432531593966571 
0.30868761552680224 0.3268161434977579 
0.22920517560073936 0.3369634849455477 
0.18853974121996303 0.33873749568816824 
0.2365988909426987 0.33408071748878926 
0.2846580406654344 0.32793916942873863 
0.1756007393715342 0.3408071748878923 
0.27726432532347506 0.3300448430493273 
0.26062846580406657 0.3308945008260561 
0.24953789279112754 0.33289369559482984 
0.2587800369685767 0.3318385650224215 
0.18853974121996303 0.3432531593966571 
0.14417744916820702 0.34977578475336313 
0.15526802218114602 0.3461883408071748 
0.08317929759704251 0.3432531593966571 
0.18484288354898337 0.3432531593966571 
0.12384473197781885 0.34977578475336313 
0.14602587800369685 0.3461883408071748 
0.8151571164510166 0.32543241511851373 
0.18853974121996303 0.3432531593966571 
0.532347504621072 0.32631942048982404 
0.7282809611829945 0.3258594917787744 
0.3197781885397412 0.3300448430493273 
0.19963031423290203 0.3408071748878923 
0.2680221811460259 0.3354260089686098 
0.49168207024029575 0.32793916942873863 
0.27171903881700554 0.33408071748878926 
0.2920517560073937 0.3318385650224215 
0.5157116451016636 0.3273542600896862 
0.2957486136783734 0.3308945008260561 
0.1977818853974122 0.3408071748878923 
0.1645101663585952 0.3461883408071748 
0.17190388170055454 0.3432531593966571 
0.17744916820702403 0.3408071748878923 
0.1256931608133087 0.3461883408071748 
0.17005545286506468 0.3432531593966571 
0.1478743068391867 0.34977578475336313 
0.5286506469500925 0.32631942048982404 
0.2088724584103512 0.3408071748878923 
0.2365988909426987 0.3308945008260561 
0.3567467652495379 0.3300448430493273 
0.23105360443622922 0.33289369559482984 
0.4288354898336414 0.32857725234406865 
0.18114602587800369 0.3432531593966571 
0.4343807763401109 0.32793916942873863 
0.17375231053604437 0.3461883408071748 
0.49907578558225507 0.3273542600896862 
0.5194085027726433 0.3268161434977579 
0.13863216266173753 0.3542600896860987 
0.41404805914972276 0.3292761050608584 
0.3733826247689464 0.33408071748878926 
0.24029574861367836 0.3354260089686098 
0.18484288354898337 0.3432531593966571 
0.1423290203327172 0.34977578475336313 
0.16081330868761554 0.3461883408071748 
0.18853974121996303 0.33873749568816824 
0.20147874306839186 0.3369634849455477 
0.3807763401109057 0.3308945008260561 
0.37707948243992606 0.3318385650224215 
0.13123844731977818 0.3542600896860987 
0.1756007393715342 0.3408071748878923 
0.1478743068391867 0.3432531593966571 
0.13493530499075784 0.34977578475336313 
0.1423290203327172 0.3461883408071748 
0.16266173752310537 0.33873749568816824 
0.6321626617375231 0.32431650513525245 
0.33086876155268025 0.3258594917787744 
0.5730129390018485 0.32543241511851373 
0.21626617375231053 0.3354260089686098 
0.22920517560073936 0.3318385650224215 
0.24399260628465805 0.3308945008260561 
0.2846580406654344 0.32857725234406865 
0.18853974121996303 0.3369634849455477 
0.5970425138632163 0.3250347920210298 
0.6081330868761553 0.32466367713004485 
0.3031423290203327 0.3273542600896862 
0.2957486136783734 0.32793916942873863 
0.31608133086876156 0.3268161434977579 
0.3234750462107209 0.32631942048982404 
0.19593345656192238 0.3542600896860987 
0.6709796672828097 0.32431650513525245 
0.5970425138632163 0.3273542600896862 
0.3456561922365989 0.32793916942873863 
0.20517560073937152 0.33873749568816824 
0.2033271719038817 0.3461883408071748 
0.2365988909426987 0.3354260089686098 
0.3123844731977819 0.33289369559482984 
0.19963031423290203 0.34977578475336313 
0.22181146025878004 0.3369634849455477 
0.3290203327171904 0.3292761050608584 
0.6155268022181146 0.32543241511851373 
0.6395563770794824 0.3250347920210298 
0.6469500924214417 0.32466367713004485 
0.32162661737523107 0.3308945008260561 
0.600739371534196 0.32631942048982404 
0.3197781885397412 0.3318385650224215 
0.33826247689463956 0.32857725234406865 
0.6081330868761553 0.3258594917787744 
0.1589648798521257 0.3542600896860987 
0.6913123844731978 0.32466367713004485 
0.4399260628465804 0.3308945008260561 
0.29390018484288355 0.3318385650224215 
0.16266173752310537 0.34977578475336313 
0.5545286506469501 0.32543241511851373 
0.24214417744916822 0.3369634849455477 
0.28835489833641403 0.33408071748878926 
0.19963031423290203 0.33873749568816824 
0.17005545286506468 0.3461883408071748 
0.18114602587800369 0.3432531593966571 
0.1922365988909427 0.3408071748878923 
0.4510166358595194 0.32857725234406865 
0.5304990757855823 0.32631942048982404 
0.4584103512014787 0.32793916942873863 
0.4824399260628466 0.3273542600896862 
0.5064695009242144 0.3268161434977579 
0.5711645101663586 0.3268161434977579 
0.1478743068391867 0.3542600896860987 
0.30129390018484287 0.3273542600896862 
0.1645101663585952 0.3408071748878923 
0.1589648798521257 0.34977578475336313 
0.21256931608133087 0.3369634849455477 
0.24214417744916822 0.3308945008260561 
0.2199630314232902 0.33289369559482984 
0.19593345656192238 0.33873749568816824 
0.22365988909426987 0.3318385650224215 
0.16635859519408502 0.3461883408071748 
0.5878003696857671 0.3258594917787744 
0.266173752310536 0.3308945008260561 
0.29944547134935307 0.3300448430493273 
0.4066543438077634 0.3292761050608584 
0.5046210720887245 0.32793916942873863 
0.2476894639556377 0.3354260089686098 
0.4121996303142329 0.32857725234406865 
0.21626617375231053 0.33873749568816824 
0.17375231053604437 0.3432531593966571 
0.5637707948243993 0.3268161434977579 
0.22920517560073936 0.3369634849455477 
0.5656192236598891 0.32631942048982404 
0.47689463955637706 0.3292761050608584 
0.10536044362292052 0.9955156950672645 
0.17190388170055454 0.3461883408071748 
0.2587800369685767 0.3408071748878923 
0.4195933456561922 0.33873749568816824 
0.17929759704251386 0.3432531593966571 
0.43253234750462105 0.3369634849455477 
0.4399260628465804 0.33408071748878926 
0.45286506469500926 0.3318385650224215 
0.4658040665434381 0.3300448430493273 
0.4584103512014787 0.3308945008260561 
0.4343807763401109 0.3354260089686098 
0.031423290203327174 0.026905829596412602 
0.5046210720887245 0.00448430493273541 
0.066543438077634 0.017937219730941784 
0.09796672828096119 0.014093529788597146 
0.43068391866913125 0.005069214271787967 
0.03512014787430684 0.023318385650224274 
0.1866913123844732 0.012556053811659291 
0.24029574861367836 0.00896860986547082 
0.35489833641404805 0.007174887892376656 
0.3123844731977819 0.008024545669105584 
0.22181146025878004 0.010023740437879151 
0.09426987060998152 0.015867540531217746 
0.20517560073937152 0.011210762331838597 
0.5822550831792976 0.3258594917787744 
0.1922365988909427 0.3461883408071748 
0.33271719038817005 0.3408071748878923 
0.3567467652495379 0.3318385650224215 
0.41035120147874304 0.3273542600896862 
0.49907578558225507 0.3268161434977579 
0.5231053604436229 0.32631942048982404 
0.38632162661737524 0.3292761050608584 
0.3733826247689464 0.3308945008260561 
0.6598890942698706 0.3239910313901346 
0.11275415896487985 0.33873749568816824 
0.24953789279112754 0.32631942048982404 
0.4805914972273567 0.32431650513525245 
0.4232902033271719 0.3258594917787744 
0.16081330868761554 0.3354260089686098 
0.18853974121996303 0.33408071748878926 
0.19038817005545286 0.3318385650224215 
0.20702402957486138 0.3292761050608584 
0.20517560073937152 0.3308945008260561 
0.24214417744916822 0.3273542600896862 
0.43068391866913125 0.32543241511851373 
0.46210720887245843 0.3250347920210298 
0.2255083179297597 0.32857725234406865 
0.23105360443622922 0.32793916942873863 
0.4658040665434381 0.32466367713004485 
0.08687615526802218 0.9889930697105584 
0.8059149722735675 0.3239910313901346 
0.09242144177449169 0.9865470852017936 
0.12384473197781885 0.34977578475336313 
0.5748613678373382 0.32431650513525245 
0.5083179297597042 0.32631942048982404 
0.3234750462107209 0.3268161434977579 
0.23290203327171904 0.32857725234406865 
0.3049907578558225 0.32793916942873863 
0.512014787430684 0.32543241511851373 
0.5489833641404805 0.3250347920210298 
0.5508317929759704 0.32466367713004485 
0.1922365988909427 0.33289369559482984 
0.17190388170055454 0.33408071748878926 
0.2033271719038817 0.3308945008260561 
0.12754158964879853 0.3432531593966571 
0.22181146025878004 0.3300448430493273 
0.15526802218114602 0.3354260089686098 
0.14048059149722736 0.3408071748878923 
0.31608133086876156 0.3273542600896862 
0.1478743068391867 0.3369634849455477 
0.2255083179297597 0.3292761050608584 
0.07024029574861368 0.3408071748878923 
0.40850277264325324 0.32631942048982404 
0.24953789279112754 0.3300448430493273 
0.4011090573012939 0.3268161434977579 
0.1367837338262477 0.33873749568816824 
0.14972273567467653 0.33408071748878926 
0.19038817005545286 0.3308945008260561 
0.1478743068391867 0.3369634849455477 
0.16635859519408502 0.33289369559482984 
0.17744916820702403 0.3318385650224215 
0.09796672828096119 0.34977578475336313 
0.5600739371534196 0.32431650513525245 
0.3659889094269871 0.3258594917787744 
0.5526802218114603 0.32466367713004485 
0.27911275415896486 0.3354260089686098 
0.10536044362292052 0.3461883408071748 
0.29390018484288355 0.3300448430493273 
0.17375231053604437 0.3432531593966571 
0.2199630314232902 0.3369634849455477 
0.3179297597042514 0.3273542600896862 
0.19038817005545286 0.3408071748878923 
0.21256931608133087 0.33873749568816824 
0.35489833641404805 0.3268161434977579 
0.6377079482439926 0.32466367713004485 
0.15711645101663585 0.3408071748878923 
0.17744916820702403 0.3369634849455477 
0.19408502772643252 0.3308945008260561 
0.30129390018484287 0.32631942048982404 
0.46950092421441775 0.3258594917787744 
0.47504621072088726 0.32543241511851373 
0.22920517560073936 0.32793916942873863 
0.2532347504621072 0.3268161434977579 
0.20147874306839186 0.3300448430493273 
0.17005545286506468 0.33873749568816824 
0.8724584103512015 0.32339752044315484 
0.15526802218114602 0.3408071748878923 
0.4491682070240296 0.32431650513525245 
0.66728280961183 0.3239910313901346 
0.6746765249537893 0.32368528332653895 
0.2735674676524954 0.32793916942873863 
0.39186691312384475 0.3273542600896862 
0.17190388170055454 0.33873749568816824 
0.1977818853974122 0.33289369559482984 
0.21256931608133087 0.3308945008260561 
0.21626617375231053 0.3300448430493273 
0.17375231053604437 0.3369634849455477 
0.18114602587800369 0.3354260089686098 
0.26247689463955637 0.3292761050608584 
0.19408502772643252 0.33408071748878926 
0.3974121996303142 0.3258594917787744 
0.39371534195933455 0.3268161434977579 
0.4269870609981516 0.32466367713004485 
0.266173752310536 0.32857725234406865 
0.4029574861367837 0.32543241511851373 
0.4214417744916821 0.3250347920210298 
0.39926062846580407 0.32631942048982404 
0.1645101663585952 0.34977578475336313 
0.3031423290203327 0.3268161434977579 
0.17190388170055454 0.3461883408071748 
0.20517560073937152 0.33873749568816824 
0.20702402957486138 0.33408071748878926 
0.2255083179297597 0.33289369559482984 
0.24399260628465805 0.3318385650224215 
0.25508317929759705 0.3308945008260561 
0.26247689463955637 0.3300448430493273 
0.2735674676524954 0.3292761050608584 
0.27911275415896486 0.32857725234406865 
0.2902033271719039 0.32793916942873863 
0.2957486136783734 0.3273542600896862 
0.4269870609981516 0.32543241511851373 
0.08872458410351201 0.3542600896860987 
0.17744916820702403 0.3408071748878923 
0.2144177449168207 0.33873749568816824 
0.25508317929759705 0.33289369559482984 
0.3456561922365989 0.3273542600896862 
0.2920517560073937 0.3308945008260561 
0.38817005545286504 0.32631942048982404 
0.3290203327171904 0.32857725234406865 
0.39926062846580407 0.3258594917787744 
0.2735674676524954 0.3318385650224215 
0.3345656192236599 0.32793916942873863 
0.1866913123844732 0.3308945008260561 
0.43622920517560076 0.32466367713004485 
0.24399260628465805 0.32857725234406865 
0.3955637707948244 0.32793916942873863 
0.21256931608133087 0.3292761050608584 
0.41589648798521256 0.3258594917787744 
0.4269870609981516 0.32543241511851373 
0.39926062846580407 0.3273542600896862 
0.49907578558225507 0.3258594917787744 
0.10351201478743069 0.34977578475336313 
0.31608133086876156 0.3292761050608584 
0.4565619223659889 0.32857725234406865 
0.10720887245841035 0.3461883408071748 
0.1977818853974122 0.33408071748878926 
0.1756007393715342 0.3432531593966571 
0.18853974121996303 0.33873749568816824 
0.2513863216266174 0.3318385650224215 
0.2975970425138632 0.3308945008260561 
0.23290203327171904 0.33289369559482984 
0.18114602587800369 0.3408071748878923 
0.47689463955637706 0.32793916942873863 
0.4805914972273567 0.32631942048982404 
0.29944547134935307 0.3300448430493273 
0.13863216266173753 0.3408071748878923 
0.6857670979667283 0.32368528332653895 
0.39371534195933455 0.3268161434977579 
0.16081330868761554 0.3369634849455477 
0.2698706099815157 0.3292761050608584 
0.17005545286506468 0.33289369559482984 
0.38632162661737524 0.32857725234406865 
0.5138632162661737 0.32631942048982404 
0.6192236598890942 0.3258594917787744 
0.2088724584103512 0.3300448430493273 
0.1478743068391867 0.33873749568816824 
0.17744916820702403 0.3318385650224215 
0.20702402957486138 0.3308945008260561 
0.3900184842883549 0.32793916942873863 
0.6377079482439926 0.3250347920210298 
0.6543438077634011 0.32466367713004485 
0.6617375231053605 0.32431650513525245 
0.678373382624769 0.3239910313901346 
0.6266173752310537 0.32543241511851373 
0.1367837338262477 0.34977578475336313 
0.5767097966728281 0.3250347920210298 
0.13863216266173753 0.3408071748878923 
0.4177449168207024 0.32857725234406865 
0.48613678373382624 0.32543241511851373 
0.34011090573012936 0.3292761050608584 
0.1977818853974122 0.3369634849455477 
0.27911275415896486 0.3300448430493273 
0.24953789279112754 0.3354260089686098 
0.16820702402957485 0.33873749568816824 
0.2680221811460259 0.33289369559482984 
0.27171903881700554 0.3308945008260561 
0.43622920517560076 0.3273542600896862 
0.4510166358595194 0.32631942048982404 
0.25693160813308685 0.33408071748878926 
0.46950092421441775 0.3258594917787744 
0.12939001848428835 0.34977578475336313 
0.3974121996303142 0.32543241511851373 
0.2088724584103512 0.3308945008260561 
0.15526802218114602 0.33873749568816824 
0.2920517560073937 0.32857725234406865 
0.23290203327171904 0.3292761050608584 
0.1367837338262477 0.3461883408071748 
0.14972273567467653 0.3408071748878923 
0.3234750462107209 0.32631942048982404 
0.3807763401109057 0.3258594917787744 
0.21626617375231053 0.3300448430493273 
0.3068391866913124 0.3273542600896862 
0.31608133086876156 0.3268161434977579 
0.024029574861367836 0.3461883408071748 
0.08502772643253234 0.33873749568816824 
0.10166358595194085 0.3461883408071748 
0.4066543438077634 0.3258594917787744 
0.17744916820702403 0.3308945008260561 
0.29390018484288355 0.3292761050608584 
0.14417744916820702 0.33873749568816824 
0.1645101663585952 0.3318385650224215 
0.15157116451016636 0.3369634849455477 
0.3438077634011091 0.3268161434977579 
0.4011090573012939 0.32631942048982404 
0.3049907578558225 0.32793916942873863 
0.30129390018484287 0.32857725234406865 
0.024029574861367836 0.03139013452914801 
0.8650646950092421 0.0014465499783017728 
0.031423290203327174 0.026905829596412602 
0.5489833641404805 0.0025624599615630913 
0.6691312384473198 0.0021648368640791536 
0.7837338262476895 0.001793721973094164 
0.14417744916820702 0.014093529788597146 
0.04251386321626617 0.023318385650224274 
0.18853974121996303 0.00896860986547082 
0.051756007393715345 0.020383204239706486 
0.3197781885397412 0.0057072971871178334 
0.2680221811460259 0.008024545669105584 
0.3567467652495379 0.005069214271787967 
0.10351201478743069 0.015867540531217746 
0.4417744916820702 0.003449465332873392 
0.4658040665434381 0.002989536621823702 
0.07763401109057301 0.017937219730941784 
0.16266173752310537 0.011210762331838597 
0.31053604436229204 0.007174887892376656 
0.17005545286506468 0.010023740437879151 
0.4288354898336414 0.32466367713004485 
0.1256931608133087 0.3432531593966571 
0.266173752310536 0.32631942048982404 
0.3955637707948244 0.32543241511851373 
0.19408502772643252 0.3308945008260561 
0.17005545286506468 0.3354260089686098 
0.133086876155268 0.33873749568816824 
0.1478743068391867 0.3369634849455477 
0.22365988909426987 0.3300448430493273 
0.24399260628465805 0.3273542600896862 
0.23105360443622922 0.3292761050608584 
0.41404805914972276 0.3250347920210298 
0.24214417744916822 0.32793916942873863 
0.2587800369685767 0.3268161434977579 
0.06839186691312385 0.3408071748878923 
0.8743068391866913 0.3239910313901346 
0.6968576709796673 0.32466367713004485 
0.42513863216266173 0.3250347920210298 
0.09981515711645102 0.3354260089686098 
0.23290203327171904 0.3258594917787744 
0.41404805914972276 0.32543241511851373 
0.11275415896487985 0.33289369559482984 
0.2088724584103512 0.32793916942873863 
0.22920517560073936 0.32631942048982404 
0.13863216266173753 0.3308945008260561 
0.12014787430683918 0.3318385650224215 
0.16820702402957485 0.3300448430493273 
0.19593345656192238 0.3292761050608584 
0.20517560073937152 0.32857725234406865 
0.7024029574861368 0.32339752044315484 
0.1534195933456562 0.34977578475336313 
0.4602587800369686 0.3250347920210298 
0.6709796672828097 0.32431650513525245 
0.17190388170055454 0.3432531593966571 
0.2846580406654344 0.33873749568816824 
0.15711645101663585 0.3461883408071748 
0.3585951940850277 0.3308945008260561 
0.3234750462107209 0.33289369559482984 
0.3068391866913124 0.3354260089686098 
0.3049907578558225 0.3369634849455477 
0.33086876155268025 0.3318385650224215 
0.3659889094269871 0.3292761050608584 
0.43807763401109057 0.32543241511851373 
0.3733826247689464 0.32857725234406865 
0.38817005545286504 0.32793916942873863 
0.3974121996303142 0.3273542600896862 
0.4121996303142329 0.3268161434977579 
0.678373382624769 0.3239910313901346 
0.6931608133086876 0.32368528332653895 
0.4232902033271719 0.32631942048982404 
0.4288354898336414 0.3258594917787744 
0.11645101663585952 0.3461883408071748 
0.3068391866913124 0.3250347920210298 
0.1756007393715342 0.3369634849455477 
0.2199630314232902 0.3300448430493273 
0.1922365988909427 0.33408071748878926 
0.24584103512014788 0.3292761050608584 
0.2828096118299446 0.3258594917787744 
0.3031423290203327 0.32543241511851373 
0.21256931608133087 0.3318385650224215 
0.20517560073937152 0.33289369559482984 
0.24953789279112754 0.32857725234406865 
0.2643253234750462 0.3273542600896862 
0.27171903881700554 0.3268161434977579 
0.27911275415896486 0.32631942048982404 
0.1756007393715342 0.34977578475336313 
0.5046210720887245 0.3318385650224215 
0.2255083179297597 0.3369634849455477 
0.36968576709796674 0.33408071748878926 
0.32717190388170053 0.3354260089686098 
0.18299445471349354 0.3432531593966571 
0.1866913123844732 0.3408071748878923 
0.2088724584103512 0.33873749568816824 
0.17190388170055454 0.3542600896860987 
0.2513863216266174 0.33289369559482984 
0.22735674676524953 0.3369634849455477 
0.1922365988909427 0.33873749568816824 
0.1756007393715342 0.34977578475336313 
0.18114602587800369 0.3432531593966571 
0.24399260628465805 0.33408071748878926 
0.18484288354898337 0.3408071748878923 
0.2144177449168207 0.3432531593966571 
0.17190388170055454 0.34977578475336313 
0.1866913123844732 0.3461883408071748 
0.2255083179297597 0.3461883408071748 
0.19038817005545286 0.3542600896860987 
0.1977818853974122 0.34977578475336313 
0.16635859519408502 0.3461883408071748 
0.3234750462107209 0.3369634849455477 
0.27911275415896486 0.33873749568816824 
0.12754158964879853 1.0 
0.4787430683918669 0.3308945008260561 
0.17929759704251386 0.34977578475336313 
0.13123844731977818 0.9955156950672645 
0.32162661737523107 0.33408071748878926 
0.4029574861367837 0.33289369559482984 
0.2643253234750462 0.3369634849455477 
0.24399260628465805 0.3461883408071748 
0.4658040665434381 0.3318385650224215 
0.2532347504621072 0.3408071748878923 
0.2476894639556377 0.3432531593966571 
0.18484288354898337 1.0 
0.2144177449168207 0.3461883408071748 
0.18853974121996303 0.9955156950672645 
0.19038817005545286 0.3542600896860987 
0.19408502772643252 0.34977578475336313 
0.17190388170055454 0.3600256245996158 
0.6746765249537893 0.32631942048982404 
0.21626617375231053 0.3432531593966571 
0.1977818853974122 0.3542600896860987 
0.49907578558225507 0.3268161434977579 
0.2476894639556377 0.33873749568816824 
0.32717190388170053 0.3354260089686098 
0.33826247689463956 0.33289369559482984 
0.3826247689463956 0.3318385650224215 
0.4288354898336414 0.3308945008260561 
0.4584103512014787 0.3292761050608584 
0.43253234750462105 0.3300448430493273 
0.47504621072088726 0.32793916942873863 
0.4824399260628466 0.3273542600896862 
0.17190388170055454 0.3461883408071748 
0.27726432532347506 0.3308945008260561 
0.1977818853974122 0.3408071748878923 
0.21626617375231053 0.33873749568816824 
0.2513863216266174 0.3369634849455477 
0.26247689463955637 0.3354260089686098 
0.27171903881700554 0.33289369559482984 
0.1977818853974122 0.3408071748878923 
0.5914972273567468 0.3258594917787744 
0.22735674676524953 0.33408071748878926 
0.36044362292051757 0.33289369559482984 
0.4879852125693161 0.3292761050608584 
0.3826247689463956 0.3300448430493273 
0.5064695009242144 0.32793916942873863 
0.5360443622920518 0.3273542600896862 
0.5674676524953789 0.32631942048982404 
0.36229205175600737 0.3318385650224215 
0.3733826247689464 0.3308945008260561 
0.17005545286506468 0.3461883408071748 
0.15157116451016636 0.3542600896860987 
0.1589648798521257 0.34977578475336313 
0.21811460258780038 0.3432531593966571 
0.1866913123844732 0.34977578475336313 
0.19038817005545286 0.3461883408071748 
0.133086876155268 0.34977578475336313 
0.22365988909426987 0.33289369559482984 
0.18299445471349354 0.33873749568816824 
0.1645101663585952 0.3461883408071748 
0.20702402957486138 0.3369634849455477 
0.17190388170055454 0.3408071748878923 
0.16820702402957485 0.3432531593966571 
0.19038817005545286 0.3461883408071748 
0.3179297597042514 0.3408071748878923 
0.20147874306839186 0.3432531593966571 
0.17929759704251386 0.34977578475336313 
0.7578558225508318 0.32543241511851373 
0.34750462107208874 0.3369634849455477 
0.5656192236598891 0.3273542600896862 
0.22365988909426987 0.3408071748878923 
0.42513863216266173 0.32857725234406865 
0.37153419593345655 0.3318385650224215 
0.1977818853974122 0.3461883408071748 
0.2199630314232902 0.3432531593966571 
0.39371534195933455 0.3300448430493273 
0.3974121996303142 0.3292761050608584 
0.19038817005545286 0.3461883408071748 
0.19593345656192238 0.3432531593966571 
0.6025878003696857 0.3300448430493273 
0.16635859519408502 0.3542600896860987 
0.5878003696857671 0.33289369559482984 
0.3900184842883549 0.33408071748878926 
0.21811460258780038 0.3461883408071748 
0.3197781885397412 0.3354260089686098 
0.23844731977818853 0.3432531593966571 
0.266173752310536 0.3408071748878923 
0.2920517560073937 0.3369634849455477 
0.27171903881700554 0.33873749568816824 
0.3826247689463956 0.3308945008260561 
0.1977818853974122 0.3542600896860987 
0.21626617375231053 0.3461883408071748 
0.26062846580406657 0.3408071748878923 
0.2809611829944547 0.3369634849455477 
0.3179297597042514 0.3354260089686098 
0.2088724584103512 0.34977578475336313 
0.3456561922365989 0.33408071748878926 
0.35489833641404805 0.3318385650224215 
0.2698706099815157 0.33873749568816824 
0.35304990757855825 0.33289369559482984 
0.18114602587800369 0.3542600896860987 
0.5249537892791127 0.33408071748878926 
0.31608133086876156 0.3408071748878923 
0.21626617375231053 0.3461883408071748 
0.4658040665434381 0.3354260089686098 
0.3955637707948244 0.33873749568816824 
0.18484288354898337 0.34977578475336313 
0.43622920517560076 0.3369634849455477 
0.18299445471349354 0.3461883408071748 
0.4805914972273567 0.3308945008260561 
0.38632162661737524 0.3354260089686098 
0.2199630314232902 0.33873749568816824 
0.2144177449168207 0.3408071748878923 
0.4658040665434381 0.3318385650224215 
