#	 / Context	 / Mean	 / Max	 / Std. Dev.	 / Time	 / Std. Dev.
1	agm_100_10100_0.9_allComponents	0,5750592999999999	0,59134	0,012757642023944362	223960,7	54963,9078366684
2	agm_100_10100_1.0_allComponents	0,5678457	0,597232	0,014316184540193977	212137,8	49171,045503991016
3	agm_100_30100_0.9_allComponents	0,6044049	0,651782	0,02152003836453622	720321,3	38499,40454099402
4	agm_100_30100_1.0_allComponents	0,6002539	0,62772	0,016110183649204943	731530,1	50009,89042501715
5	agm_100_90100_0.9_allComponents	0,6859136	0,981512	0,14721298768579416	2856582,0	939641,7578235749
6	agm_100_90100_1.0_allComponents	0,6628723	0,946963	0,10272389697961122	3594126,2	295412,8772149244
7	agm_200_180200_0.9_allComponents 0,7348975	0,989585	0,15326639184783974	4704956,1	1095406,681472274
8	agm_200_180200_1.0_allComponents 0,7183343999999999	1,016767	0,15385498937144967	3381881,1	88354,19156937479
9	agm_200_20200_0.9_allComponents	0,5771417	0,595746	0,013969335218812499	1032532,1	184848,3555959978
10	agm_200_20200_1.0_allComponents	0,5955454	0,618793	0,01019758774525732	824052,1	128989,47301616862
11	agm_200_60200_0.9_allComponents	0,6469743	0,933845	0,10193634655787241	2551364,3	282579,3983986526
12	agm_200_60200_1.0_allComponents	0,6044875	0,630051	0,012482689331407906	1909406,8	229215,77874900127
13	agm_50_15050_0.9_allComponents	0,5861689999999999	0,617955	0,021183175021700588	380771,5	96803,59684461914
14	agm_50_15050_1.0_allComponents	0,616006	0,980947	0,12883418332362986	393482,6	96762,9209531098
15	agm_50_45050_0.9_allComponents	0,6033128	0,640262	0,024922067052669968	1006267,5	157276,25836176856
16	agm_50_45050_1.0_allComponents	0,6505223	0,989913	0,12156334173229291	1065104,7	112336,9791278307
17	agm_50_5050_0.9_allComponents	0,5597952	0,569156	0,009597822204368393	142520,2	82098,52154684503
18	agm_50_5050_1.0_allComponents	0,5607398	0,59285	0,01432060670502475	141732,4	75114,50169234225
