--- 0.0 0.0 ---
0.5083343417666271
0.6940416397259587
0.5074023340556819
0.5385336089266923
0.5650534048566218
0.5511084465255726
0.6034055390157773
0.6090015596614244
0.0373391909312912
0.1808568774606212
0.1276691999452551
0.04262265749430663
0.0074318445475637235
0.027131558488183365
0.01263888388412911
0.345745231511559
0.17553790468915934
0.006283836040216436
0.500000295711287
0.20213141780628816
0.022053092969661348
0.026993011720371093
0.10640388685727051
0.28723591014562144
0.0851766046103457
0.09578562087193783
0.05334076528412753
0.32446900682922863
0.10109753152935941
0.04806393569891657
0.058907238929017045
0.08003430084371002
0.08521430255991486
0.1064149958987505
0.1808568774606212
0.3351071006441617
0.14895110531283925
0.3085116076958915
0.6595745270379768
0.13300096880914863
0.6489363429640422
0.43085140700087515
0.23936356463629954
0.3882983626546459
0.2287262044903034
0.05356137727781459
0.36702158203994395
0.07988682880639007
0.281917165510535
0.12235860695349778
0.21276952777027378
0.18086170524730838
0.10110261591973552
0.32978768237884837
0.30851182829485385
0.10641078417158183
0.1914968350629642
0.31914953271900004
0.20213286126083613
0.20745112708108013
0.011361165530039467
0.032007456327119675
0.15425769912912912
0.07448011456336869
0.0691767627897593
0.0479187849813469
0.40425535125852313
0.25000032972453645
0.3617022885930827
0.12766459148789264
0.1702145229850485
0.20744796781434832
0.2340433666664549
0.2500000958216493
0.1861710069605262
0.22872357425889003
0.1595772618344799
0.14362075642502736
0.005800464037122842
0.5851063852707761
0.40957448166315064
0.011914747688866101
0.0268535804693646
0.03731341247861903
0.04260543489040835
0.07980041072952904
0.10639011919061117
0.1755340063950367
0.08511690895281718
0.08512319670785973
0.006824075337791613
0.4095744997776858
0.21808548435980804
0.0169789720446322
0.026939090039951014
0.03216307098468832
0.0373391909312912
0.06386462803942164
0.09043393235627661
0.17553328497830115
0.13298148417391878
0.0426134718599475
0.012355564616842316
0.11170786136200894
0.006824075337791613
0.3829796820135839
0.3404271076974822
0.02705647227671671
0.06397360921031978
0.012355564616842316
0.048094178695816094
0.21277173287245205
0.15426973929455737
0.3617033602047521
0.09578025423509208
0.18085897678138518
0.27659849109292467
0.28191996991547136
0.08013260902741351
0.2500136260087974
0.4840431710501439
0.09589489945842149
0.21278438359712318
0.13834109672514044
0.44149108235102585
0.1808760077326348
0.40425792001721944
0.1277429293541511
0.39893925046968987
0.5055697017911706
0.2978727167763391
0.2127680527668631
0.06386998995123917
0.09576203449775096
0.1010742327584206
0.1489404705378761
0.18617309418134712
0.006824075337791613
0.675531914893617
0.026939090039951014
0.5159574494077457
0.24468145534284874
0.4787234854792708
0.4946808623058665
0.3670215011907981
0.007555208552638236
0.03731341247861903
0.03213007288322589
0.12234663468464582
0.07449392482618944
0.006283836040216436
0.36170253643683165
0.03731341247861903
0.011914747688866101
0.2925538422697413
0.2606392205844016
0.5000002242090829
0.16489543072657434
0.02689305367021997
0.06917296229993722
0.03213007288322589
0.10639139969013148
0.13298353975069013
0.5067993987437635
0.5065501247787624
0.6147426115526433
0.5691237214779543
0.5936832556760129
0.5501653540835416
0.5570167715303896
0.5641338005149367
0.5396692321196679
0.8045536703553445
0.5218684607378565
0.697279534903024
0.6646199518661323
0.8773879138008962
0.5086558404682399
0.5238402561774758
0.5137324258534945
0.5480576038459284
0.535824941246854
0.5744710406730467
0.5067993987437635
0.5268058205088894
0.686116705199672
0.6085440509034503
0.6541286070150246
0.8729675066757047
0.6896897363683457
0.6507475818511869
0.5693349568230657
0.50938350153894
0.5644814998229609
0.596606980813085
0.576951489819898
0.5062634659489991
0.5080396404599925
0.5060627262699472
0.5691491959539778
0.10646933407848408
0.3829792205283867
0.324469459090603
0.1755428787584916
0.1383262185864964
0.1436376191194662
0.20745481845723857
0.2287280011073907
0.2606417351149886
0.3031936018252448
0.28191758821049917
0.22340975573146407
0.5061741018733839
0.509076124777721
0.03252763486585073
0.6117021367509606
0.058612731921063595
0.4361702425260626
0.07981939986112031
0.18085271750379872
0.11703547545925619
0.26595775674959865
0.36170223516185657
0.13298353975069013
0.2978725358447712
0.13830109588804476
0.09044681287192995
0.06920561124665185
0.24468183395253013
0.04294670521677117
0.3031955423198964
0.05872149394349711
0.26596282767887997
0.022537210117086894
0.19681695353688763
0.10110845946899491
0.06399633415243575
0.0378542194354702
0.04817207498838631
0.1383262185864964
0.1861821610616667
0.8092099716437482
0.5074023340556819
0.5150160872058379
0.5086558404682399
0.5666608975122137
0.5461540433771711
0.5099161551200532
0.5218684607378565
0.509307441638634
