128.0 14.043478260869565
202.0 14.026315789473685
123.0 14.0625
149.0 14.037037037037036
161.0 14.033333333333333
155.0 14.035714285714286
175.0 14.03125
177.0 14.027777777777779
118.0 11.03448275862069
145.0 11.026315789473685
135.0 11.027027027027026
119.0 11.03225806451613
111.0 11.0625
116.0 11.05
113.0 11.058823529411764
176.0 11.02127659574468
144.0 11.026315789473685
111.0 11.055555555555555
205.0 11.020833333333334
149.0 11.025
115.0 11.052631578947368
116.0 11.045454545454545
131.0 11.030303030303031
165.0 11.023809523809524
127.0 11.038461538461538
129.0 11.03448275862069
121.0 11.041666666666666
172.0 11.022222222222222
130.0 11.033333333333333
120.0 11.043478260869565
122.0 11.058823529411764
126.0 11.055555555555555
127.0 11.043478260869565
131.0 11.033333333333333
145.0 11.026315789473685
174.0 11.021739130434783
139.0 11.030303030303031
169.0 11.022222222222222
235.0 11.01923076923077
136.0 11.03225806451613
233.0 11.020408163265307
192.0 11.020833333333334
156.0 11.023255813953488
184.0 11.02127659574468
154.0 11.024390243902438
121.0 11.055555555555555
180.0 11.020408163265307
126.0 11.041666666666666
164.0 11.024390243902438
134.0 11.030303030303031
151.0 11.025
145.0 11.029411764705882
130.0 11.03448275862069
173.0 11.020833333333334
169.0 11.022727272727273
131.0 11.03225806451613
147.0 11.027777777777779
171.0 11.02127659574468
149.0 11.026315789473685
150.0 11.025641025641026
113.0 11.041666666666666
117.0 11.03225806451613
140.0 11.022727272727273
125.0 11.025641025641026
124.0 11.029411764705882
120.0 11.030303030303031
187.0 11.018518518518519
158.0 11.02
179.0 11.019607843137255
135.0 11.024390243902438
143.0 11.022222222222222
150.0 11.021739130434783
155.0 11.02127659574468
158.0 11.018867924528301
146.0 11.020833333333334
154.0 11.01923076923077
141.0 11.023255813953488
138.0 11.023809523809524
111.0 11.052631578947368
221.0 11.017857142857142
188.0 11.018181818181818
113.0 11.05
116.0 11.04
118.0 11.03225806451613
119.0 11.030303030303031
126.0 11.026315789473685
131.0 11.025
144.0 11.022727272727273
127.0 11.025641025641026
127.0 11.027777777777779
111.0 11.058823529411764
188.0 11.018518518518519
152.0 11.02
114.0 11.052631578947368
116.0 11.043478260869565
117.0 11.041666666666666
118.0 11.03448275862069
123.0 11.030303030303031
128.0 11.025
144.0 11.021739130434783
136.0 11.022727272727273
119.0 11.03125
113.0 11.055555555555555
132.0 11.024390243902438
111.0 11.058823529411764
183.0 11.022727272727273
175.0 11.023809523809524
116.0 11.047619047619047
123.0 11.043478260869565
113.0 11.055555555555555
120.0 11.045454545454545
151.0 11.027027027027026
140.0 11.030303030303031
179.0 11.023255813953488
129.0 11.033333333333333
145.0 11.027777777777779
163.0 11.025
164.0 11.027777777777779
126.0 11.0625
158.0 11.033333333333333
202.0 11.022222222222222
129.0 11.05
151.0 11.03448275862069
137.0 11.038461538461538
194.0 11.025
145.0 11.035714285714286
187.0 11.026315789473685
135.0 11.045454545454545
186.0 11.027027027027026
121.0 14.058823529411764
167.0 11.020408163265307
151.0 11.023255813953488
123.0 11.03125
129.0 11.028571428571428
130.0 11.026315789473685
139.0 11.024390243902438
146.0 11.023809523809524
111.0 11.058823529411764
238.0 11.017543859649123
116.0 11.043478260869565
208.0 11.017857142857142
157.0 11.020833333333334
201.0 11.01923076923077
204.0 11.018181818181818
180.0 11.02
112.0 11.05
118.0 11.03225806451613
117.0 11.04
134.0 11.025
125.0 11.029411764705882
111.0 11.055555555555555
179.0 11.020833333333334
118.0 11.03225806451613
113.0 11.05
166.0 11.02127659574468
160.0 11.021739130434783
205.0 11.020408163265307
142.0 11.022222222222222
116.0 11.041666666666666
124.0 11.028571428571428
117.0 11.04
131.0 11.025641025641026
136.0 11.024390243902438
123.0 14.058823529411764
126.0 14.043478260869565
179.0 14.024390243902438
163.0 14.026315789473685
172.0 14.025
155.0 14.029411764705882
158.0 14.028571428571428
161.0 14.027027027027026
150.0 14.03125
230.0 14.021739130434783
140.0 14.033333333333333
203.0 14.022222222222222
194.0 14.022727272727273
247.0 14.020833333333334
128.0 14.045454545454545
141.0 14.035714285714286
133.0 14.043478260869565
154.0 14.030303030303031
148.0 14.03225806451613
165.0 14.027027027027026
123.0 14.058823529411764
143.0 14.033333333333333
200.0 14.021739130434783
177.0 14.024390243902438
191.0 14.022727272727273
246.0 14.020408163265307
201.0 14.020833333333334
190.0 14.023255813953488
163.0 14.027777777777779
127.0 14.055555555555555
161.0 14.029411764705882
173.0 14.025
166.0 14.025641025641026
123.0 14.055555555555555
128.0 14.041666666666666
125.0 14.045454545454545
218.0 11.020833333333334
131.0 11.043478260869565
183.0 11.02127659574468
172.0 11.023255813953488
144.0 11.029411764705882
137.0 11.03448275862069
138.0 11.03225806451613
150.0 11.028571428571428
154.0 11.026315789473685
160.0 11.025641025641026
168.0 11.024390243902438
164.0 11.025
153.0 11.027027027027026
121.0 14.0625
130.0 14.035714285714286
117.0 11.055555555555555
226.0 11.018181818181818
122.0 11.038461538461538
193.0 11.018518518518519
126.0 11.03125
145.0 11.022222222222222
133.0 11.028571428571428
161.0 11.02
179.0 11.01923076923077
136.0 11.024390243902438
167.0 11.019607843137255
137.0 11.023255813953488
128.0 11.029411764705882
124.0 11.03448275862069
157.0 11.021739130434783
119.0 11.052631578947368
168.0 11.027027027027026
122.0 11.047619047619047
161.0 11.027777777777779
115.0 11.0625
148.0 11.028571428571428
130.0 11.035714285714286
123.0 11.045454545454545
118.0 11.058823529411764
120.0 11.05
137.0 11.03448275862069
146.0 11.030303030303031
231.0 14.026315789473685
123.0 14.0625
135.0 14.035714285714286
128.0 14.045454545454545
162.0 14.027027027027026
153.0 14.03225806451613
127.0 14.058823529411764
140.0 14.033333333333333
129.0 14.043478260869565
