909.0 102.02 
830.0 684.0666666666667 
841.0 650.0526315789474 
843.0 342.03333333333336 
887.0 118.025 
881.0 226.03333333333333 
862.0 302.025 
886.0 220.03030303030303 
893.0 116.02380952380952 
847.0 338.030303030303 
849.0 312.03225806451616 
836.0 654.0625 
894.0 112.02325581395348 
898.0 110.02222222222223 
834.0 680.0555555555555 
905.0 102.0204081632653 
838.0 652.0555555555555 
833.0 682.0588235294117 
883.0 224.03125 
902.0 104.02083333333333 
859.0 302.02564102564105 
900.0 106.02173913043478 
845.0 340.03125 
851.0 310.030303030303 
853.0 308.0285714285714 
855.0 306.02777777777777 
857.0 304.0263157894737 
