828.0 684.0666666666667 
901.0 102.0204081632653 
841.0 342.03333333333336 
839.0 650.0526315789474 
877.0 226.03225806451613 
857.0 304.0263157894737 
889.0 205.03125 
890.0 118.02439024390245 
845.0 338.030303030303 
832.0 680.0555555555555 
834.0 654.0625 
847.0 312.03225806451616 
838.0 654.0588235294117 
887.0 207.03333333333333 
883.0 218.02777777777777 
898.0 110.02173913043478 
895.0 112.02272727272727 
853.0 308.0285714285714 
856.0 304.02702702702703 
849.0 312.03125 
851.0 308.02941176470586 
879.0 224.03030303030303 
881.0 220.02941176470588 
900.0 106.02127659574468 
894.0 115.02272727272727 
892.0 116.02325581395348 
