0.48717948717948717 0.007886948541784728 
0.1282051282051282 0.77288949065503 
0.2222222222222222 0.7018836602779791 
0.24786324786324787 0.16719809784745795 
0.3333333333333333 0.14196518668444538 
0.358974358974359 0.02997376365752892 
0.1623931623931624 0.7050518889929017 
0.1452991452991453 0.7697210962724272 
0.28205128205128205 0.1640422916984291 
0.29914529914529914 0.15773093543224073 
0.18803418803418803 0.7018878106893341 
0.452991452991453 0.011041879664248485 
0.4188034188034188 0.020506830944662536 
0.42735042735042733 0.011043193961177564 
0.39316239316239315 0.020508322345433126 
0.37606837606837606 0.026817744148608994 

0.4700854700854701 0.007886948541784728 
0.2564102564102564 0.7066290453077974 
0.28205128205128205 0.16719809784745795 
0.36752136752136755 0.14196518668444538 
0.37606837606837606 0.02997376365752892 
0.3504273504273504 0.154574187039801 
0.3162393162393162 0.15773093543224073 
0.38461538461538464 0.020508322345433126 
0.4188034188034188 0.020507560434169885 
0.4358974358974359 0.017351819220760064 
0.452991452991453 0.011042523401519871 

0.905982905982906 0.011041879664248485 
0.26495726495726496 0.7618418861825945 
0.3162393162393162 0.14196688255145065 
0.2905982905982906 0.6814069141229177 
0.7350427350427351 0.03470711016925736 
0.3504273504273504 0.14196518668444538 
0.27350427350427353 0.7429235206720132 
0.7521367521367521 0.03155091997242455 
0.7948717948717948 0.025240587833713368 
0.8461538461538461 0.022084716749065512 
0.811965811965812 0.022085478660328752 
0.8547008547008547 0.01577609148948301 
0.8888888888888888 0.012619679716415496 
0.8717948717948718 0.01577536199997566 
0.8803418803418803 0.01577466290586444 

0.2564102564102564 0.7066290453077974 
0.5384615384615384 0.007886353837291945 
0.28205128205128205 0.16719809784745795 
0.358974358974359 0.02997376365752892 
0.3333333333333333 0.15457537109108843 
0.3162393162393162 0.1640422916984291 
0.46153846153846156 0.014197506590968814 
0.4700854700854701 0.007887567034457236 
0.37606837606837606 0.026817744148608994 
0.41025641025641024 0.020508322345433126 
0.42735042735042733 0.017352518314871283 
0.5042735042735043 0.007886948541784728 
0.3247863247863248 0.15773226077368183 

0.4358974358974359 0.007886948541784728 
0.13675213675213677 0.8280986273704148 
0.23076923076923078 0.7066348436766022 
0.24786324786324787 0.16719968772277538 
0.3333333333333333 0.14196688255145065 
0.17094017094017094 0.7602647298676989 
0.21367521367521367 0.7602581583830534 
0.3418803418803419 0.02997376365752892 
0.29914529914529914 0.15457537109108843 
0.26495726495726496 0.1640422916984291 
0.2905982905982906 0.15773226077368183 
0.4188034188034188 0.011042523401519871 
0.358974358974359 0.026817744148608994 
0.37606837606837606 0.020508322345433126 
0.4017094017094017 0.017351819220760064 
0.3504273504273504 0.029972890370532853 
0.38461538461538464 0.020507560434169885 
0.39316239316239315 0.017352518314871283 

0.5641025641025641 0.007886353837291945 
0.17094017094017094 0.735037739097535 
0.24786324786324787 0.6671949833298025 
0.29914529914529914 0.12934634628996294 
0.38461538461538464 0.10884490407163726 
0.39316239316239315 0.022087982083050794 
0.20512820512820512 0.735030228829369 
0.21367521367521367 0.6672059358042116 
0.5213675213675214 0.007886948541784728 
0.42735042735042733 0.012622540770955003 
0.49572649572649574 0.011041879664248485 
0.46153846153846156 0.011043193961177564 
0.3333333333333333 0.11988050921618681 
0.3504273504273504 0.11987918387474575 

0.08547008547008547 0.77288949065503 
0.5128205128205128 0.007886948541784728 
0.24786324786324787 0.6798173879545717 
0.26495726495726496 0.16719968772277538 
0.3504273504273504 0.02997376365752892 
0.3247863247863248 0.15773093543224073 
0.11965811965811966 0.772881980386864 
0.1282051282051282 0.7050518889929017 
0.39316239316239315 0.011043193961177564 
0.452991452991453 0.011041879664248485 
0.21367521367521367 0.6798231863233766 
0.1623931623931624 0.7050467348872975 
0.38461538461538464 0.020508322345433126 
0.47863247863247865 0.007887567034457236 
0.2905982905982906 0.16719809784745795 
0.29914529914529914 0.15773226077368183 
0.4700854700854701 0.007888210771728622 

0.24786324786324787 0.9305976118764264 
0.8717948717948718 0.012619679716415496 
0.358974358974359 0.39115758030495945 
0.3418803418803419 0.8769521616427486 
0.6666666666666666 0.20820575191006163 
0.49572649572649574 0.3312145725753124 
0.7692307692307693 0.17508387942193607 
0.7777777777777778 0.03786046111836879 
0.39316239316239315 0.3848441757838166 
0.28205128205128205 0.9242714626577895 
0.29914529914529914 0.8832763509449122 
0.41025641025641024 0.34384119499108545 
0.3333333333333333 0.8832705525761073 
0.7521367521367521 0.17824147779405003 
0.717948717948718 0.19558143527837468 
0.8461538461538461 0.02523902937885676 
0.8205128205128205 0.028394900463504617 
0.46153846153846156 0.33752675533034193 
0.48717948717948717 0.331215694308111 
0.42735042735042733 0.34383960511576794 
0.4444444444444444 0.337528080671783 
0.6837606837606838 0.20504835588571535 
0.7008547008547008 0.19873832496096808 
0.8632478632478633 0.01892967462976691 
0.811965811965812 0.03312636940819149 
0.7948717948717948 0.03470435931521973 

0.9401709401709402 0.01261903597914411 
0.26495726495726496 0.9305976118764264 
0.358974358974359 0.8769521616427486 
0.37606837606837606 0.39115758030495945 
0.7521367521367521 0.037861422799048604 
0.7008547008547008 0.2082074477770669 
0.5384615384615384 0.32805818473984355 
0.7435897435897436 0.19873973062613287 
0.8034188034188035 0.034705232602215794 
0.41025641025641024 0.3848441757838166 
0.42735042735042733 0.34384119499108545 
0.3162393162393162 0.8832763509449122 
0.811965811965812 0.02839573405563723 
0.8461538461538461 0.025239791290120002 
0.29914529914529914 0.9242714626577895 
0.905982905982906 0.012619679716415496 
0.3333333333333333 0.880111085840712 
0.2905982905982906 0.9274309293931848 
0.717948717948718 0.20504984940495294 
0.8803418803418803 0.01577466290586444 
0.5128205128205128 0.3280591957374814 
0.8632478632478633 0.01893040411927426 
0.39316239316239315 0.38799998193284546 
0.4444444444444444 0.34068379896673906 
0.46153846153846156 0.33752675533034193 
0.47863247863247865 0.3343711909891897 
0.49572649572649574 0.3312145725753124 

0.5299145299145299 0.007886948541784728 
0.13675213675213677 0.77288949065503 
0.26495726495726496 0.679829757808022 
0.28205128205128205 0.16719968772277538 
0.3504273504273504 0.15457537109108843 
0.36752136752136755 0.03312807628732017 
0.19658119658119658 0.7018924222575063 
0.15384615384615385 0.7697210962724272 
0.1794871794871795 0.7050576873617066 
0.37606837606837606 0.022087982083050794 
0.4188034188034188 0.020508322345433126 
0.29914529914529914 0.1640422916984291 
0.3333333333333333 0.15773226077368183 
0.49572649572649574 0.007887567034457236 
0.452991452991453 0.011043193961177564 
0.47863247863247865 0.011041879664248485 
0.4358974358974359 0.017352518314871283 

