856.0 99.01960784313725 
814.0 584.0714285714286 
825.0 539.05 
828.0 200.03125 
838.0 184.03225806451613 
841.0 113.02380952380952 
818.0 541.0588235294117 
816.0 582.0625 
832.0 198.03030303030303 
834.0 194.02857142857144 
821.0 539.0526315789474 
852.0 101.02 
848.0 107.02127659574468 
849.0 101.02083333333333 
845.0 107.02222222222223 
843.0 111.02272727272727 

854.0 99.01960784313725 
829.0 542.0588235294117 
832.0 200.03125 
842.0 184.03225806451613 
843.0 113.02380952380952 
840.0 192.02702702702703 
836.0 194.02857142857144 
844.0 107.02222222222223 
848.0 107.02173913043478 
850.0 105.02083333333333 
852.0 101.0204081632653 

905.0 101.02 
830.0 577.0666666666667 
836.0 184.03333333333333 
833.0 526.0666666666667 
885.0 116.025 
840.0 184.03225806451613 
831.0 565.0714285714286 
887.0 114.02380952380952 
892.0 110.02272727272727 
898.0 108.02173913043478 
894.0 108.02222222222223 
899.0 104.02173913043478 
903.0 102.0204081632653 
901.0 104.02127659574468 
902.0 104.02083333333333 

829.0 542.0588235294117 
862.0 99.01923076923077 
832.0 200.03125 
841.0 113.02380952380952 
838.0 192.02777777777777 
836.0 198.03030303030303 
853.0 103.02083333333333 
854.0 99.02 
843.0 111.02272727272727 
847.0 107.02222222222223 
849.0 105.02127659574468 
858.0 99.01960784313725 
837.0 194.02941176470588 

850.0 99.01960784313725 
815.0 619.0769230769231 
826.0 542.0625 
828.0 200.03225806451613 
838.0 184.03333333333333 
819.0 576.0666666666667 
824.0 576.0625 
839.0 113.02380952380952 
834.0 192.02777777777777 
830.0 198.03030303030303 
833.0 194.02941176470588 
848.0 101.0204081632653 
841.0 111.02272727272727 
843.0 107.02222222222223 
846.0 105.02083333333333 
840.0 113.02325581395348 
844.0 107.02173913043478 
845.0 105.02127659574468 

865.0 99.01923076923077 
819.0 560.0714285714286 
828.0 517.0555555555555 
834.0 176.03125 
844.0 163.03225806451613 
845.0 108.02380952380952 
823.0 560.0666666666667 
824.0 517.0625 
860.0 99.01960784313725 
849.0 102.02222222222223 
857.0 101.02 
853.0 101.02083333333333 
838.0 170.02941176470588 
840.0 170.02857142857144 

809.0 584.0714285714286 
859.0 99.01960784313725 
828.0 525.0588235294117 
830.0 200.03225806451613 
840.0 113.02380952380952 
837.0 194.02857142857144 
813.0 584.0666666666667 
814.0 541.0588235294117 
845.0 101.02083333333333 
852.0 101.02 
824.0 525.0625 
818.0 541.0555555555555 
844.0 107.02222222222223 
855.0 99.02 
833.0 200.03125 
834.0 194.02941176470588 
854.0 99.0204081632653 

828.0 684.0666666666667 
901.0 102.0204081632653 
841.0 342.03333333333336 
839.0 650.0526315789474 
877.0 226.03225806451613 
857.0 304.0263157894737 
889.0 205.03125 
890.0 118.02439024390245 
845.0 338.030303030303 
832.0 680.0555555555555 
834.0 654.0625 
847.0 312.03225806451616 
838.0 654.0588235294117 
887.0 207.03333333333333 
883.0 218.02777777777777 
898.0 110.02173913043478 
895.0 112.02272727272727 
853.0 308.0285714285714 
856.0 304.02702702702703 
849.0 312.03125 
851.0 308.02941176470586 
879.0 224.03030303030303 
881.0 220.02941176470588 
900.0 106.02127659574468 
894.0 115.02272727272727 
892.0 116.02325581395348 

909.0 102.02 
830.0 684.0666666666667 
841.0 650.0526315789474 
843.0 342.03333333333336 
887.0 118.025 
881.0 226.03333333333333 
862.0 302.025 
886.0 220.03030303030303 
893.0 116.02380952380952 
847.0 338.030303030303 
849.0 312.03225806451616 
836.0 654.0625 
894.0 112.02325581395348 
898.0 110.02222222222223 
834.0 680.0555555555555 
905.0 102.0204081632653 
838.0 652.0555555555555 
833.0 682.0588235294117 
883.0 224.03125 
902.0 104.02083333333333 
859.0 302.02564102564105 
900.0 106.02173913043478 
845.0 340.03125 
851.0 310.030303030303 
853.0 308.0285714285714 
855.0 306.02777777777777 
857.0 304.0263157894737 

861.0 99.01960784313725 
815.0 584.0714285714286 
830.0 525.0666666666667 
832.0 200.03225806451613 
840.0 192.02777777777777 
842.0 115.02380952380952 
822.0 539.0555555555555 
817.0 582.0625 
820.0 541.0625 
843.0 108.02380952380952 
848.0 107.02222222222223 
834.0 198.03030303030303 
838.0 194.02941176470588 
857.0 99.02 
852.0 101.02083333333333 
855.0 101.02 
850.0 105.02127659574468 

