0.13214990138067062 0.33662667607621727 
0.6331360946745562 0.3216569363358354 
0.14201183431952663 0.33199541284403666 
0.514792899408284 0.3219610091743119 
0.40433925049309666 0.3222846996152708 
0.2445759368836292 0.3265221017514597 
0.20315581854043394 0.3288266537904393 
0.16962524654832348 0.3297655453618756 
0.26232741617357 0.3242766407904022 
0.3609467455621302 0.323394495412844 
0.2938856015779093 0.32381923207611285 
0.3826429980276134 0.3226299694189602 
0.08481262327416174 0.347604485219164 
