676.0 4.111111111111111 
767.0 4.05 
693.0 4.1 
700.0 4.083333333333333 
719.0 4.071428571428571 
746.0 4.052631578947368 
731.0 4.055555555555555 
699.0 4.090909090909091 
725.0 4.0625 
724.0 4.066666666666666 

672.0 4.111111111111111 
822.0 4.052631578947368 
714.0 4.0588235294117645 
779.0 4.055555555555555 
696.0 4.076923076923077 
695.0 4.090909090909091 
685.0 4.1 

675.0 4.111111111111111 
1079.0 4.033333333333333 
711.0 4.1 
786.0 4.090909090909091 
972.0 4.0344827586206895 
809.0 4.083333333333333 
821.0 4.071428571428571 
832.0 4.0625 
844.0 4.0588235294117645 
882.0 4.052631578947368 
891.0 4.05 
896.0 4.043478260869565 
930.0 4.037037037037037 
959.0 4.035714285714286 
917.0 4.038461538461538 
904.0 4.041666666666667 
909.0 4.04 

673.0 4.111111111111111 
815.0 4.052631578947368 
692.0 4.083333333333333 
717.0 4.076923076923077 
777.0 4.055555555555555 
740.0 4.0588235294117645 
730.0 4.0625 

662.0 4.076923076923077 
916.0 4.03030303030303 
667.0 4.0625 
856.0 4.03125 
800.0 4.032258064516129 
719.0 4.045454545454546 
698.0 4.052631578947368 
681.0 4.055555555555555 
728.0 4.038461538461538 
778.0 4.035714285714286 
744.0 4.037037037037037 
789.0 4.033333333333333 

1003.0 4.041666666666667 
696.0 6.1 
703.0 4.125 
903.0 4.052631578947368 
783.0 4.055555555555555 
907.0 4.043478260869565 
739.0 4.0588235294117645 
723.0 4.083333333333333 
705.0 4.111111111111111 
733.0 4.0625 

673.0 4.111111111111111 
818.0 4.055555555555555 
712.0 4.1 
770.0 4.083333333333333 
801.0 4.0588235294117645 
795.0 4.071428571428571 
784.0 4.076923076923077 

765.0 4.052631578947368 
638.0 4.111111111111111 
711.0 4.083333333333333 
756.0 4.0588235294117645 

666.0 4.111111111111111 
912.0 4.0588235294117645 
900.0 4.076923076923077 
783.0 4.083333333333333 
706.0 4.1 

691.0 4.1 
659.0 4.111111111111111 

