0.15976331360946747 0.347604485219164 
0.33925049309664695 0.3279816513761467 
0.1932938856015779 0.3440366972477063 
0.20710059171597633 0.33868501529051975 
0.2445759368836292 0.3348623853211008 
0.2978303747534517 0.3288266537904393 
0.2682445759368836 0.3297655453618756 
0.20512820512820512 0.3411175979983319 
0.2564102564102564 0.33199541284403666 
0.25443786982248523 0.33333333333333326 

0.15187376725838264 0.347604485219164 
0.4477317554240631 0.3288266537904393 
0.23471400394477318 0.33081489476524545 
0.3629191321499014 0.3297655453618756 
0.1992110453648915 0.33662667607621727 
0.19723865877712032 0.3411175979983319 
0.17751479289940827 0.3440366972477063 

0.15779092702169625 0.347604485219164 
0.9546351084812623 0.3226299694189602 
0.22879684418145957 0.3440366972477063 
0.3767258382642998 0.3411175979983319 
0.7435897435897436 0.32299905093324893 
0.42209072978303747 0.33868501529051975 
0.4457593688362919 0.3348623853211008 
0.46745562130177515 0.33199541284403666 
0.4911242603550296 0.33081489476524545 
0.5660749506903353 0.3288266537904393 
0.5838264299802761 0.3279816513761467 
0.5936883629191322 0.3258875149581173 
0.6607495069033531 0.32381923207611285 
0.717948717948718 0.323394495412844 
0.6351084812623274 0.3242766407904022 
0.6094674556213018 0.3253058103975536 
0.6193293885601578 0.3247706422018349 

0.15384615384615385 0.347604485219164 
0.4339250493096647 0.3288266537904393 
0.1913214990138067 0.33868501529051975 
0.2406311637080868 0.33662667607621727 
0.358974358974359 0.3297655453618756 
0.2859960552268245 0.33081489476524545 
0.26627218934911245 0.33199541284403666 

0.13214990138067062 0.33662667607621727 
0.6331360946745562 0.3216569363358354 
0.14201183431952663 0.33199541284403666 
0.514792899408284 0.3219610091743119 
0.40433925049309666 0.3222846996152708 
0.2445759368836292 0.3265221017514597 
0.20315581854043394 0.3288266537904393 
0.16962524654832348 0.3297655453618756 
0.26232741617357 0.3242766407904022 
0.3609467455621302 0.323394495412844 
0.2938856015779093 0.32381923207611285 
0.3826429980276134 0.3226299694189602 

0.8047337278106509 0.3253058103975536 
0.1992110453648915 0.9862385321100915 
0.21301775147928995 0.3520642201834862 
0.6074950690335306 0.3288266537904393 
0.3708086785009862 0.3297655453618756 
0.6153846153846154 0.3258875149581173 
0.28402366863905326 0.33081489476524545 
0.252465483234714 0.33868501529051975 
0.21696252465483234 0.347604485219164 
0.27218934911242604 0.33199541284403666 

0.15384615384615385 0.347604485219164 
0.43984220907297833 0.3297655453618756 
0.23076923076923078 0.3440366972477063 
0.34516765285996054 0.33868501529051975 
0.40631163708086787 0.33081489476524545 
0.39447731755424065 0.3348623853211008 
0.3727810650887574 0.33662667607621727 

0.33530571992110453 0.3288266537904393 
0.08481262327416174 0.347604485219164 
0.22879684418145957 0.33868501529051975 
0.3175542406311637 0.33081489476524545 

0.14003944773175542 0.347604485219164 
0.6252465483234714 0.33081489476524545 
0.6015779092702169 0.33662667607621727 
0.3708086785009862 0.33868501529051975 
0.21893491124260356 0.3440366972477063 

0.1893491124260355 0.3440366972477063 
0.126232741617357 0.347604485219164 

