1177.0 3.0416666666666665 
1012.0 3.0625 
1070.0 3.0588235294117645 
1136.0 3.0434782608695654 
983.0 3.076923076923077 
1092.0 3.0555555555555554 
1120.0 3.0526315789473686 
1008.0 3.0714285714285716 
1124.0 3.05 
1129.0 3.0476190476190474 
1132.0 3.0454545454545454 
1514.0 3.0256410256410255 
1259.0 3.0303030303030303 
1339.0 3.026315789473684 
1273.0 3.0294117647058822 
1295.0 3.0285714285714285 
1317.0 3.027027027027027 
1309.0 3.0277777777777777 
900.0 3.090909090909091 
904.0 3.0833333333333335 
