MSI    MAC     Extensibility       Elegance
197.0  15.666315789473686  1000.0  0.28976296991893413
89.0  16.3125  1000.0  0.2902474690587678
101.0  15.646825396825397  1000.0  0.29018086169498825
94.0  15.962121212121211  1000.0  0.2802736555004379
128.0  15.45010395010395  1000.0  0.2825079601644131
119.0  15.979626485568762  1000.0  0.2825079601644131
93.0  16.169934640522875  1000.0  0.29044510835211534
106.0  16.81904761904762  1000.0  0.29983095480467503
95.0  16.351170568561873  1000.0  0.2764246706481306
