0.6382978723404256 0.49738979118329474 
0.06382978723404255 0.5033715197215777 
0.30319148936170215 0.49873989919193545 
0.5531914893617021 0.4985498839907192 
0.12234042553191489 0.5005536806580889 
0.09042553191489362 0.5013051044083527 
0.5904255319148937 0.49837212783474305 

0.06914893617021277 0.5040603248259861 
0.425531914893617 0.49837212783474305 
0.16489361702127658 0.49873989919193545 
0.09574468085106383 0.5005536806580889 
0.1276595744680851 0.49894348690752416 

0.10638297872340426 1.0 
1.0 0.9933294663573088 
0.13297872340425532 0.9976798143851511 
0.6968085106382979 0.9944895591647335 
0.7393617021276596 0.9937023533311237 
0.4627659574468085 0.9946795743659494 
0.9095744680851063 0.9935711523588555 
0.2393617021276596 0.9964933558321032 
0.2765957446808511 0.9955916473317864 
0.3617021276595745 0.9948831620815378 
0.1702127659574468 0.9972447795823668 
0.3191489361702128 0.9953373192932361 

0.06382978723404255 0.5033715197215777 
0.22872340425531915 0.49916215519463764 
0.14361702127659576 0.5002269746797133 
0.09042553191489362 0.5005536806580889 

0.06382978723404255 0.5033715197215777 
0.3670212765957447 0.49894348690752416 
0.13829787234042554 0.49916215519463764 
0.09042553191489362 0.5013051044083527 
0.11702127659574468 0.5005536806580889 
0.11170212765957446 0.5009115014915478 

0.0797872340425532 0.5033715197215777 
0.2712765957446808 0.49750736815702 
0.10638297872340426 0.5009115014915478 
0.22340425531914893 0.49837212783474305 
0.21808510638297873 0.49939764411922183 
0.17553191489361702 0.5002269746797133 
0.14361702127659576 0.5005536806580889 

0.06382978723404255 0.5048475306595955 
0.5319148936170213 0.4985498839907192 
0.12234042553191489 0.5009115014915478 
0.32978723404255317 0.5005536806580889 
0.09042553191489362 0.5022235112142304 
0.4095744680851064 0.49873989919193545 
0.3404255319148936 0.49916215519463764 
0.3670212765957447 0.49894348690752416 

0.06382978723404255 0.5033715197215777 
0.48936170212765956 0.49873989919193545 
0.09042553191489362 0.5005536806580889 
0.0851063829787234 0.5027637505118056 
0.2393617021276596 0.49916215519463764 
0.19680851063829788 0.49939764411922183 
0.3670212765957447 0.49894348690752416 

0.06382978723404255 0.5040603248259861 
0.26063829787234044 0.49894348690752416 
0.12234042553191489 0.5009115014915478 
0.22872340425531915 0.49939764411922183 
0.09042553191489362 0.5017401392111368 

0.06382978723404255 0.5040603248259861 
0.15425531914893617 0.4985498839907192 
0.09574468085106383 0.5002269746797133 
0.09042553191489362 0.5009115014915478 

