215.0 14.022222222222222 
123.0 14.058823529411764 
126.0 14.043478260869565 
179.0 14.024390243902438 
147.0 14.033333333333333 
156.0 14.029411764705882 
163.0 14.026315789473685 
172.0 14.025 

123.0 15.0625 
216.0 14.025 
150.0 15.03448275862069 
160.0 14.047619047619047 
186.0 14.029411764705882 
205.0 14.026315789473685 
140.0 15.043478260869565 
166.0 14.035714285714286 
129.0 15.045454545454545 
177.0 14.03125 
143.0 15.035714285714286 
165.0 14.043478260869565 
128.0 15.05 

130.0 14.0625 
215.0 14.023255813953488 
164.0 14.026315789473685 
199.0 14.025641025641026 
135.0 14.047619047619047 
131.0 14.058823529411764 
141.0 14.041666666666666 
149.0 14.033333333333333 
155.0 14.029411764705882 
206.0 14.025 
208.0 14.024390243902438 
158.0 14.028571428571428 

123.0 14.066666666666666 
174.0 14.025641025641026 
128.0 14.047619047619047 
159.0 14.03225806451613 
143.0 14.033333333333333 
129.0 14.043478260869565 
142.0 14.035714285714286 
171.0 14.027027027027026 

128.0 14.066666666666666 
259.0 14.020833333333334 
133.0 14.05 
161.0 14.027027027027026 
142.0 14.047619047619047 
143.0 14.033333333333333 
200.0 14.026315789473685 
221.0 14.022222222222222 
150.0 14.03125 
212.0 14.023809523809524 
207.0 14.025 

131.0 17.066666666666666 
245.0 17.025 
136.0 17.05 
200.0 17.027027027027028 
237.0 17.025641025641026 
154.0 17.037037037037038 
150.0 17.045454545454547 
185.0 17.03030303030303 
171.0 17.032258064516128 
162.0 17.03448275862069 
143.0 17.047619047619047 

131.0 17.0625 
278.0 17.022222222222222 
222.0 17.026315789473685 
136.0 17.05 
265.0 17.023809523809526 
158.0 17.035714285714285 
170.0 17.029411764705884 
152.0 17.045454545454547 
220.0 17.02777777777778 
194.0 17.02857142857143 
146.0 17.047619047619047 

128.0 14.0625 
230.0 14.021739130434783 
140.0 14.033333333333333 
133.0 14.047619047619047 
130.0 14.058823529411764 
203.0 14.022222222222222 
158.0 14.03125 
139.0 14.043478260869565 
181.0 14.027777777777779 
190.0 14.027027027027026 
194.0 14.022727272727273 
137.0 14.045454545454545 

135.0 14.047619047619047 
247.0 14.020833333333334 
202.0 14.026315789473685 
166.0 14.027027027027026 
244.0 14.022222222222222 
142.0 14.041666666666666 
146.0 14.035714285714286 
161.0 14.030303030303031 
152.0 14.033333333333333 

123.0 14.0625 
199.0 14.025641025641026 
128.0 14.045454545454545 
185.0 14.030303030303031 
158.0 14.03125 
143.0 14.03448275862069 
129.0 14.043478260869565 
142.0 14.035714285714286 
193.0 14.026315789473685 

