0.5531914893617021 0.4967130703789636 
0.06382978723404255 0.5027637505118056 
0.0797872340425532 0.5002269746797133 
0.3617021276595745 0.4970714730349158 
0.19148936170212766 0.4985498839907192 
0.2393617021276596 0.497901596833629 
0.2765957446808511 0.49738979118329474 
0.324468085106383 0.4971722737819026 

0.06382978723404255 0.6686847447795824 
0.5585106382978723 0.4971722737819026 
0.2074468085106383 0.6640531242499401 
0.26063829787234044 0.5009115014915478 
0.39893617021276595 0.497901596833629 
0.5 0.49738979118329474 
0.15425531914893617 0.665540199737718 
0.2925531914893617 0.49894348690752416 
0.09574468085106383 0.6658669057160935 
0.35106382978723405 0.49820548143851506 
0.1702127659574468 0.6642567119655288 
0.2872340425531915 0.5002269746797133 
0.09042553191489362 0.6666183294663575 

0.10106382978723404 0.5033715197215777 
0.5531914893617021 0.49688393676145254 
0.28191489361702127 0.49738979118329474 
0.46808510638297873 0.4972782437979653 
0.1276595744680851 0.5009115014915478 
0.10638297872340426 0.5027637505118056 
0.1595744680851064 0.49992749419953586 
0.20212765957446807 0.4985498839907192 
0.23404255319148937 0.497901596833629 
0.5053191489361702 0.4971722737819026 
0.5159574468085106 0.4970714730349158 
0.25 0.4977626781571097 

0.06382978723404255 0.5040603248259861 
0.3351063829787234 0.4972782437979653 
0.09042553191489362 0.5009115014915478 
0.2553191489361702 0.49837212783474305 
0.1702127659574468 0.4985498839907192 
0.09574468085106383 0.5002269746797133 
0.16489361702127658 0.49894348690752416 
0.3191489361702128 0.49750736815702 

0.09042553191489362 0.5040603248259861 
0.7872340425531915 0.49648346867749427 
0.11702127659574468 0.5013051044083527 
0.26595744680851063 0.49750736815702 
0.16489361702127658 0.5009115014915478 
0.1702127659574468 0.4985498839907192 
0.4734042553191489 0.49738979118329474 
0.5851063829787234 0.4967130703789636 
0.2074468085106383 0.49820548143851506 
0.5372340425531915 0.49697547232350014 
0.5106382978723404 0.4971722737819026 

0.10638297872340426 1.0 
0.7127659574468085 0.9931119489559163 
0.13297872340425532 0.9972447795823668 
0.4734042553191489 0.9934470433310343 
0.6702127659574468 0.9932179189719793 
0.22872340425531915 0.995101830368652 
0.2074468085106383 0.9964933558321032 
0.39361702127659576 0.993988609997891 
0.3191489361702128 0.9943118030087568 
0.2712765957446808 0.9946795743659494 
0.1702127659574468 0.9968511766655618 

0.10638297872340426 0.9993111948955917 
0.8882978723404256 0.9926527455529776 
0.5904255319148937 0.9933294663573088 
0.13297872340425532 0.9972447795823668 
0.8191489361702128 0.9929151474975144 
0.25 0.9948831620815378 
0.31382978723404253 0.9938412720076433 
0.21808510638297873 0.9964933558321032 
0.5797872340425532 0.9935711523588555 
0.44148936170212766 0.9937023533311237 
0.18617021276595744 0.9968511766655618 

0.09042553191489362 0.5033715197215777 
0.6329787234042553 0.49663320891758306 
0.15425531914893617 0.4985498839907192 
0.11702127659574468 0.5009115014915478 
0.10106382978723404 0.5027637505118056 
0.48936170212765956 0.4967130703789636 
0.25 0.49820548143851506 
0.14893617021276595 0.5002269746797133 
0.3723404255319149 0.4976314771848416 
0.42021276595744683 0.49750736815702 
0.44148936170212766 0.4967965619067708 
0.13829787234042554 0.5005536806580889 

0.1276595744680851 0.5009115014915478 
0.723404255319149 0.49648346867749427 
0.48404255319148937 0.49738979118329474 
0.2925531914893617 0.49750736815702 
0.7074468085106383 0.4967130703789636 
0.16489361702127658 0.49992749419953586 
0.18617021276595744 0.49894348690752416 
0.26595744680851063 0.49804893482387697 
0.21808510638297873 0.4985498839907192 

0.06382978723404255 0.5033715197215777 
0.46808510638297873 0.4972782437979653 
0.09042553191489362 0.5005536806580889 
0.39361702127659576 0.49804893482387697 
0.25 0.49820548143851506 
0.1702127659574468 0.49873989919193545 
0.09574468085106383 0.5002269746797133 
0.16489361702127658 0.49894348690752416 
0.43617021276595747 0.49738979118329474 

