0.1423290203327172 1.0 
0.45286506469500926 0.3300448430493273 
0.16266173752310537 0.9955156950672645 
0.18114602587800369 0.34977578475336313 
0.3290203327171904 0.3318385650224215 
0.4288354898336414 0.3308945008260561 
0.21626617375231053 0.3369634849455477 
0.27911275415896486 0.3354260089686098 
0.2975970425138632 0.33408071748878926 
0.32532347504621073 0.33289369559482984 
0.19963031423290203 0.33873749568816824 
0.1922365988909427 0.3408071748878923 
0.1866913123844732 0.3461883408071748 

0.1589648798521257 1.0 
0.8096118299445472 0.32631942048982404 
0.17190388170055454 0.34977578475336313 
0.16266173752310537 0.9955156950672645 
0.45286506469500926 0.3273542600896862 
0.7855822550831792 0.3268161434977579 
0.37707948243992606 0.3300448430493273 
0.2975970425138632 0.3369634849455477 
0.22735674676524953 0.33873749568816824 
0.32532347504621073 0.3308945008260561 
0.17929759704251386 0.3461883408071748 
0.2088724584103512 0.3432531593966571 
0.22365988909426987 0.3408071748878923 
0.30129390018484287 0.33289369559482984 
0.3123844731977819 0.3318385650224215 

0.17744916820702403 0.3461883408071748 
0.4177449168207024 0.32793916942873863 
0.20147874306839186 0.3318385650224215 
0.2957486136783734 0.3292761050608584 
0.19038817005545286 0.3408071748878923 
0.27171903881700554 0.3308945008260561 
0.1866913123844732 0.3432531593966571 

0.133086876155268 0.34977578475336313 
0.6709796672828097 0.3250347920210298 
0.20147874306839186 0.3432531593966571 
0.4510166358595194 0.33873749568816824 
0.1922365988909427 0.3461883408071748 
0.47504621072088726 0.3369634849455477 
0.5378927911275416 0.3318385650224215 
0.6487985212569316 0.32631942048982404 
0.6247689463955638 0.3273542600896862 
0.5767097966728281 0.32857725234406865 
0.5582255083179297 0.3308945008260561 
0.600739371534196 0.32793916942873863 
0.5656192236598891 0.3300448430493273 
0.5693160813308688 0.3292761050608584 

0.6950092421441775 0.3273542600896862 
0.1423290203327172 0.3542600896860987 
0.48428835489833644 0.32857725234406865 
0.46395563770794823 0.3300448430493273 
0.31053604436229204 0.3308945008260561 
0.14972273567467653 0.34977578475336313 
0.2144177449168207 0.3432531593966571 
0.21626617375231053 0.33873749568816824 
0.1866913123844732 0.3461883408071748 
0.2809611829944547 0.3318385650224215 
0.24399260628465805 0.3354260089686098 
0.26062846580406657 0.33289369559482984 

0.1866913123844732 1.0 
0.4658040665434381 0.32793916942873863 
0.1922365988909427 0.9955156950672645 
0.19408502772643252 0.3542600896860987 
0.22365988909426987 0.33873749568816824 
0.32532347504621073 0.33289369559482984 
0.35304990757855825 0.3318385650224215 
0.4417744916820702 0.32857725234406865 
0.1977818853974122 0.34977578475336313 
0.20517560073937152 0.3461883408071748 
0.2088724584103512 0.3432531593966571 
0.21626617375231053 0.3408071748878923 

0.12754158964879853 0.3542600896860987 
0.13863216266173753 0.3432531593966571 
0.13123844731977818 0.3461883408071748 

0.133086876155268 0.34977578475336313 
0.6266173752310537 0.32631942048982404 
0.17190388170055454 0.3408071748878923 
0.16266173752310537 0.3461883408071748 
0.5785582255083179 0.32857725234406865 
0.47504621072088726 0.3292761050608584 
0.37153419593345655 0.3308945008260561 
0.4713493530499076 0.3300448430493273 
0.2735674676524954 0.3369634849455477 
0.24399260628465805 0.33873749568816824 
0.29390018484288355 0.3318385650224215 
0.2920517560073937 0.33289369559482984 
0.6025878003696857 0.3273542600896862 

0.1534195933456562 0.34977578475336313 
0.2144177449168207 0.3408071748878923 
0.16081330868761554 0.3461883408071748 
0.20702402957486138 0.3432531593966571 

0.1589648798521257 0.3542600896860987 
0.4195933456561922 0.3292761050608584 
0.24029574861367836 0.3308945008260561 
0.4048059149722736 0.3300448430493273 
0.17190388170055454 0.3432531593966571 
0.17005545286506468 0.34977578475336313 
0.19593345656192238 0.3408071748878923 
0.22181146025878004 0.3354260089686098 
0.21072088724584104 0.3369634849455477 

