0.2971014492753623 0.3868167364437993 
0.427536231884058 0.12435392527833945 
0.4782608695652174 0.03469000215344256 
0.35507246376811596 0.34102350049081714 
0.5942028985507246 5.034021595897992E-7 
0.37681159420289856 0.3298892235581024 
0.3188405797101449 0.3756855994184942 
0.2608695652173913 0.40577630006604154 
0.43478260869565216 0.11322679852074341 
0.5 0.018980549608376005 
0.4855072463768116 0.02421874592544705 
0.2898550724637681 0.40315035980916125 
0.30434782608695654 0.38614049954274304 
0.13768115942028986 0.6361300119977514 
0.21014492753623187 0.6308873581734333 
0.16666666666666666 0.630889496810059 
0.5217391304347826 0.009164915746059973 
0.15217391304347827 0.6322007483912107 
0.5797101449275363 0.001309894369446839 
0.3115942028985507 0.3763400222259681 
0.39855072463768115 0.3259494660504821 
0.34057971014492755 0.37174990980711314 
0.3695652173913043 0.3305436463655762 
0.38405797101449274 0.3266098381562057 
0.32608695652173914 0.37240852763258353 
0.463768115942029 0.11191628132774345 
0.4492753623188406 0.11257151007463535 
0.6014492753623188 2.467657645022506E-7 
0.4927536231884058 0.020290483509588893 
0.572463768115942 0.0039275855993422155 
0.5434782608695652 0.005237340134855844 
0.5289855072463768 0.007855361881320645 
0.5579710144927537 0.0039278756803738995 
0.42028985507246375 0.3252950432430083 
0.12318840579710146 0.6524972942133922 
