817.0 692.1 
860.0 101.01960784313725 
833.0 599.0909090909091 
835.0 291.04 
841.0 272.0357142857143 
842.0 154.02777777777777 
825.0 622.125 
823.0 669.0833333333334 
854.0 107.02127659574468 
858.0 101.02 
844.0 152.02631578947367 
846.0 130.02325581395348 
827.0 622.1111111111111 
819.0 692.0909090909091 
828.0 605.1111111111111 
820.0 675.0909090909091 
837.0 289.037037037037 
839.0 274.03846153846155 
848.0 126.02272727272727 
850.0 113.02272727272727 
822.0 675.0833333333334 
830.0 605.1 
831.0 599.1 
852.0 109.02222222222223 
