817.0 692.1 
835.0 291.04 
842.0 154.02777777777777 
825.0 622.125 
858.0 101.02 
828.0 605.1111111111111 
820.0 675.0909090909091 
812.0 721.0714285714286 
836.0 274.037037037037 
845.0 130.02272727272728 
843.0 138.02702702702703 
816.0 717.0588235294117 
818.0 691.0666666666667 
795.0 1073.0666666666666 
805.0 1065.0555555555557 
799.0 1065.0588235294117 
848.0 115.02380952380952 
797.0 1067.0625 
856.0 103.02083333333333 
819.0 676.0909090909091 
831.0 599.0909090909091 
823.0 669.0769230769231 
827.0 606.1111111111111 
829.0 600.1 
821.0 670.0833333333334 
840.0 272.0344827586207 
838.0 273.0357142857143 
859.0 101.01960784313725 
844.0 132.02439024390245 
855.0 107.02083333333333 
851.0 109.02222222222223 
849.0 113.02272727272727 
853.0 107.02127659574468 
834.0 598.0909090909091 
793.0 1098.076923076923 
