0.2971014492753623 0.3868167364437993 
0.6086956521739131 2.467657645022506E-7 
0.41304347826086957 0.3259494660504821 
0.427536231884058 0.12435392527833945 
0.47101449275362317 0.11191708726716151 
0.4782608695652174 0.03469000215344256 
0.35507246376811596 0.34102350049081714 
0.34057971014492755 0.3717541048251097 
0.5652173913043478 0.0039278756803738995 
0.5942028985507246 5.034021595897992E-7 
0.4927536231884058 0.033380199780004415 
0.5072463768115942 0.01898089549780912 
0.3695652173913043 0.34101441128515775 
0.3115942028985507 0.38681078714554956 
0.37681159420289856 0.3298892235581024 
0.3188405797101449 0.3756855994184942 
0.4420289855072464 0.12304314063285107 
0.45652173913043476 0.1132277307469649 
0.5217391304347826 0.01636285837848062 
0.5362318840579711 0.007855361881320645 
0.3333333333333333 0.37568064166995274 
0.391304347826087 0.3298819521935749 
0.39855072463768115 0.32595541534873185 
0.5507246376811594 0.005237340134855844 

0.927536231884058 0.0013093490171072779 
0.2608695652173913 0.40577630006604154 
0.427536231884058 0.3697830456549801 
0.43478260869565216 0.11322679852074341 
0.5 0.018980549608376005 
0.8405797101449275 0.011128564204955074 
0.4855072463768116 0.02421874592544705 
0.3333333333333333 0.38351553694832013 
0.2898550724637681 0.40315035980916125 
0.30434782608695654 0.38614049954274304 
0.8695652173913043 0.007200939073846802 
0.8840579710144928 0.005891446796045882 
0.8985507246376812 0.0032734528729000557 
0.9130434782608695 0.001964038935931111 

0.9492753623188406 0.0013093490171072779 
0.26811594202898553 0.926046027737459 
0.38405797101449274 0.38745246145677387 
0.3115942028985507 0.8920066029583268 
0.8260869565217391 0.011128963243252315 
0.5072463768115942 0.3036638354956321 
0.427536231884058 0.3678166609334754 
0.463768115942029 0.3062857420093115 
0.9130434782608695 0.001964038935931111 
0.2826086956521739 0.9221127788638214 
0.2971014492753623 0.8959389828639509 
0.855072463768116 0.0072012849632799285 
0.4782608695652174 0.3062845564607472 
0.4927536231884058 0.3036647677218535 
0.8695652173913043 0.005891762942329689 
0.8840579710144928 0.0032737555661505055 
0.8985507246376812 0.001964317176920683 

0.5942028985507246 5.034021595897992E-7 
0.13768115942028986 0.6361300119977514 
0.4492753623188406 0.3697866413846916 
0.45652173913043476 0.1132277307469649 
0.30434782608695654 0.6289221762340308 
0.5072463768115942 0.023564323117973202 
0.2753623188405797 0.6302374799687891 
0.21014492753623187 0.6308873581734333 
0.16666666666666666 0.630889496810059 
0.5217391304347826 0.009164915746059973 
0.15217391304347827 0.6322007483912107 
0.5362318840579711 0.007855361881320645 
0.5507246376811594 0.005237340134855844 
0.5652173913043478 0.0039278756803738995 
0.5797101449275363 0.001309894369446839 
0.2898550724637681 0.6289240897510118 

0.9492753623188406 0.0013093490171072779 
0.3115942028985507 0.3763400222259681 
0.39855072463768115 0.3259494660504821 
0.43478260869565216 0.11388215355443876 
0.8768115942028986 0.009818976193175304 
0.5434782608695652 0.019635318305282964 
0.4782608695652174 0.10995155701476025 
0.4855072463768116 0.02421874592544705 
0.34057971014492755 0.37174990980711314 
0.3695652173913043 0.3305436463655762 
0.38405797101449274 0.3266098381562057 
0.32608695652173914 0.37240852763258353 
0.8913043478260869 0.007200939073846802 
0.9057971014492754 0.005891446796045882 
0.9202898550724637 0.0032734528729000557 
0.463768115942029 0.11191628132774345 
0.5144927536231884 0.022254150970307664 
0.5289855072463768 0.02029010347311532 
0.4492753623188406 0.11257151007463535 
0.5 0.022908993279581163 
0.9347826086956522 0.001964038935931111 

0.4782608695652174 0.03469000215344256 
0.6014492753623188 2.467657645022506E-7 
0.4927536231884058 0.020290483509588893 
0.5072463768115942 0.02029010347311532 
0.5217391304347826 0.009164915746059973 
0.572463768115942 0.0039275855993422155 
0.5434782608695652 0.005237340134855844 
0.5942028985507246 5.034021595897992E-7 
0.5289855072463768 0.007855361881320645 
0.5579710144927537 0.0039278756803738995 

1.0 0.0013096161284572667 
0.38405797101449274 0.43915545897691904 
0.5 0.020291302049685787 
0.4855072463768116 0.3062857420093115 
0.8623188405797102 0.009819338553533816 
0.4420289855072464 0.38220669133337243 
0.39855072463768115 0.3887613070717216 
0.9347826086956522 0.001964038935931111 
0.41304347826086957 0.3835228083128477 
0.8768115942028986 0.0072012849632799285 
0.8913043478260869 0.005891762942329689 
0.9057971014492754 0.0032737555661505055 
0.427536231884058 0.3822088299699982 
0.9202898550724637 0.001964317176920683 

0.9492753623188406 0.0013093490171072779 
0.2391304347826087 0.670166710015186 
0.5144927536231884 0.020290882547886132 
0.8913043478260869 0.007200939073846802 
0.4420289855072464 0.28599992830332877 
0.3115942028985507 0.6308873581734333 
0.34782608695652173 0.3750262188624789 
0.42028985507246375 0.3252950432430083 
0.427536231884058 0.2899278816477551 
0.2536231884057971 0.6649277318256839 
0.26811594202898553 0.6413685107566255 
0.391304347826087 0.35276805266066014 
0.4057971014492754 0.32922752938610106 
0.36231884057971014 0.3710954869996393 
0.37681159420289856 0.35669818523521474 
0.2826086956521739 0.6374388576126991 
0.2971014492753623 0.6322007483912107 
0.9057971014492754 0.005891446796045882 
0.9202898550724637 0.0032734528729000557 
0.9347826086956522 0.001964038935931111 

0.9492753623188406 0.0013093490171072779 
0.12318840579710146 0.6524972942133922 
0.4420289855072464 0.12435291847402026 
0.16666666666666666 0.6322007483912107 
0.5797101449275363 0.0039275855993422155 
0.9202898550724637 0.0032734528729000557 
0.47101449275362317 0.11322679852074341 
0.4927536231884058 0.034689510845028554 
0.5072463768115942 0.02029010347311532 
0.13768115942028986 0.6413685107566255 
0.5217391304347826 0.018980549608376005 
0.5362318840579711 0.009164553385701461 
0.15217391304347827 0.6361300119977514 
0.5507246376811594 0.00785503136475122 
0.5652173913043478 0.005237023988572038 
0.9347826086956522 0.001964038935931111 
0.9420289855072463 0.0013096161284572667 

0.9492753623188406 0.0013093490171072779 
0.2028985507246377 1.0 
0.2608695652173913 0.9378189262431936 
0.2753623188405797 0.41690508352280836 
0.5217391304347826 0.28403536655520084 
0.8623188405797102 0.011128564204955074 
0.463768115942029 0.3180641669952764 
0.3333333333333333 0.38614049954274304 
0.21739130434782608 0.9960692681371603 
0.2318840579710145 0.9417521751168313 
0.9202898550724637 0.005236721295321588 
0.2898550724637681 0.40577630006604154 
0.3188405797101449 0.39726880356888156 
0.8840579710144928 0.005891446796045882 
0.2463768115942029 0.9378220425422769 
0.8695652173913043 0.007200939073846802 

