0.28191489361702127 0.001691802010827581 
0.0797872340425532 0.0074318445475637235 
0.25 0.002610208816705235 
0.48404255319148937 7.733952049496339E-4 
0.09574468085106383 0.0053654292343387824 
0.2127659574468085 0.002800224017921473 
0.13829787234042554 0.0034579689452078196 
0.44148936170212766 0.0012325986078886076 
0.18085106382978725 0.003003811733510153 
0.40425531914893614 0.0014501160092807838 
0.1276595744680851 0.004614005484074928 
0.39893617021276595 0.0015676929830060068 
0.05319148936170213 0.5027637505118056 
