164.0 11.027777777777779 
126.0 11.0625 
131.0 11.05 
149.0 11.043478260869565 
152.0 11.03448275862069 
158.0 11.033333333333333 
123.0 14.0625 

123.0 14.0625 
232.0 14.026315789473685 
150.0 14.027777777777779 
231.0 14.027027027027026 
128.0 14.045454545454545 
132.0 14.035714285714286 
140.0 14.033333333333333 

123.0 14.0625 
202.0 11.022222222222222 
129.0 11.05 
128.0 14.05 
182.0 11.029411764705882 
151.0 11.03448275862069 
137.0 11.038461538461538 
194.0 11.025 
145.0 11.035714285714286 
187.0 11.026315789473685 
135.0 11.045454545454545 
186.0 11.027027027027026 

123.0 14.058823529411764 
243.0 14.027027027027026 
128.0 14.043478260869565 
228.0 14.03125 
180.0 14.03225806451613 
154.0 14.035714285714286 
142.0 14.041666666666666 
173.0 14.033333333333333 

123.0 14.066666666666666 
192.0 11.026315789473685 
134.0 14.045454545454545 
135.0 11.058823529411764 
157.0 11.043478260869565 
172.0 11.04 
148.0 11.047619047619047 
183.0 11.033333333333333 
141.0 11.05 
176.0 11.03448275862069 
128.0 14.047619047619047 

123.0 14.0625 
186.0 14.03225806451613 
128.0 14.045454545454545 
160.0 14.035714285714286 

123.0 14.0625 
267.0 14.025 
128.0 14.045454545454545 
206.0 14.027027027027026 
166.0 14.043478260869565 
255.0 14.026315789473685 
168.0 14.037037037037036 
200.0 14.03125 
180.0 14.03448275862069 
193.0 14.033333333333333 

121.0 14.058823529411764 
232.0 14.022222222222222 
173.0 14.025 
136.0 14.03448275862069 
223.0 14.023255813953488 
126.0 14.047619047619047 
134.0 14.041666666666666 
155.0 14.027777777777779 
156.0 14.027027027027026 
132.0 14.043478260869565 
230.0 14.022727272727273 

123.0 14.0625 
166.0 14.027027027027026 
133.0 14.03448275862069 
148.0 14.033333333333333 
151.0 14.027777777777779 
128.0 14.047619047619047 
129.0 14.045454545454545 

123.0 14.066666666666666 
212.0 14.028571428571428 
199.0 14.03125 
128.0 14.047619047619047 
143.0 14.03448275862069 
164.0 14.033333333333333 
135.0 14.045454545454545 

