0.28191489361702127 0.001691802010827581 
0.0797872340425532 0.0074318445475637235 
0.10638297872340426 0.0053654292343387824 
0.20212765957446807 0.00428729950569939 
0.21808510638297873 0.002800224017921473 
0.25 0.002610208816705235 
0.06382978723404255 0.5033715197215777 

0.06382978723404255 0.5033715197215777 
0.6436170212765957 0.49738979118329474 
0.2074468085106383 0.4976314771848416 
0.6382978723404256 0.49750736815702 
0.09042553191489362 0.5005536806580889 
0.11170212765957446 0.49894348690752416 
0.15425531914893617 0.4985498839907192 

0.06382978723404255 0.5033715197215777 
0.48404255319148937 7.733952049496339E-4 
0.09574468085106383 0.0053654292343387824 
0.09042553191489362 0.5013051044083527 
0.3776595744680851 0.0019619216596150225 
0.2127659574468085 0.002800224017921473 
0.13829787234042554 0.0034579689452078196 
0.44148936170212766 0.0012325986078886076 
0.18085106382978725 0.003003811733510153 
0.40425531914893614 0.0014501160092807838 
0.1276595744680851 0.004614005484074928 
0.39893617021276595 0.0015676929830060068 

0.06382978723404255 0.5027637505118056 
0.7021276595744681 0.49750736815702 
0.09042553191489362 0.5002269746797133 
0.6223404255319149 0.49820548143851506 
0.3670212765957447 0.49837212783474305 
0.22872340425531915 0.49894348690752416 
0.16489361702127658 0.49992749419953586 
0.32978723404255317 0.4985498839907192 

0.06382978723404255 0.5040603248259861 
0.4308510638297872 0.0014501160092807838 
0.12234042553191489 0.5005536806580889 
0.1276595744680851 0.006824075337791613 
0.24468085106382978 0.00428729950569939 
0.324468085106383 0.003712296983758478 
0.19680851063829788 0.004971826317533864 
0.3829787234042553 0.002610208816705235 
0.1595744680851064 0.0053654292343387824 
0.34574468085106386 0.002800224017921473 
0.09042553191489362 0.5009115014915478 

0.06382978723404255 0.5033715197215777 
0.39893617021276595 0.49837212783474305 
0.09042553191489362 0.5005536806580889 
0.26063829787234044 0.49894348690752416 

0.06382978723404255 0.5033715197215777 
0.8297872340425532 0.4971722737819026 
0.09042553191489362 0.5005536806580889 
0.5053191489361702 0.49750736815702 
0.2925531914893617 0.5002269746797133 
0.7659574468085106 0.49738979118329474 
0.30319148936170215 0.49916215519463764 
0.4734042553191489 0.49820548143851506 
0.3670212765957447 0.49873989919193545 
0.43617021276595747 0.4985498839907192 

0.05319148936170213 0.5027637505118056 
0.6436170212765957 0.4967130703789636 
0.32978723404255317 0.4971722737819026 
0.13297872340425532 0.49873989919193545 
0.5957446808510638 0.49688393676145254 
0.0797872340425532 0.5009115014915478 
0.12234042553191489 0.49992749419953586 
0.23404255319148937 0.4976314771848416 
0.2393617021276596 0.49750736815702 
0.11170212765957446 0.5002269746797133 
0.6329787234042553 0.4967965619067708 

0.06382978723404255 0.5033715197215777 
0.2925531914893617 0.49750736815702 
0.11702127659574468 0.49873989919193545 
0.19680851063829788 0.4985498839907192 
0.2127659574468085 0.4976314771848416 
0.09042553191489362 0.5009115014915478 
0.09574468085106383 0.5005536806580889 

0.06382978723404255 0.5040603248259861 
0.5372340425531915 0.4977626781571097 
0.46808510638297873 0.49820548143851506 
0.09042553191489362 0.5009115014915478 
0.1702127659574468 0.49873989919193545 
0.28191489361702127 0.4985498839907192 
0.1276595744680851 0.5005536806580889 

