1584.0 4.023255813953488 
1002.0 4.111111111111111 
1011.0 4.045454545454546 
1360.0 4.0256410256410255 
1528.0 4.024390243902439 
1141.0 4.029411764705882 
1254.0 4.0285714285714285 
1036.0 4.038461538461538 
1100.0 4.037037037037037 
1301.0 4.026315789473684 
1577.0 4.023809523809524 
1014.0 4.043478260869565 
1127.0 4.032258064516129 
1029.0 4.041666666666667 
1271.0 4.027777777777778 
1286.0 4.027027027027027 
1105.0 4.035714285714286 
1113.0 4.0344827586206895 
1119.0 4.033333333333333 
1033.0 4.04 
