989.0 4.1 
1736.0 4.020408163265306 
1031.0 4.090909090909091 
1081.0 4.0588235294117645 
1404.0 4.026315789473684 
1509.0 4.024390243902439 
1624.0 4.0212765957446805 
1602.0 4.023809523809524 
1094.0 4.05 
1712.0 4.020833333333333 
1051.0 4.066666666666666 
1212.0 4.033333333333333 
1338.0 4.029411764705882 
1348.0 4.027027027027027 
1271.0 4.032258064516129 
1280.0 4.03030303030303 
1034.0 4.083333333333333 
1039.0 4.071428571428571 
1036.0 4.076923076923077 
1108.0 4.0476190476190474 
1145.0 4.043478260869565 
1159.0 4.041666666666667 
1186.0 4.04 
1199.0 4.038461538461538 
1209.0 4.035714285714286 
1611.0 4.023255813953488 
