1011.0 4.125 
1834.0 4.019607843137255 
1047.0 4.090909090909091 
1409.0 4.025 
1019.0 4.111111111111111 
1566.0 4.0227272727272725 
1773.0 4.020833333333333 
1049.0 4.071428571428571 
1647.0 4.0212765957446805 
1090.0 4.041666666666667 
1383.0 4.026315789473684 
1054.0 4.0588235294117645 
1313.0 4.027027027027027 
1052.0 4.066666666666666 
1626.0 4.022222222222222 
1186.0 4.03030303030303 
1239.0 4.029411764705882 
1125.0 4.04 
1072.0 4.052631578947368 
1085.0 4.0476190476190474 
1284.0 4.0285714285714285 
1157.0 4.032258064516129 
1127.0 4.037037037037037 
1141.0 4.0344827586206895 
1801.0 4.020408163265306 
1830.0 4.02 
1178.0 4.03125 
1291.0 4.027777777777778 
1078.0 4.05 
1643.0 4.021739130434782 
