949.0 4.1 
1735.0 4.020833333333333 
958.0 4.090909090909091 
967.0 4.071428571428571 
1338.0 4.026315789473684 
1497.0 4.0256410256410255 
976.0 4.0476190476190474 
974.0 4.0625 
1281.0 4.029411764705882 
1510.0 4.024390243902439 
1592.0 4.023809523809524 
1128.0 4.03125 
1205.0 4.03030303030303 
1662.0 4.021739130434782 
1731.0 4.0212765957446805 
1121.0 4.035714285714286 
992.0 4.045454545454546 
971.0 4.066666666666666 
1022.0 4.043478260869565 
1048.0 4.04 
1079.0 4.038461538461538 
1123.0 4.032258064516129 
1309.0 4.027027027027027 
1100.0 4.037037037037037 
1033.0 4.041666666666667 
1294.0 4.027777777777778 
1607.0 4.023255813953488 
1629.0 4.0227272727272725 
1642.0 4.022222222222222 
1501.0 4.025 
