1018.0 4.111111111111111 
1814.0 4.021739130434782 
1043.0 4.1 
1115.0 4.055555555555555 
1379.0 4.026315789473684 
1705.0 4.025 
1276.0 4.0285714285714285 
1373.0 4.027777777777778 
1207.0 4.03030303030303 
1119.0 4.05 
1175.0 4.035714285714286 
1177.0 4.032258064516129 
1144.0 4.038461538461538 
1128.0 4.045454545454546 
1750.0 4.023809523809524 
1780.0 4.023255813953488 
1138.0 4.041666666666667 
1721.0 4.024390243902439 
1160.0 4.037037037037037 
1192.0 4.03125 
1132.0 4.043478260869565 
1794.0 4.0227272727272725 
1800.0 4.022222222222222 

1011.0 4.125 
1834.0 4.019607843137255 
1047.0 4.090909090909091 
1409.0 4.025 
1019.0 4.111111111111111 
1566.0 4.0227272727272725 
1773.0 4.020833333333333 
1049.0 4.071428571428571 
1647.0 4.0212765957446805 
1090.0 4.041666666666667 
1383.0 4.026315789473684 
1054.0 4.0588235294117645 
1313.0 4.027027027027027 
1052.0 4.066666666666666 
1626.0 4.022222222222222 
1186.0 4.03030303030303 
1239.0 4.029411764705882 
1125.0 4.04 
1072.0 4.052631578947368 
1085.0 4.0476190476190474 
1284.0 4.0285714285714285 
1157.0 4.032258064516129 
1127.0 4.037037037037037 
1141.0 4.0344827586206895 
1801.0 4.020408163265306 
1830.0 4.02 
1178.0 4.03125 
1291.0 4.027777777777778 
1078.0 4.05 
1643.0 4.021739130434782 

1584.0 4.023255813953488 
1002.0 4.111111111111111 
1011.0 4.045454545454546 
1360.0 4.0256410256410255 
1528.0 4.024390243902439 
1141.0 4.029411764705882 
1254.0 4.0285714285714285 
1036.0 4.038461538461538 
1100.0 4.037037037037037 
1301.0 4.026315789473684 
1577.0 4.023809523809524 
1014.0 4.043478260869565 
1127.0 4.032258064516129 
1029.0 4.041666666666667 
1271.0 4.027777777777778 
1286.0 4.027027027027027 
1105.0 4.035714285714286 
1113.0 4.0344827586206895 
1119.0 4.033333333333333 
1033.0 4.04 

878.0 5.083333333333333 
1698.0 4.025 
1024.0 4.1 
980.0 5.0476190476190474 
1363.0 4.0285714285714285 
1559.0 4.027777777777778 
1563.0 4.027027027027027 
1679.0 4.026315789473684 
1167.0 4.03125 
1263.0 4.03030303030303 
1359.0 4.029411764705882 
895.0 5.071428571428571 
938.0 5.066666666666666 
1053.0 4.090909090909091 
1111.0 4.041666666666667 
1147.0 4.04 
1076.0 4.071428571428571 
1093.0 4.045454545454546 
889.0 5.076923076923077 
940.0 5.0625 
970.0 5.05 
949.0 5.0588235294117645 
1690.0 4.0256410256410255 
958.0 5.055555555555555 
1158.0 4.0344827586206895 
966.0 5.052631578947368 
1079.0 4.0625 
1082.0 4.0588235294117645 
1087.0 4.05 
1152.0 4.037037037037037 
1089.0 4.0476190476190474 
1163.0 4.032258064516129 
1160.0 4.033333333333333 

949.0 4.1 
1735.0 4.020833333333333 
958.0 4.090909090909091 
967.0 4.071428571428571 
1338.0 4.026315789473684 
1497.0 4.0256410256410255 
976.0 4.0476190476190474 
974.0 4.0625 
1281.0 4.029411764705882 
1510.0 4.024390243902439 
1592.0 4.023809523809524 
1128.0 4.03125 
1205.0 4.03030303030303 
1662.0 4.021739130434782 
1731.0 4.0212765957446805 
1121.0 4.035714285714286 
992.0 4.045454545454546 
971.0 4.066666666666666 
1022.0 4.043478260869565 
1048.0 4.04 
1079.0 4.038461538461538 
1123.0 4.032258064516129 
1309.0 4.027027027027027 
1100.0 4.037037037037037 
1033.0 4.041666666666667 
1294.0 4.027777777777778 
1607.0 4.023255813953488 
1629.0 4.0227272727272725 
1642.0 4.022222222222222 
1501.0 4.025 

981.0 3.090909090909091 
964.0 4.1 
979.0 4.066666666666666 
974.0 4.071428571428571 
967.0 4.083333333333333 
971.0 4.076923076923077 

843.0 6.083333333333333 
934.0 4.083333333333333 

989.0 4.1 
1736.0 4.020408163265306 
1031.0 4.090909090909091 
1081.0 4.0588235294117645 
1404.0 4.026315789473684 
1509.0 4.024390243902439 
1624.0 4.0212765957446805 
1602.0 4.023809523809524 
1094.0 4.05 
1712.0 4.020833333333333 
1051.0 4.066666666666666 
1212.0 4.033333333333333 
1338.0 4.029411764705882 
1348.0 4.027027027027027 
1271.0 4.032258064516129 
1280.0 4.03030303030303 
1034.0 4.083333333333333 
1039.0 4.071428571428571 
1036.0 4.076923076923077 
1108.0 4.0476190476190474 
1145.0 4.043478260869565 
1159.0 4.041666666666667 
1186.0 4.04 
1199.0 4.038461538461538 
1209.0 4.035714285714286 
1611.0 4.023255813953488 

1371.0 4.0285714285714285 
816.0 4.066666666666666 
925.0 4.038461538461538 
854.0 4.045454545454546 
1100.0 4.037037037037037 
837.0 4.055555555555555 
1194.0 4.035714285714286 
1232.0 4.03125 
820.0 4.0625 
912.0 4.04 
1303.0 4.03030303030303 
1359.0 4.029411764705882 

730.0 5.090909090909091 
929.0 4.111111111111111 
925.0 5.041666666666667 
848.0 5.052631578947368 
912.0 5.0476190476190474 
785.0 5.083333333333333 
799.0 5.066666666666666 
827.0 5.0588235294117645 
831.0 5.055555555555555 
924.0 5.045454545454546 
790.0 5.076923076923077 

