783.0 4.052631578947368 
655.0 4.111111111111111 
725.0 4.0625 
722.0 4.076923076923077 
681.0 4.083333333333333 
676.0 4.090909090909091 
756.0 4.0588235294117645 
768.0 4.055555555555555 

963.0 4.052631578947368 
674.0 6.125 
677.0 4.111111111111111 
675.0 6.111111111111111 
777.0 4.055555555555555 
698.0 4.083333333333333 
726.0 4.076923076923077 
753.0 4.071428571428571 
759.0 4.066666666666666 
771.0 4.0588235294117645 

677.0 4.125 
783.0 4.055555555555555 
679.0 4.090909090909091 
686.0 4.083333333333333 
744.0 4.0588235294117645 
727.0 4.071428571428571 
733.0 4.066666666666666 

667.0 4.111111111111111 
776.0 4.052631578947368 
695.0 4.083333333333333 
730.0 4.076923076923077 
738.0 4.0588235294117645 
770.0 4.055555555555555 
736.0 4.0625 

673.0 4.125 
756.0 4.055555555555555 
706.0 4.076923076923077 
675.0 4.111111111111111 
731.0 4.071428571428571 
735.0 4.0625 
695.0 4.1 
700.0 4.083333333333333 
698.0 4.090909090909091 

756.0 4.052631578947368 
652.0 6.111111111111111 
668.0 4.111111111111111 
689.0 4.083333333333333 
721.0 4.076923076923077 
735.0 4.071428571428571 
754.0 4.055555555555555 
747.0 4.0588235294117645 
741.0 4.0625 

675.0 4.111111111111111 
790.0 4.052631578947368 
750.0 4.055555555555555 
688.0 4.090909090909091 
695.0 4.083333333333333 
722.0 4.071428571428571 
728.0 4.066666666666666 
739.0 4.0625 
743.0 4.0588235294117645 

687.0 4.111111111111111 
783.0 4.055555555555555 
713.0 4.076923076923077 
764.0 4.0625 
692.0 4.1 
768.0 4.0588235294117645 

675.0 4.111111111111111 
784.0 4.055555555555555 
699.0 4.083333333333333 
744.0 4.0588235294117645 
732.0 4.071428571428571 
704.0 4.076923076923077 
738.0 4.0625 

788.0 4.055555555555555 
672.0 6.125 
691.0 4.083333333333333 
688.0 6.1 
738.0 4.0588235294117645 
719.0 4.076923076923077 
674.0 6.111111111111111 
731.0 4.0625 

