0.06107109301597244 0.1581439930584266 
0.041027247103037894 0.15816556895566217 
0.009082367679298466 0.5266923220919855 
0.010335108048856874 0.36878326652755705 
0.012840588787973693 0.2634894121228828 
0.015032884434700909 0.15821604841334608 
0.014093329157532102 0.1582255942082285 
0.01252740369558409 0.28979762281896315 
0.013780144065142498 0.15825656933856114 
0.012214218603194488 0.2898088082826945 
0.030378953961791418 0.1581732569190453 
0.017851550266207328 0.1581812146355292 
0.016285624804259317 0.1581894565561732 
0.013153773880363295 0.2108420156003893 
0.011274663326025681 0.34242522967485534 
