0.06107109301597244 0.1581439930584266 
0.011901033510804886 0.4739901130562503 
0.041027247103037894 0.15816556895566217 
0.020357031005324145 0.15819799818302263 
0.03789539617914187 0.1581812146355292 
0.01252740369558409 0.3687451018118472 
0.013153773880363295 0.31610583351504357 
0.014093329157532102 0.21087299073072197 
0.014719699342311305 0.1582355143480081 
0.014406514249921704 0.1845540419894595 
0.017851550266207328 0.1582255942082285 
0.040400876918258694 0.1581732569190453 
0.019104290635765738 0.15820685616642205 

0.018791105543376135 0.2108519357401689 
0.009082367679298466 0.5266923220919855 
0.010335108048856874 0.36878326652755705 
0.015972439711869714 0.21090800609544622 
0.01659880989664892 0.21087299073072197 
0.018477920450986535 0.2108622526855399 

0.011587848418415283 0.42137369166408944 
0.035703100532414656 0.1581732569190453 
0.012214218603194488 0.3687222549072044 
0.012840588787973693 0.2634894121228828 
0.03445036016285625 0.1581894565561732 
0.024428437206388976 0.15820685616642205 
0.015032884434700909 0.15821604841334608 
0.014093329157532102 0.1582255942082285 
0.013466958972752897 0.2108420156003893 

0.009708737864077669 0.7108184776661003 
0.025994362668336986 0.2897222681159312 
0.014719699342311305 0.28974790964682406 
0.024115252113999373 0.2897390516634247 
0.01252740369558409 0.28979762281896315 
0.010335108048856874 0.6581735841844415 
0.011901033510804886 0.5002744938513377 
0.01096147823363608 0.5529147451444915 
0.012214218603194488 0.39505331250792763 
0.011274663326025681 0.5002861552922493 
0.014406514249921704 0.2897868847737811 

0.013780144065142498 0.5266464356779803 
0.01691199498903852 0.2108622526855399 
0.014406514249921704 0.47400282233677987 
0.016285624804259317 0.34240330616594195 
0.015972439711869714 0.44757153229241364 

0.011587848418415283 0.6055438758171819 
0.01816473535859693 0.2897571018937481 
0.014093329157532102 0.2897765678284101 
0.017225180081428124 0.28976664768863053 
0.011901033510804886 0.5002983237523306 
0.012840588787973693 0.44763614895026355 
0.013466958972752897 0.342414044211124 

0.009708737864077669 0.7108039105505431 
0.05668650172251801 0.15820685616642205 
0.031631694331349824 0.15821604841334608 
0.013780144065142498 0.15825656933856114 
0.010648293141246476 0.6055710677662216 
0.01096147823363608 0.44769461164069946 
0.013466958972752897 0.28979762281896315 
0.020983401190103352 0.1582255942082285 
0.011587848418415283 0.34244905957584826 
0.01973066082054494 0.1582458312933791 
0.012214218603194488 0.2898088082826945 
0.010021922956467273 0.6581602972093428 

0.013780144065142498 0.6581735841844415 
0.030378953961791418 0.1581732569190453 
0.017851550266207328 0.1581812146355292 
0.014719699342311305 0.5266325307040395 
0.015032884434700909 0.3160653125898285 
0.014093329157532102 0.5792489520962003 
0.015659254619480114 0.21082327755858288 
0.016285624804259317 0.1581894565561732 

0.01096147823363608 0.5265943659883296 
0.06514249921703727 0.21076737061417722 
0.013153773880363295 0.2108420156003893 
0.012214218603194488 0.3687334403709357 
0.04008769182586909 0.210781990347823 
0.06388975884747886 0.2107745586498864 
0.023802067021609773 0.21079763602769 
0.038208581271531476 0.2107896783112061 
0.022549326652051362 0.21081441957518343 
0.015659254619480114 0.21083246980550688 

0.010021922956467273 0.6582333755723875 
0.03977450673347949 0.2897571018937481 
0.013780144065142498 0.28976664768863053 
0.011274663326025681 0.34242522967485534 
0.010648293141246476 0.4739901130562503 
0.010335108048856874 0.6055571627922807 
0.012214218603194488 0.342414044211124 
0.012840588787973693 0.2897765678284101 

