0.02092050209205021 0.9715846994535512 
0.03486750348675035 0.9535022354694482 
0.7852161785216178 0.9029960429621251 
0.41283124128312415 0.9110477548111189 
0.5899581589958159 0.9065573770491799 
0.6931659693165969 0.9052823315118396 
0.499302649930265 0.9094262295081967 
0.37656903765690375 0.9168852459016389 
0.5188284518828452 0.9079344262295079 
0.7112970711297071 0.9040983606557373 
0.1701534170153417 0.9360655737704913 
0.31659693165969316 0.9192407247627259 
0.22315202231520223 0.9318032786885241 
0.2803347280334728 0.9218579234972673 
