915.0 4.111111111111111 

953.0 4.1 
919.0 4.125 
920.0 4.111111111111111 

925.0 4.090909090909091 

978.0 4.1 

1004.0 4.111111111111111 
1463.0 4.0344827586206895 
1087.0 4.090909090909091 
1125.0 4.066666666666666 
1196.0 4.043478260869565 
1323.0 4.038461538461538 
1397.0 4.037037037037037 
1258.0 4.041666666666667 
1170.0 4.05 
1272.0 4.04 
1410.0 4.035714285714286 
1138.0 4.055555555555555 
1131.0 4.0625 
1132.0 4.0588235294117645 

926.0 4.1 

942.0 4.111111111111111 
1399.0 4.04 
1022.0 4.071428571428571 
1127.0 4.052631578947368 
1237.0 4.05 
1060.0 4.066666666666666 
1101.0 4.055555555555555 
1311.0 4.0476190476190474 
1325.0 4.041666666666667 
1314.0 4.045454545454546 
1322.0 4.043478260869565 

1041.0 4.083333333333333 
1537.0 4.04 
1107.0 4.071428571428571 
1416.0 4.041666666666667 
1244.0 4.045454545454546 
1123.0 4.0625 
1351.0 4.043478260869565 
1165.0 4.052631578947368 
1151.0 4.0588235294117645 
1200.0 4.05 
1240.0 4.0476190476190474 

1432.0 4.043478260869565 
984.0 4.1 
1067.0 4.090909090909091 
1289.0 4.0476190476190474 
1122.0 4.076923076923077 
1168.0 4.0588235294117645 
1262.0 4.055555555555555 
1386.0 4.045454545454546 
1078.0 4.083333333333333 
1127.0 4.066666666666666 
1147.0 4.0625 
1275.0 4.052631578947368 

939.0 4.1 
937.0 4.111111111111111 

