0.02092050209205021 0.9715846994535512 

0.07391910739191074 0.9616393442622945 
0.026499302649930265 0.9840163934426226 
0.02789400278940028 0.9715846994535512 

0.03486750348675035 0.9535022354694482 

0.1087866108786611 0.9616393442622945 

0.14504881450488144 0.9715846994535512 
0.7852161785216178 0.9029960429621251 
0.2608089260808926 0.9535022354694482 
0.3138075313807531 0.9318032786885241 
0.41283124128312415 0.9110477548111189 
0.5899581589958159 0.9065573770491799 
0.6931659693165969 0.9052823315118396 
0.499302649930265 0.9094262295081967 
0.37656903765690375 0.9168852459016389 
0.5188284518828452 0.9079344262295079 
0.7112970711297071 0.9040983606557373 
0.3319386331938633 0.9218579234972673 
0.32217573221757323 0.928073770491803 
0.32357043235704325 0.924783027965284 

0.03626220362622036 0.9616393442622945 

0.058577405857740586 0.9715846994535512 
0.6959553695955369 0.9079344262295079 
0.1701534170153417 0.9360655737704913 
0.31659693165969316 0.9192407247627259 
0.4700139470013947 0.9168852459016389 
0.22315202231520223 0.9318032786885241 
0.2803347280334728 0.9218579234972673 
0.5732217573221757 0.9147540983606552 
0.592747559274756 0.9094262295081967 
0.5774058577405857 0.9128166915052162 
0.5885634588563459 0.9110477548111189 

0.19665271966527198 0.9467213114754093 
0.8884239888423989 0.9079344262295079 
0.28870292887029286 0.9360655737704913 
0.7196652719665272 0.9094262295081967 
0.4797768479776848 0.9128166915052162 
0.3110181311018131 0.928073770491803 
0.6290097629009763 0.9110477548111189 
0.3695955369595537 0.9192407247627259 
0.3500697350069735 0.924783027965284 
0.41841004184100417 0.9168852459016389 
0.47419804741980476 0.9147540983606552 

0.7419804741980475 0.9110477548111189 
0.11715481171548117 0.9616393442622945 
0.23291492329149233 0.9535022354694482 
0.5425383542538355 0.9147540983606552 
0.30962343096234307 0.9409836065573765 
0.3737796373779637 0.924783027965284 
0.504881450488145 0.9218579234972673 
0.6778242677824268 0.9128166915052162 
0.2482566248256625 0.9467213114754093 
0.31659693165969316 0.9318032786885241 
0.34449093444909346 0.928073770491803 
0.5230125523012552 0.9192407247627259 

0.05439330543933055 0.9616393442622945 
0.05160390516039052 0.9715846994535512 

