0.15959786365064405 0.020275779916090742 
0.09896324222431668 0.02028227068133938 
0.12441093308199812 0.02027948892480426 
0.1536286522148916 0.02027897958910064 
0.03958529688972667 0.02029020383886547 
0.12064090480678605 0.020280013023861586 
0.08828149544454916 0.02028287919058143 
0.0609487904492617 0.02028482442504376 
0.06063462142632736 0.02028623114827072 
0.055922086082312285 0.020289351516156046 
0.026704366949418787 0.9569581129450603 
0.03298774740810556 0.055743175738930534 
0.057492931196983975 0.02028852963354339 
0.03581526861451461 0.020292961353513567 
0.034872761545711596 0.05067636075223066 
0.03550109959158027 0.038016974760016656 
