1464.0 472.04 
1553.0 100.01694915254237 
1473.0 468.037037037037 
1475.0 112.02127659574468 
1489.0 102.01886792452831 
1517.0 102.01851851851852 
1530.0 100.01851851851852 
1480.0 108.02127659574468 
1522.0 102.01785714285714 
1484.0 102.0204081632653 
1526.0 100.01923076923077 
1488.0 102.02 
1482.0 104.02127659574468 
1524.0 102.01724137931035 

1615.0 97.01754385964912 
1469.0 477.0416666666667 
1473.0 475.04 
1474.0 111.02439024390245 
1532.0 97.01785714285714 
1497.0 97.01923076923077 
1476.0 103.02222222222223 
1484.0 99.02 
1491.0 97.01960784313725 
1481.0 99.02083333333333 
1471.0 475.0416666666667 

1475.0 108.02083333333333 
1861.0 95.01282051282051 
1478.0 101.0204081632653 
1668.0 95.01538461538462 
1664.0 100.01538461538462 
1749.0 95.01428571428572 
1842.0 95.01408450704226 
1545.0 100.01724137931035 
1623.0 100.01694915254237 
1739.0 95.01492537313433 
1489.0 100.01851851851852 
1483.0 100.01886792452831 
1627.0 100.01666666666667 
1649.0 100.015625 
1746.0 95.01449275362319 

1469.0 109.02222222222223 
1982.0 97.01315789473684 
1484.0 99.02127659574468 
1482.0 104.02173913043478 
1835.0 97.01408450704226 
1481.0 107.02127659574468 
1497.0 97.02083333333333 
1710.0 97.01538461538462 
1595.0 97.01785714285714 
1472.0 107.02222222222223 
1633.0 97.01639344262296 
1542.0 97.01851851851852 
1537.0 97.0204081632653 
1474.0 107.02173913043478 
1539.0 97.01886792452831 
1538.0 97.02 

1454.0 467.03846153846155 
1742.0 95.01666666666667 
1476.0 111.02439024390245 
1472.0 467.0357142857143 
1533.0 95.01851851851852 
1635.0 95.01785714285714 
1649.0 95.01724137931035 
1482.0 95.02 
1531.0 95.01923076923077 
1471.0 467.037037037037 
1478.0 101.02127659574468 
1480.0 97.02083333333333 

2084.0 95.01282051282051 
1472.0 114.02127659574468 
1479.0 95.01851851851852 
1478.0 101.0204081632653 
1474.0 109.02173913043478 
1476.0 103.02083333333333 
1895.0 95.01351351351352 
1737.0 95.01449275362319 
1634.0 95.015625 
1547.0 95.01639344262296 
1546.0 95.01694915254237 

1474.0 109.02325581395348 
1716.0 95.01724137931035 
1482.0 95.02 
1478.0 101.0204081632653 
1532.0 95.01886792452831 
1476.0 103.02222222222223 
1607.0 95.01851851851852 
1703.0 95.01818181818182 
1710.0 95.01785714285714 

1469.0 482.0416666666667 
1588.0 97.01724137931035 
1473.0 475.0416666666667 
1474.0 116.02439024390245 
1477.0 97.01960784313725 
1538.0 97.01923076923077 
1582.0 97.01818181818182 
1543.0 97.01851851851852 
1475.0 103.02083333333333 
1471.0 480.0416666666667 

1471.0 482.04 
1915.0 95.01388888888889 
1473.0 472.0416666666667 
1476.0 116.02380952380952 
1747.0 95.01515151515152 
1588.0 95.01754385964912 
1658.0 95.015625 
1682.0 95.01538461538462 
1531.0 95.01818181818182 
1483.0 97.01923076923077 
1502.0 97.01886792452831 
1520.0 95.01960784313725 
1477.0 105.02222222222223 
1479.0 103.02127659574468 
1481.0 99.01960784313725 
1525.0 95.01851851851852 

1866.0 95.01428571428572 
1438.0 465.03846153846155 
1458.0 109.02380952380952 
1536.0 95.01785714285714 
1667.0 95.01639344262296 
1770.0 95.01587301587301 
1673.0 95.01612903225806 
1467.0 95.01960784313725 
1525.0 95.01851851851852 
1464.0 107.02222222222223 
1466.0 102.02127659574468 
1534.0 95.01818181818182 

