653.0 4.090909090909091 
927.0 4.04 
778.0 4.041666666666667 
673.0 4.055555555555555 
729.0 4.052631578947368 
670.0 4.066666666666666 
744.0 4.0476190476190474 
660.0 4.083333333333333 
661.0 4.076923076923077 
772.0 4.043478260869565 
668.0 4.071428571428571 

740.0 4.052631578947368 
680.0 4.111111111111111 
691.0 4.090909090909091 
713.0 4.0625 
705.0 4.076923076923077 
731.0 4.055555555555555 
694.0 4.083333333333333 
711.0 4.066666666666666 

915.0 4.041666666666667 
657.0 4.111111111111111 
708.0 4.076923076923077 
834.0 4.052631578947368 
743.0 4.055555555555555 
670.0 4.1 
844.0 4.0476190476190474 
904.0 4.045454545454546 
737.0 4.0588235294117645 

633.0 4.1 
626.0 4.111111111111111 

667.0 4.125 
807.0 4.038461538461538 
682.0 4.076923076923077 
668.0 4.111111111111111 
719.0 4.071428571428571 
735.0 4.052631578947368 
762.0 4.05 
723.0 4.0625 
794.0 4.04 
729.0 4.055555555555555 
764.0 4.0476190476190474 
776.0 4.045454545454546 
782.0 4.043478260869565 

645.0 4.125 
648.0 4.1 

682.0 4.083333333333333 
667.0 4.090909090909091 

664.0 6.125 
806.0 4.052631578947368 
672.0 4.111111111111111 
666.0 6.111111111111111 
758.0 4.055555555555555 
693.0 4.083333333333333 
736.0 4.076923076923077 
743.0 4.071428571428571 
751.0 4.0588235294117645 
746.0 4.0625 

665.0 4.111111111111111 
996.0 4.045454545454546 
837.0 4.052631578947368 
698.0 4.083333333333333 
791.0 4.066666666666666 
946.0 4.05 
674.0 4.1 
736.0 4.071428571428571 
718.0 4.076923076923077 
984.0 4.0476190476190474 

665.0 4.083333333333333 
852.0 4.04 
736.0 4.055555555555555 
693.0 4.071428571428571 
766.0 4.05 
831.0 4.0476190476190474 
684.0 4.076923076923077 
759.0 4.052631578947368 
842.0 4.045454545454546 
846.0 4.041666666666667 

