0.11666666666666667 0.3429064996760959 
0.6240740740740741 0.32646080760095014 
0.34814814814814815 0.32699920823436274 
0.1537037037037037 0.33148588017946684 
0.2574074074074074 0.330541317664708 
0.14814814814814814 0.3350752177355502 
0.2851851851851852 0.3289220676394073 
0.12962962962962962 0.3404592240696753 
0.13148148148148148 0.3383884524027041 
0.337037037037037 0.3275844263141589 
0.14444444444444443 0.33661350525958594 

0.2777777777777778 0.330541317664708 
0.16666666666666666 0.34943256795988376 
0.18703703703703703 0.3429064996760959 
0.22777777777777777 0.333729216152019 
0.21296296296296297 0.3383884524027041 
0.2611111111111111 0.33148588017946684 
0.1925925925925926 0.3404592240696753 
0.22407407407407406 0.3350752177355502 

0.6018518518518519 0.32699920823436274 
0.12407407407407407 0.34943256795988376 
0.21851851851851853 0.3383884524027041 
0.45185185185185184 0.330541317664708 
0.2833333333333333 0.33148588017946684 
0.14814814814814814 0.3458432304038004 
0.4703703703703704 0.3289220676394073 
0.5814814814814815 0.328222846037573 
0.2722222222222222 0.33254156769596194 

0.07962962962962963 0.3458432304038004 
0.06666666666666667 0.34943256795988376 

0.1425925925925926 0.35391923990498814 
0.40185185185185185 0.325963822400877 
0.17037037037037037 0.3383884524027041 
0.14444444444444443 0.34943256795988376 
0.2388888888888889 0.33661350525958594 
0.26851851851851855 0.330541317664708 
0.31851851851851853 0.32969121140142515 
0.2462962962962963 0.333729216152019 
0.37777777777777777 0.32646080760095014 
0.2574074074074074 0.33148588017946684 
0.32222222222222224 0.3289220676394073 
0.34444444444444444 0.328222846037573 
0.35555555555555557 0.3275844263141589 

0.10185185185185185 0.35391923990498814 
0.10740740740740741 0.3458432304038004 

0.17037037037037037 0.3404592240696753 
0.1425925925925926 0.3429064996760959 

0.13703703703703704 1.0 
0.4 0.330541317664708 
0.15185185185185185 0.34943256795988376 
0.14074074074074075 0.9955133280548957 
0.3111111111111111 0.33148588017946684 
0.19074074074074074 0.3404592240696753 
0.27037037037037037 0.3383884524027041 
0.2833333333333333 0.33661350525958594 
0.29814814814814816 0.33254156769596194 
0.28888888888888886 0.333729216152019 

0.1388888888888889 0.34943256795988376 
0.7518518518518519 0.328222846037573 
0.45740740740740743 0.330541317664708 
0.2 0.3404592240696753 
0.37222222222222223 0.3350752177355502 
0.6592592592592592 0.32969121140142515 
0.15555555555555556 0.3458432304038004 
0.27037037037037037 0.33661350525958594 
0.23703703703703705 0.3383884524027041 
0.7296296296296296 0.3289220676394073 

0.1388888888888889 0.3404592240696753 
0.48518518518518516 0.32646080760095014 
0.27037037037037037 0.33148588017946684 
0.19074074074074074 0.33661350525958594 
0.32592592592592595 0.32969121140142515 
0.4462962962962963 0.3289220676394073 
0.17407407407407408 0.3383884524027041 
0.31296296296296294 0.330541317664708 
0.4666666666666667 0.328222846037573 
0.4740740740740741 0.32699920823436274 

