1373.0 4.052631578947368 
1009.0 4.111111111111111 
1070.0 4.090909090909091 
1251.0 4.0588235294117645 
1367.0 4.055555555555555 
1142.0 4.076923076923077 
1189.0 4.071428571428571 
1203.0 4.066666666666666 
1247.0 4.0625 

946.0 4.111111111111111 

937.0 4.090909090909091 

999.0 4.1 

933.0 4.111111111111111 

1319.0 4.041666666666667 
985.0 4.1 
1139.0 4.076923076923077 
1165.0 4.0588235294117645 
1150.0 4.066666666666666 
1229.0 4.052631578947368 
1217.0 4.055555555555555 
1282.0 4.05 
1286.0 4.0476190476190474 

934.0 4.111111111111111 
1020.0 4.1 

986.0 4.111111111111111 
1054.0 4.076923076923077 
1030.0 4.090909090909091 
1033.0 4.083333333333333 

1059.0 4.111111111111111 
1324.0 4.045454545454546 
1137.0 4.0625 
1312.0 4.05 
1119.0 4.083333333333333 
1065.0 4.1 
1103.0 4.090909090909091 

978.0 4.111111111111111 

