0.010335108048856874 0.36878326652755705 
0.01096147823363608 0.31614084887976784 
0.12214218603194488 0.15798274918641853 
0.01252740369558409 0.1581439930584266 
0.09113686188537426 0.15799088574642758 
0.08769182586908864 0.15802557650615612 
0.06295020357031006 0.15803286006393466 
0.06044472283119324 0.1580658277465111 
0.03758221108675227 0.15808005352734908 
0.03632947071719386 0.1580902052582757 
0.01659880989664892 0.1580954986608303 
0.08800501096147824 0.15800876829589794 
0.014406514249921704 0.15813725772542703 
0.06201064829314125 0.15804445980410045 
0.01534606952709051 0.1581009454953428 
0.007516442217350454 0.7108184776661003 
0.008142812402129659 0.5792774241856983 
0.007829627309740057 0.7108039105505431 
0.010021922956467273 0.39505331250792763 
0.009708737864077669 0.5002744938513377 
0.011587848418415283 0.2898088082826945 
0.009082367679298466 0.5529147451444915 
