1461.0 103.02272727272727 
1463.0 101.02173913043478 
1818.0 95.01 
1468.0 95.01612903225806 
1719.0 95.01030927835052 
1708.0 95.01162790697674 
1629.0 95.01190476190476 
1621.0 95.01315789473684 
1548.0 95.01369863013699 
1544.0 95.01408450704226 
1481.0 95.01428571428572 
1709.0 95.01098901098901 
1474.0 95.01587301587301 
1626.0 95.01234567901234 
1477.0 95.01449275362319 
1452.0 116.02380952380952 
1454.0 111.02380952380952 
1453.0 116.02325581395348 
1460.0 104.02127659574468 
1459.0 108.02083333333333 
1465.0 100.02083333333333 
1457.0 110.02173913043478 
