1459.0 111.02173913043478 
1695.0 95.01449275362319 
1470.0 97.02083333333333 
1467.0 101.0204081632653 
1464.0 105.02083333333333 
1560.0 95.01818181818182 
1596.0 95.01785714285714 
1463.0 107.02173913043478 
1476.0 95.0204081632653 
1461.0 109.02173913043478 
1530.0 95.01851851851852 
1665.0 95.01612903225806 
1637.0 95.01666666666667 
1503.0 95.01886792452831 
1604.0 95.01724137931035 
1631.0 95.01694915254237 
1685.0 95.01538461538462 
1481.0 95.01960784313725 
1499.0 95.01923076923077 
1688.0 95.01515151515152 
1598.0 95.01754385964912 
1478.0 95.02 
