1459.0 111.02173913043478 
1695.0 95.01449275362319 
1470.0 97.02083333333333 
1467.0 101.0204081632653 
1464.0 105.02083333333333 
1560.0 95.01818181818182 
1596.0 95.01785714285714 
1463.0 107.02173913043478 
1476.0 95.0204081632653 
1461.0 109.02173913043478 
1530.0 95.01851851851852 
1665.0 95.01612903225806 
1637.0 95.01666666666667 
1503.0 95.01886792452831 
1604.0 95.01724137931035 
1631.0 95.01694915254237 
1685.0 95.01538461538462 
1481.0 95.01960784313725 
1499.0 95.01923076923077 
1688.0 95.01515151515152 
1598.0 95.01754385964912 
1478.0 95.02 

1457.0 114.02439024390245 
2108.0 95.01351351351352 
1741.0 95.01449275362319 
1461.0 108.02272727272727 
1459.0 109.02380952380952 
1463.0 103.02272727272727 
1458.0 114.02380952380952 
1544.0 100.01785714285714 
1585.0 97.01960784313725 
1587.0 95.01886792452831 
1465.0 101.02173913043478 
1475.0 100.01851851851852 
1537.0 100.01818181818182 
1639.0 95.01639344262296 
1699.0 95.01612903225806 
1468.0 100.02083333333333 
1599.0 95.01785714285714 
1626.0 95.01754385964912 
1717.0 95.01538461538462 
1737.0 95.01515151515152 
1594.0 95.01851851851852 
1632.0 95.01724137931035 
1598.0 95.01818181818182 
1472.0 100.01923076923077 
1469.0 100.0204081632653 
1740.0 95.01470588235294 

1459.0 114.02173913043478 
1864.0 95.01176470588236 
1461.0 103.02272727272727 
1460.0 109.02380952380952 
1484.0 95.01785714285714 
1468.0 100.01886792452831 
1698.0 95.01333333333334 
1780.0 95.01298701298701 
1602.0 95.01515151515152 
1679.0 95.01470588235294 
1537.0 95.015625 
1598.0 95.01538461538462 
1463.0 101.02173913043478 
1853.0 95.0126582278481 
1496.0 95.01694915254237 
1812.0 95.01282051282051 
1493.0 95.01724137931035 
1683.0 95.01388888888889 
1691.0 95.01369863013699 
1860.0 95.01190476190476 
1694.0 95.01351351351352 
1681.0 95.01449275362319 

1620.0 95.01886792452831 
1466.0 105.02083333333333 
1503.0 95.0204081632653 
1472.0 103.0204081632653 
1559.0 95.01923076923077 
1473.0 99.01818181818182 
1494.0 97.01785714285714 
1554.0 95.02 
1476.0 97.01923076923077 
1479.0 97.01818181818182 

1467.0 108.02173913043478 
2295.0 100.00990099009901 
1471.0 102.02083333333333 
1477.0 102.02 
1482.0 100.01923076923077 
2124.0 100.01030927835052 
2273.0 100.01010101010101 
2011.0 100.01063829787235 
1849.0 100.01162790697674 
1952.0 100.0111111111111 
1830.0 100.01234567901234 
1740.0 100.0125 
1734.0 100.01282051282051 
1659.0 100.01333333333334 
1485.0 100.01818181818182 
1538.0 100.01785714285714 
1960.0 100.01086956521739 
1544.0 100.01754385964912 
1593.0 100.01694915254237 
1633.0 100.01428571428572 
1611.0 100.01666666666667 
1651.0 100.01369863013699 
1842.0 100.01190476190476 
1630.0 100.015625 
1615.0 100.01639344262296 
1620.0 100.01612903225806 
1625.0 100.01587301587301 
1656.0 100.01351351351352 
1474.0 102.0204081632653 
1632.0 100.01515151515152 

1462.0 109.02325581395348 
1497.0 95.01886792452831 
1476.0 95.01923076923077 
1463.0 107.02325581395348 
1466.0 103.02222222222223 
1468.0 101.02083333333333 
1470.0 97.02083333333333 
1472.0 95.02083333333333 

1465.0 103.01785714285714 
1818.0 95.01 
1468.0 95.01612903225806 
1466.0 101.01724137931035 
1719.0 95.01030927835052 
1708.0 95.01162790697674 
1629.0 95.01190476190476 
1621.0 95.01315789473684 
1548.0 95.01369863013699 
1544.0 95.01408450704226 
1481.0 95.01428571428572 
1709.0 95.01098901098901 
1474.0 95.01587301587301 
1626.0 95.01234567901234 
1477.0 95.01449275362319 

1462.0 114.02127659574468 
1735.0 95.01298701298701 
1505.0 95.01492537313433 
1711.0 95.01470588235294 
1466.0 108.02325581395348 
1471.0 102.02173913043478 
1480.0 102.01851851851852 
1482.0 97.01886792452831 
1485.0 97.01818181818182 
1498.0 95.01724137931035 
1720.0 95.01428571428572 
1727.0 95.01315789473684 
1475.0 102.02127659574468 
1723.0 95.01369863013699 
1499.0 95.01612903225806 
1502.0 95.01587301587301 

1545.0 95.01960784313725 
1457.0 116.02272727272727 
1488.0 95.0204081632653 
1521.0 95.02 
1469.0 103.0204081632653 
1462.0 109.02272727272727 
1470.0 99.02173913043478 
1464.0 105.02127659574468 
1459.0 114.02380952380952 
1460.0 111.02272727272727 
1472.0 97.02083333333333 
1476.0 97.0204081632653 
1465.0 103.02127659574468 

1452.0 116.02380952380952 
1656.0 95.01694915254237 
1572.0 100.01818181818182 
1637.0 100.01785714285714 
1654.0 100.01694915254237 
1454.0 111.02380952380952 
1453.0 116.02325581395348 
1524.0 100.01886792452831 
1460.0 104.02127659574468 
1459.0 108.02083333333333 
1495.0 100.01960784313725 
1465.0 100.02083333333333 
1457.0 110.02173913043478 
1463.0 102.0204081632653 
1469.0 100.0204081632653 
1491.0 100.02 
1642.0 100.01754385964912 

