1459.0 109.02325581395348 
2561.0 97.00763358778626 
1482.0 97.02127659574468 
1479.0 103.02127659574468 
1465.0 103.02272727272727 
1463.0 109.02272727272727 
2235.0 97.008 
2533.0 97.0078125 
1788.0 97.01369863013699 
1617.0 97.01388888888889 
2022.0 97.01123595505618 
1938.0 97.01136363636364 
2150.0 97.00847457627118 
2230.0 97.00826446280992 
1792.0 97.01282051282051 
1867.0 97.0126582278481 
1562.0 97.01428571428572 
2130.0 97.0091743119266 
2091.0 97.00970873786407 
1516.0 97.01639344262296 
1552.0 97.01587301587301 
1913.0 97.01204819277109 
1884.0 97.01219512195122 
2055.0 97.01020408163265 
2081.0 97.00980392156863 
1915.0 97.01176470588236 
1496.0 97.0204081632653 
2042.0 97.01052631578948 
2548.0 97.00769230769231 
2142.0 97.00884955752213 
1557.0 97.01470588235294 
