1465.0 101.02083333333333 
2369.0 95.00869565217391 
1472.0 95.0204081632653 
1470.0 100.01851851851852 
2204.0 95.00943396226415 
2305.0 95.00934579439253 
2075.0 95.00990099009901 
2170.0 95.00980392156863 
1605.0 95.01587301587301 
1687.0 95.01538461538462 
1903.0 95.01162790697674 
1969.0 95.01063829787235 
2023.0 95.01020408163265 
1519.0 95.02 
1698.0 95.01492537313433 
1992.0 95.01052631578948 
2335.0 95.00877192982456 
1793.0 95.01369863013699 
1825.0 95.01333333333334 
1573.0 95.01639344262296 
1739.0 95.01449275362319 
1770.0 95.01428571428572 
1540.0 95.01785714285714 
1568.0 95.01666666666667 
1844.0 95.0125 
1871.0 95.01234567901234 
1725.0 95.01470588235294 
2194.0 95.00961538461539 
1792.0 95.01408450704226 
1883.0 95.01176470588236 
2005.0 95.01041666666667 
1527.0 95.01923076923077 
