1464.0 111.02325581395348 
2030.0 95.00787401574803 
1474.0 97.01923076923077 
1472.0 101.02127659574468 
1466.0 109.02127659574468 
1468.0 105.02222222222223 
1479.0 95.02 
1478.0 97.01886792452831 
1465.0 109.02222222222223 
1469.0 103.02127659574468 
1470.0 103.02 
1937.0 95.00952380952381 
1873.0 95.01123595505618 
1658.0 95.01428571428572 
1721.0 95.01388888888889 
1968.0 95.00854700854701 
2026.0 95.00826446280992 
1742.0 95.01234567901234 
1788.0 95.01204819277109 
1573.0 95.01724137931035 
1528.0 95.01754385964912 
1620.0 95.01492537313433 
1656.0 95.01449275362319 
1526.0 95.01785714285714 
1617.0 95.01515151515152 
1497.0 95.01886792452831 
1813.0 95.01176470588236 
1842.0 95.01162790697674 
1590.0 95.015625 
1865.0 95.01149425287356 
1492.0 95.01923076923077 
1730.0 95.01369863013699 
