1462.0 109.02127659574468 
2697.0 97.00595238095238 
1480.0 97.02173913043478 
1466.0 103.02127659574468 
1473.0 103.02 
1463.0 109.02 
2554.0 97.00602409638554 
2535.0 97.00621118012423 
2400.0 97.00632911392405 
2296.0 97.0078125 
2188.0 97.00826446280992 
2043.0 97.0111111111111 
1948.0 97.01136363636364 
1570.0 97.01587301587301 
1648.0 97.01538461538462 
1715.0 97.01408450704226 
1775.0 97.01333333333334 
1817.0 97.01234567901234 
1885.0 97.01162790697674 
2059.0 97.01075268817205 
1491.0 97.01851851851852 
1544.0 97.01724137931035 
2308.0 97.00740740740741 
1700.0 97.01428571428572 
2179.0 97.00840336134453 
1902.0 97.01149425287356 
1786.0 97.0125 
2100.0 97.01010101010101 
2141.0 97.00847457627118 
2343.0 97.0072463768116 
1668.0 97.01449275362319 
2117.0 97.00909090909092 
1566.0 97.01639344262296 
2364.0 97.00699300699301 
2384.0 97.00645161290322 
