1450.0 109.02127659574468 
2304.0 97.009009009009 
1454.0 103.02083333333333 
1451.0 109.02083333333333 
1461.0 97.01851851851852 
1459.0 102.02083333333333 
1876.0 97.01030927835052 
2092.0 97.01 
2112.0 97.00943396226415 
2226.0 97.00934579439253 
1759.0 97.01149425287356 
1657.0 97.01190476190476 
1854.0 97.01041666666667 
1458.0 103.0204081632653 
1589.0 97.01333333333334 
1645.0 97.01298701298701 
1509.0 97.01639344262296 
1470.0 97.01694915254237 
1564.0 97.01351351351352 
1551.0 97.01515151515152 
1528.0 97.01538461538462 
2094.0 97.00990099009901 
1524.0 97.015625 
1652.0 97.01282051282051 
1467.0 97.01754385964912 
1552.0 97.01492537313433 
1556.0 97.01470588235294 
1560.0 97.01388888888889 
