1461.0 115.02380952380952 
1696.0 95.0125 
1466.0 109.01886792452831 
1465.0 115.02222222222223 
1471.0 103.01785714285714 
1636.0 95.01315789473684 
1690.0 95.01298701298701 
1473.0 101.01724137931035 
1476.0 98.01960784313725 
1574.0 95.01492537313433 
1539.0 95.015625 
1608.0 95.01449275362319 
1512.0 95.01851851851852 
1485.0 95.01886792452831 
1478.0 96.01960784313725 
1534.0 95.01694915254237 
1518.0 95.01754385964912 
1481.0 95.01923076923077 
1623.0 95.01408450704226 
1631.0 95.01369863013699 
1535.0 95.01587301587301 
1627.0 95.01388888888889 
