1561.0 95.0125 
1636.0 95.01204819277109 
1480.0 95.01428571428572 
1548.0 95.01369863013699 
1483.0 95.01408450704226 
1646.0 95.01176470588236 
1557.0 95.01333333333334 
1641.0 95.01190476190476 
1450.0 109.02127659574468 
1454.0 103.02083333333333 
1451.0 109.02083333333333 
1461.0 97.01851851851852 
1459.0 102.02083333333333 
1458.0 103.0204081632653 
1470.0 97.01694915254237 
1467.0 97.01754385964912 
1798.0 91.01515151515152 
1698.0 91.01612903225806 
1792.0 91.01538461538462 
1656.0 93.02 
1658.0 91.01886792452831 
1670.0 91.01851851851852 
1689.0 91.01666666666667 
1676.0 91.01754385964912 
1683.0 91.01694915254237 
1479.0 95.02 
1472.0 95.0204081632653 
