3082.0 100.00689655172414 
1470.0 109.01923076923077 
1474.0 103.01960784313725 
1487.0 100.0204081632653 
1486.0 102.01960784313725 
3069.0 100.00699300699301 
2768.0 100.00709219858156 
1479.0 103.01886792452831 
1482.0 102.02083333333333 
2764.0 100.00714285714285 
2465.0 100.00751879699249 
2616.0 100.00740740740741 
2100.0 100.01041666666667 
2218.0 100.01 
1651.0 100.01612903225806 
1663.0 100.015625 
1766.0 100.01449275362319 
2409.0 100.00813008130082 
2311.0 100.00826446280992 
1557.0 100.01639344262296 
1780.0 100.01388888888889 
1865.0 100.0125 
2024.0 100.01136363636364 
1945.0 100.01149425287356 
1880.0 100.01176470588236 
1943.0 100.01162790697674 
1514.0 100.01785714285714 
2056.0 100.01086956521739 
2092.0 100.01075268817205 
2301.0 100.00833333333334 
2050.0 100.0111111111111 
2440.0 100.008 
2265.0 100.00952380952381 
2237.0 100.00961538461539 
2279.0 100.00877192982456 
