0.009708737864077669 0.6581874891583823 
0.10523019104290636 0.15810655253087055 
0.013780144065142498 0.5266192437289408 
0.01096147823363608 0.6581735841844415 
0.05731287190729721 0.15813073287158386 
0.07892264328217977 0.1581182763324285 
0.014406514249921704 0.47400282233677987 
0.016285624804259317 0.21087299073072197 
0.015032884434700909 0.3687334403709357 
0.01534606952709051 0.3161170189787749 
0.08549953022236141 0.1581123269405932 
0.03351080488568744 0.1581812146355292 
0.017851550266207328 0.1582255942082285 
0.030378953961791418 0.15821604841334608 
0.04603820858127153 0.1581732569190453 
0.01691199498903852 0.1582355143480081 
0.046664578766050735 0.15816556895566217 
0.03319761979329784 0.15819799818302263 
0.031631694331349824 0.15820685616642205 

0.010648293141246476 0.6582173339804996 
0.19981208894456623 0.157926818344781 
0.013153773880363295 0.3686551421248164 
0.01252740369558409 0.5265044063012989 
0.011587848418415283 0.5265218059115477 
0.015032884434700909 0.31599325723490906 
0.015659254619480114 0.210781990347823 
0.07641716254306295 0.15801862401918587 
0.10679611650485436 0.15800876829589794 
0.0416536172878171 0.15804851971315867 
0.06514249921703727 0.15803663347338642 
0.014406514249921704 0.3686238228263688 
0.016285624804259317 0.1580954986608303 
0.03758221108675227 0.15808005352734908 
0.017225180081428124 0.1580902052582757 
0.014719699342311305 0.3160653125898285 
0.16254306295020357 0.15793709030835085 
0.1813341684935797 0.157935308150737 
0.1841528343250861 0.15792846240244232 
0.1387409959285938 0.1579588326312403 
0.15502662073285312 0.15795248310331675 
0.11932352020043846 0.15799659561310062 
0.12997181334168492 0.15799371094087522 
0.1096147823363608 0.1580056258913715 
0.07579079235828375 0.15802206030584925 
0.06827435014093329 0.15802917544058803 
0.15972439711869715 0.1579484341289887 
0.040400876918258694 0.15807044322207206 
0.13592233009708737 0.15796326162293964 
0.13279047917319137 0.15798811820900938 
0.13560914500469778 0.15796785774640182 
0.13310366426558096 0.1579854065814382 
0.06670842467898529 0.15803286006393466 

0.010335108048856874 0.6845102669700198 
0.08393360476041341 0.15804851971315867 
0.011901033510804886 0.5265309981584717 
0.011587848418415283 0.6844685079054231 
0.013466958972752897 0.3686551421248164 
0.06514249921703727 0.1580658277465111 
0.08205449420607579 0.15806133215343263 
0.014093329157532102 0.3160225210955277 
0.015032884434700909 0.2371601464362493 
0.04572502348888193 0.1581123269405932 
0.03476354525524585 0.15813073287158386 
0.05637331663012841 0.1581009454953428 
0.02630754776072659 0.15820685616642205 
0.017851550266207328 0.15821604841334608 
0.015659254619480114 0.1845437250440885 
0.03319761979329784 0.15816556895566217 
0.028186658315064204 0.1581812146355292 
0.01659880989664892 0.1582255942082285 
0.06107109301597244 0.1580902052582757 
0.06357657375508925 0.15808005352734908 
0.03351080488568744 0.15813725772542703 
0.062323833385530845 0.15808505889468086 

0.010648293141246476 0.5265943659883296 
0.3974318822424053 0.21049268496385695 
0.016285624804259317 0.21090800609544622 
0.011901033510804886 0.3687451018118472 
0.014093329157532102 0.36871151686202236 
0.01096147823363608 0.5265607810385048 
0.35264641403069213 0.21049457166858282 
0.3466958972752897 0.21049949350699781 
0.3044159098026934 0.2105025961342519 
0.27184466019417475 0.21054162136768154 
0.2380206702160977 0.21055351170051168 
0.1926088318196054 0.21062840192379692 
0.16285624804259316 0.2106350454113467 
0.04447228311932352 0.21075367911758783 
0.0689007203257125 0.2107408301746351 
0.08988412151581585 0.2107066266504365 
0.10867522705919198 0.21068686461423286 
0.12182900093955527 0.21066088119626125 
0.14312558722204824 0.21064199789831695 
0.19761979329783902 0.21061897245759786 
0.01973066082054494 0.21082327755858288 
0.03632947071719386 0.2107896783112061 
0.27560288130285 0.21053096410640434 
0.08518634512997181 0.2107119200529911 
0.2352020043845913 0.2105571658724257 
0.14844973379267146 0.21063848169801008 
0.11212026307547761 0.21066494110531947 
0.21046038208581272 0.21060182797359903 
0.22330097087378642 0.2105590394097207 
0.28656435953648607 0.21052672767956102 
0.07516442217350454 0.21071736688750362 
0.21578452865643596 0.2105752540234011 
0.04321954274976511 0.21076737061417722 
0.2931412464766677 0.21052006197298978 
0.29940494832445974 0.21050581886320585 

0.006890072032571249 0.5265943659883296 
0.2743501409332916 0.2105730993787902 
0.008142812402129659 0.3687334403709357 
0.007203257124960852 0.5265827045474182 
0.010335108048856874 0.21082327755858288 
0.009708737864077669 0.34242522967485534 
0.14030692139054182 0.21060730713858838 
0.2079549013466959 0.21059917057857935 
0.21421860319448793 0.21058427913856265 
0.2499217037269026 0.21058195959961934 
0.10366426558095834 0.21063848169801008 
0.07171938615721891 0.2106492814560955 
0.13341684935797057 0.21061013233303602 
0.009395552771688067 0.3687222549072044 
0.05042279987472596 0.21068686461423286 
0.06796116504854369 0.21067775354559343 
0.025367992483557783 0.21076737061417722 
0.013153773880363295 0.210781990347823 
0.042593172564985904 0.2106916048323763 
0.03852176636392108 0.21073469772458933 
0.03131850923896023 0.2107408301746351 
0.2085812715314751 0.21059656580524302 
0.030065768869401818 0.21074715426374466 
0.07015346069527091 0.2106733732241322 
0.012214218603194488 0.21079763602769 
0.038834951456310676 0.21072874833275404 
0.04008769182586909 0.21072297392303138 
0.0413404321954275 0.21070148028684166 

0.011274663326025681 0.6582333755723875 
0.11587848418415284 0.052885433548106896 
0.06764797995615408 0.18452425910942646 
0.08455997494519261 0.05291115027410499 
0.11399937362981521 0.05289156599815268 
0.015659254619480114 0.263524427487607 
0.04854368932038835 0.1845540419894595 
0.013153773880363295 0.5266610027935374 
0.013780144065142498 0.4213996879197178 
0.014406514249921704 0.36878326652755705 
0.01252740369558409 0.5793087434841462 
0.07140620106482931 0.10562940990121829 
0.01659880989664892 0.2108958376353648 
0.07203257124960852 0.05298320562902445 
0.02223614155966176 0.2108519357401689 
0.03288443470090824 0.2108420156003893 
0.038834951456310676 0.18457596549837288 
0.04603820858127153 0.18456478003464155 
0.03476354525524585 0.21083246980550688 
0.03789539617914187 0.18458762693928438 
0.020983401190103352 0.2108622526855399 
0.07579079235828375 0.052974013382100435 
0.08174130911368618 0.05292529447340395 
0.07766990291262135 0.05294837185120757 
0.07986219855934858 0.05293272617134056 

0.011274663326025681 0.5792628570701411 
0.18853742561854056 0.157926818344781 
0.014406514249921704 0.2108420156003893 
0.013780144065142498 0.3161286804196864 
0.011901033510804886 0.5265943659883296 
0.01252740369558409 0.4213864009446191 
0.015972439711869714 0.1582458312933791 
0.015659254619480114 0.21083246980550688 
0.011587848418415283 0.5266192437289408 
0.012840588787973693 0.3687451018118472 
0.013153773880363295 0.36871151686202236 
0.15941121202630754 0.1579702214670394 
0.139367366113373 0.15801526495244725 
0.07203257124960852 0.1580954986608303 
0.09176323207015347 0.15808505889468086 
0.16911994989038523 0.1579445235811336 
0.18728468524898215 0.15793709030835085 
0.09834011901033511 0.15804445980410045 
0.11274663326025681 0.15803663347338642 
0.04541183839649233 0.1581732569190453 
0.03131850923896023 0.1581812146355292 
0.060131537738803635 0.1581123269405932 
0.07140620106482931 0.1581009454953428 
0.03069213905418102 0.1581894565561732 
0.059191982461634825 0.1581182763324285 
0.021609771374882555 0.15821604841334608 
0.12057626056999687 0.15802917544058803 
0.12965862824929533 0.15802557650615612 
0.050735984967115566 0.15813073287158386 
0.1368618853742562 0.15802206030584925 
0.020043845912934545 0.1582255942082285 
0.09458189790165988 0.15808005352734908 

0.011587848418415283 0.3161170189787749 
0.29470717193861573 0.1579484341289887 
0.013780144065142498 0.15825656933856114 
0.013153773880363295 0.28974790964682406 
0.24303163169433134 0.15796785774640182 
0.27466332602568116 0.1579655382074585 
0.20263075477607265 0.15798014441308222 
0.23238333855308488 0.15797759071373302 
0.0554337613529596 0.15813725772542703 
0.08111493892890699 0.1581244087824743 
0.14876291888506107 0.15802557650615612 
0.16943313498277482 0.15799954166133096 
0.18634512997181335 0.15798811820900938 
0.028499843407453804 0.1582458312933791 
0.08455997494519261 0.1581123269405932 
0.17663639210773568 0.15799659561310062 
0.28405887879736924 0.15795044085749338 
0.11431255872220482 0.15808005352734908 
0.1243344816786721 0.15807044322207206 
0.04541183839649233 0.15815094922201642 
0.0974005637331663 0.1581009454953428 
0.10710930159724397 0.1580954986608303 
0.035076730347635456 0.1581894565561732 
0.04384591293454432 0.15815813725772557 
0.13028499843407454 0.15804851971315867 
0.1387409959285938 0.15804445980410045 
0.09301597243971187 0.15810655253087055 
0.23989978077043533 0.15797263064384304 
0.11399937362981521 0.1580902052582757 
0.14249921703726903 0.15802917544058803 
0.1807077983088005 0.15799371094087522 
0.031005324146570624 0.1582255942082285 

0.5180081428124022 0.2894421564956947 
0.013153773880363295 0.5265405439533541 
0.014406514249921704 0.36870119991665135 
0.018477920450986535 0.28979762281896315 
0.01816473535859693 0.34239298922057093 
0.5139367366113373 0.28944469406123097 
0.419668023802067 0.28944730361444176 
0.015972439711869714 0.36868173398198933 
0.01691199498903852 0.34242522967485534 
0.4184152834325086 0.2894486363505458 
0.32477294080801755 0.28945852665531896 
0.37206388975884747 0.28945559619464556 
0.21046038208581272 0.28953476442127724 
0.2474162229877858 0.28952380266682054 
0.06984027560288131 0.28968504653882865 
0.07359849671155654 0.28967178635198587 
0.10585656122768557 0.28964199897574483 
0.3072345756341998 0.28947460845169787 
0.2765424365800188 0.28947814378875286 
0.040400876918258694 0.28969200270241846 
0.11024115252113999 0.2896261123750829 
0.1368618853742562 0.2895895731935607 
0.18665831506420294 0.2895596774995879 
0.16191669276542436 0.28956311378625127 
0.1415596617601002 0.28957022892099005 
0.16129032258064516 0.28956662998655813 
0.026933917945505793 0.28973051003657524 
0.19668023802067022 0.28954667937177353 
0.2079549013466959 0.2895436045458391 
0.27341058565612275 0.2894799556489938 
0.1948011274663326 0.28955303401203814 
0.3169433134982775 0.28947118624542817 
0.2621359223300971 0.28951127494744144 
0.25336673974318824 0.28951368412424505 
0.2665205136235515 0.2894914943378954 

0.009708737864077669 0.5266464356779803 
0.3548387096774194 0.21053691450746634 
0.01691199498903852 0.2108958376353648 
0.015972439711869714 0.3687451018118472 
0.011587848418415283 0.36878326652755705 
0.01096147823363608 0.5266325307040395 
0.252740369558409 0.21054655415718693 
0.3460695270905105 0.21054162136768154 
0.11274663326025681 0.2106964749195099 
0.059191982461634825 0.21070148028684166 
0.18603194487942373 0.21063168634460805 
0.15972439711869715 0.2106350454113467 
0.22611963670529284 0.2105590394097207 
0.251174444096461 0.21055351170051168 
0.11399937362981521 0.2106733732241322 
0.13748825555903538 0.2106691037968854 
0.041966802380206704 0.2107119200529911 
0.2198559348575008 0.21057744820277496 
0.2076417162543063 0.21059150799293946 
0.027560288130284997 0.21076737061417722 
0.038834951456310676 0.21075367911758783 
0.15189476980895708 0.21065305486554722 
0.14281240212965862 0.21065692030937555 
0.1963670529282806 0.21060453960117018 
0.20450986533041027 0.21059401210589385 
0.1525211399937363 0.21064559683274886 
0.021296586282492952 0.21087299073072197 
0.19229564672721577 0.21061301700526144 
0.35076730347635454 0.21053845932312676 
0.223614155966176 0.21056890449547758 
0.040400876918258694 0.21072297392303138 

