1459.0 114.02325581395348 
1764.0 95.01470588235294 
1472.0 109.02222222222223 
1463.0 114.02272727272727 
1611.0 95.015625 
1680.0 95.01515151515152 
1474.0 107.02222222222223 
1480.0 97.0204081632653 
1476.0 103.02083333333333 
1477.0 101.02083333333333 
1701.0 95.01492537313433 
1535.0 95.01754385964912 
1485.0 95.01923076923077 
1525.0 95.01886792452831 
1575.0 95.01724137931035 
1482.0 95.01960784313725 
1577.0 95.01694915254237 
1534.0 95.01818181818182 
1529.0 95.01851851851852 

1462.0 114.02439024390245 
2066.0 95.00787401574803 
1470.0 103.01785714285714 
1468.0 109.01785714285714 
1465.0 109.01851851851852 
1476.0 101.01612903225806 
1478.0 97.01694915254237 
1672.0 95.01136363636364 
1769.0 95.01098901098901 
1561.0 95.0125 
1636.0 95.01204819277109 
1474.0 103.01666666666667 
1480.0 95.01428571428572 
1548.0 95.01369863013699 
1483.0 95.01408450704226 
1475.0 101.01886792452831 
1947.0 95.00826446280992 
2007.0 95.00819672131148 
2016.0 95.0079365079365 
1871.0 95.00909090909092 
1923.0 95.00884955752213 
1809.0 95.01052631578948 
1843.0 95.01041666666667 
1778.0 95.01086956521739 
1670.0 95.01149425287356 
1646.0 95.01176470588236 
1938.0 95.00869565217391 
1557.0 95.01333333333334 
1862.0 95.00925925925925 
1852.0 95.01020408163265 
1861.0 95.00943396226415 
1853.0 95.01010101010101 
1641.0 95.01190476190476 

1461.0 115.02380952380952 
1696.0 95.0125 
1466.0 109.01886792452831 
1465.0 115.02222222222223 
1471.0 103.01785714285714 
1636.0 95.01315789473684 
1690.0 95.01298701298701 
1473.0 101.01724137931035 
1476.0 98.01960784313725 
1574.0 95.01492537313433 
1539.0 95.015625 
1608.0 95.01449275362319 
1512.0 95.01851851851852 
1485.0 95.01886792452831 
1478.0 96.01960784313725 
1534.0 95.01694915254237 
1518.0 95.01754385964912 
1481.0 95.01923076923077 
1623.0 95.01408450704226 
1631.0 95.01369863013699 
1535.0 95.01587301587301 
1627.0 95.01388888888889 

1462.0 109.02127659574468 
2697.0 97.00595238095238 
1480.0 97.02173913043478 
1466.0 103.02127659574468 
1473.0 103.02 
1463.0 109.02 
2554.0 97.00602409638554 
2535.0 97.00621118012423 
2400.0 97.00632911392405 
2296.0 97.0078125 
2188.0 97.00826446280992 
2043.0 97.0111111111111 
1948.0 97.01136363636364 
1570.0 97.01587301587301 
1648.0 97.01538461538462 
1715.0 97.01408450704226 
1775.0 97.01333333333334 
1817.0 97.01234567901234 
1885.0 97.01162790697674 
2059.0 97.01075268817205 
1491.0 97.01851851851852 
1544.0 97.01724137931035 
2308.0 97.00740740740741 
1700.0 97.01428571428572 
2179.0 97.00840336134453 
1902.0 97.01149425287356 
1786.0 97.0125 
2100.0 97.01010101010101 
2141.0 97.00847457627118 
2343.0 97.0072463768116 
1668.0 97.01449275362319 
2117.0 97.00909090909092 
1566.0 97.01639344262296 
2364.0 97.00699300699301 
2384.0 97.00645161290322 

1450.0 109.02127659574468 
2304.0 97.009009009009 
1454.0 103.02083333333333 
1451.0 109.02083333333333 
1461.0 97.01851851851852 
1459.0 102.02083333333333 
1876.0 97.01030927835052 
2092.0 97.01 
2112.0 97.00943396226415 
2226.0 97.00934579439253 
1759.0 97.01149425287356 
1657.0 97.01190476190476 
1854.0 97.01041666666667 
1458.0 103.0204081632653 
1589.0 97.01333333333334 
1645.0 97.01298701298701 
1509.0 97.01639344262296 
1470.0 97.01694915254237 
1564.0 97.01351351351352 
1551.0 97.01515151515152 
1528.0 97.01538461538462 
2094.0 97.00990099009901 
1524.0 97.015625 
1652.0 97.01282051282051 
1467.0 97.01754385964912 
1552.0 97.01492537313433 
1556.0 97.01470588235294 
1560.0 97.01388888888889 

1464.0 114.025 
1798.0 91.01515151515152 
1644.0 96.01886792452831 
1698.0 91.01612903225806 
1792.0 91.01538461538462 
1478.0 99.02173913043478 
1583.0 96.02 
1470.0 109.02380952380952 
1472.0 105.02272727272727 
1474.0 103.02272727272727 
1468.0 111.025 
1656.0 93.02 
1481.0 97.02127659574468 
1658.0 91.01886792452831 
1499.0 97.01960784313725 
1533.0 97.01923076923077 
1552.0 96.02083333333333 
1575.0 96.0204081632653 
1539.0 97.01886792452831 
1549.0 96.02127659574468 
1495.0 97.02 
1670.0 91.01851851851852 
1689.0 91.01666666666667 
1676.0 91.01754385964912 
1683.0 91.01694915254237 

1464.0 111.02325581395348 
2030.0 95.00787401574803 
1474.0 97.01923076923077 
1472.0 101.02127659574468 
1466.0 109.02127659574468 
1468.0 105.02222222222223 
1479.0 95.02 
1478.0 97.01886792452831 
1465.0 109.02222222222223 
1469.0 103.02127659574468 
1470.0 103.02 
1937.0 95.00952380952381 
1873.0 95.01123595505618 
1658.0 95.01428571428572 
1721.0 95.01388888888889 
1968.0 95.00854700854701 
2026.0 95.00826446280992 
1742.0 95.01234567901234 
1788.0 95.01204819277109 
1573.0 95.01724137931035 
1528.0 95.01754385964912 
1620.0 95.01492537313433 
1656.0 95.01449275362319 
1526.0 95.01785714285714 
1617.0 95.01515151515152 
1497.0 95.01886792452831 
1813.0 95.01176470588236 
1842.0 95.01162790697674 
1590.0 95.015625 
1865.0 95.01149425287356 
1492.0 95.01923076923077 
1730.0 95.01369863013699 

1465.0 101.02083333333333 
2369.0 95.00869565217391 
1472.0 95.0204081632653 
1470.0 100.01851851851852 
2204.0 95.00943396226415 
2305.0 95.00934579439253 
2075.0 95.00990099009901 
2170.0 95.00980392156863 
1605.0 95.01587301587301 
1687.0 95.01538461538462 
1903.0 95.01162790697674 
1969.0 95.01063829787235 
2023.0 95.01020408163265 
1519.0 95.02 
1698.0 95.01492537313433 
1992.0 95.01052631578948 
2335.0 95.00877192982456 
1793.0 95.01369863013699 
1825.0 95.01333333333334 
1573.0 95.01639344262296 
1739.0 95.01449275362319 
1770.0 95.01428571428572 
1540.0 95.01785714285714 
1568.0 95.01666666666667 
1844.0 95.0125 
1871.0 95.01234567901234 
1725.0 95.01470588235294 
2194.0 95.00961538461539 
1792.0 95.01408450704226 
1883.0 95.01176470588236 
2005.0 95.01041666666667 
1527.0 95.01923076923077 

3082.0 100.00689655172414 
1470.0 109.01923076923077 
1474.0 103.01960784313725 
1487.0 100.0204081632653 
1486.0 102.01960784313725 
3069.0 100.00699300699301 
2768.0 100.00709219858156 
1479.0 103.01886792452831 
1482.0 102.02083333333333 
2764.0 100.00714285714285 
2465.0 100.00751879699249 
2616.0 100.00740740740741 
2100.0 100.01041666666667 
2218.0 100.01 
1651.0 100.01612903225806 
1663.0 100.015625 
1766.0 100.01449275362319 
2409.0 100.00813008130082 
2311.0 100.00826446280992 
1557.0 100.01639344262296 
1780.0 100.01388888888889 
1865.0 100.0125 
2024.0 100.01136363636364 
1945.0 100.01149425287356 
1880.0 100.01176470588236 
1943.0 100.01162790697674 
1514.0 100.01785714285714 
2056.0 100.01086956521739 
2092.0 100.01075268817205 
2301.0 100.00833333333334 
2050.0 100.0111111111111 
2440.0 100.008 
2265.0 100.00952380952381 
2237.0 100.00961538461539 
2279.0 100.00877192982456 

1459.0 109.02325581395348 
2561.0 97.00763358778626 
1482.0 97.02127659574468 
1479.0 103.02127659574468 
1465.0 103.02272727272727 
1463.0 109.02272727272727 
2235.0 97.008 
2533.0 97.0078125 
1788.0 97.01369863013699 
1617.0 97.01388888888889 
2022.0 97.01123595505618 
1938.0 97.01136363636364 
2150.0 97.00847457627118 
2230.0 97.00826446280992 
1792.0 97.01282051282051 
1867.0 97.0126582278481 
1562.0 97.01428571428572 
2130.0 97.0091743119266 
2091.0 97.00970873786407 
1516.0 97.01639344262296 
1552.0 97.01587301587301 
1913.0 97.01204819277109 
1884.0 97.01219512195122 
2055.0 97.01020408163265 
2081.0 97.00980392156863 
1915.0 97.01176470588236 
1496.0 97.0204081632653 
2042.0 97.01052631578948 
2548.0 97.00769230769231 
2142.0 97.00884955752213 
1557.0 97.01470588235294 

