1463.0 111.02380952380952 
3066.0 94.00571428571429 
1464.0 103.02127659574468 
1467.0 103.01886792452831 
1471.0 99.02222222222223 
2809.0 94.0060975609756 
2496.0 94.00617283950618 
2840.0 94.00588235294117 
2238.0 94.00704225352112 
2444.0 94.00699300699301 
1473.0 97.02127659574468 
1474.0 97.02083333333333 
1476.0 95.02127659574468 
1814.0 94.009009009009 
1973.0 94.00884955752213 
1665.0 94.01219512195122 
2044.0 94.00787401574803 
2145.0 94.0078125 
1605.0 95.01204819277109 
2204.0 94.00763358778626 
1694.0 94.01136363636364 
1736.0 94.01123595505618 
1559.0 95.01694915254237 
1522.0 95.01724137931035 
1763.0 94.0111111111111 
1672.0 94.01204819277109 
1578.0 95.01538461538462 
1805.0 94.00943396226415 
1787.0 94.01 
1505.0 95.01851851851852 
1477.0 95.02 
1493.0 95.01960784313725 
2455.0 94.00689655172414 
2471.0 94.00671140939598 
1989.0 94.00854700854701 
2005.0 94.00840336134453 
2034.0 94.00826446280992 
2811.0 94.0059880239521 
2826.0 94.00595238095238 
2019.0 94.00833333333334 
2495.0 94.00653594771242 
2483.0 94.00662251655629 
1977.0 94.00877192982456 
1987.0 94.00862068965517 
1497.0 95.01923076923077 
1772.0 94.01063829787235 
1784.0 94.01030927835052 
1778.0 94.01052631578948 
1595.0 95.0125 
1582.0 95.01492537313433 
1768.0 94.01098901098901 
1600.0 95.01234567901234 
1587.0 95.01333333333334 
1590.0 95.01315789473684 
