1458.0 114.02272727272727 
2793.0 94.00666666666666 
1470.0 97.01886792452831 
1468.0 103.01754385964912 
2025.0 94.00847457627118 
2414.0 94.00840336134453 
1462.0 108.02272727272727 
1460.0 109.02127659574468 
1466.0 103.02 
2754.0 94.00704225352112 
2524.0 94.00709219858156 
1477.0 95.01724137931035 
1472.0 97.01694915254237 
1651.0 94.01234567901234 
1838.0 94.01086956521739 
1741.0 94.0111111111111 
1616.0 95.01075268817205 
1931.0 94.00970873786407 
1877.0 94.01 
1698.0 94.01190476190476 
2464.0 94.00787401574803 
1940.0 94.00925925925925 
1558.0 95.0126582278481 
1598.0 95.01219512195122 
1980.0 94.0091743119266 
1987.0 94.00909090909092 
1706.0 94.01176470588236 
1739.0 94.01123595505618 
2497.0 94.00751879699249 
1524.0 95.01470588235294 
1555.0 95.01298701298701 
1497.0 95.01515151515152 
1528.0 95.01388888888889 
1852.0 94.01010101010101 
2433.0 94.00833333333334 
1493.0 95.01538461538462 
2767.0 94.00675675675676 
2780.0 94.00671140939598 
2440.0 94.008 
2452.0 94.0079365079365 
2509.0 94.0072463768116 
2518.0 94.00719424460432 
1844.0 94.01020408163265 
2501.0 94.00746268656717 
1606.0 95.01123595505618 
1611.0 95.01098901098901 
1601.0 95.01204819277109 
1525.0 95.01408450704226 
1467.0 103.01923076923077 
