1458.0 110.02380952380952 
2926.0 95.00520833333333 
1470.0 95.01785714285714 
1466.0 101.01886792452831 
1462.0 107.02127659574468 
1464.0 103.02173913043478 
2703.0 95.0060606060606 
2497.0 95.00621118012423 
1460.0 109.02222222222223 
2018.0 95.00869565217391 
2180.0 95.00862068965517 
1593.0 95.01694915254237 
1474.0 95.01754385964912 
2420.0 95.0079365079365 
2303.0 95.008 
2187.0 95.00819672131148 
1779.0 95.01315789473684 
1681.0 95.01369863013699 
2787.0 95.00578034682081 
1900.0 95.00961538461539 
1974.0 95.00952380952381 
1598.0 95.015625 
1661.0 95.01492537313433 
2864.0 95.0054347826087 
2913.0 95.00526315789473 
1788.0 95.01204819277109 
1831.0 95.01190476190476 
2830.0 95.00561797752809 
2436.0 95.0072463768116 
2471.0 95.00689655172414 
1854.0 95.01086956521739 
1876.0 95.01063829787235 
1996.0 95.009009009009 
1835.0 95.01176470588236 
2851.0 95.00552486187846 
1663.0 95.01449275362319 
1675.0 95.01408450704226 
2486.0 95.00628930817611 
2840.0 95.00558659217877 
2430.0 95.00763358778626 
2476.0 95.00641025641026 
1984.0 95.00934579439253 
1995.0 95.00909090909092 
1986.0 95.0091743119266 
1881.0 95.01030927835052 
1889.0 95.01020408163265 
1892.0 95.00990099009901 
2185.0 95.00840336134453 
2475.0 95.00671140939598 
1595.0 95.01639344262296 
1890.0 95.01 
