1460.0 116.02439024390245 
3215.0 97.00420168067227 
1471.0 97.02173913043478 
1467.0 103.02173913043478 
1463.0 109.02325581395348 
1462.0 111.02439024390245 
2424.0 97.00546448087432 
2789.0 97.005291005291 
2873.0 97.00432900432901 
1883.0 97.00877192982456 
1777.0 97.00909090909092 
2045.0 97.00813008130082 
1949.0 97.00819672131148 
2365.0 97.00568181818181 
1658.0 97.01086956521739 
1720.0 97.01075268817205 
2101.0 97.0078125 
1891.0 97.00847457627118 
1947.0 97.00826446280992 
2341.0 97.0060606060606 
2297.0 97.00649350649351 
2140.0 97.00769230769231 
2224.0 97.00729927007299 
2187.0 97.00735294117646 
2262.0 97.00653594771242 
1597.0 97.01428571428572 
1568.0 97.01449275362319 
1755.0 97.00990099009901 
1727.0 97.01030927835052 
2166.0 97.00751879699249 
1603.0 97.01333333333334 
1625.0 97.0126582278481 
1522.0 97.01754385964912 
1501.0 97.01818181818182 
2185.0 97.00740740740741 
1528.0 97.01666666666667 
1547.0 97.01587301587301 
1640.0 97.01162790697674 
2858.0 97.00448430493273 
2819.0 97.0047619047619 
2834.0 97.00469483568075 
2843.0 97.0045871559633 
1490.0 97.02 
1476.0 97.0204081632653 
1560.0 97.01538461538462 
1764.0 97.00925925925925 
2354.0 97.00581395348837 
2249.0 97.0068493150685 
2235.0 97.00719424460432 
2246.0 97.00694444444444 
2236.0 97.00714285714285 
1631.0 97.01204819277109 
2796.0 97.00515463917526 
2804.0 97.005 
2811.0 97.00490196078431 
1497.0 97.01851851851852 
1762.0 97.00943396226415 
1890.0 97.00854700854701 
