3243.0 94.00442477876106 
1456.0 109.02272727272727 
1471.0 95.01923076923077 
1470.0 101.02 
1463.0 107.02083333333333 
1464.0 103.02173913043478 
1467.0 101.0204081632653 
1460.0 109.02222222222223 
1465.0 103.02127659574468 
2544.0 95.00680272108843 
2306.0 95.00689655172414 
3020.0 94.00462962962963 
2809.0 94.00473933649289 
3034.0 94.00452488687783 
2652.0 95.00515463917526 
2707.0 94.00537634408602 
2045.0 95.00892857142857 
2159.0 95.00877192982456 
1595.0 95.01449275362319 
1667.0 95.01428571428572 
2025.0 95.00980392156863 
1954.0 95.01030927835052 
1782.0 95.01190476190476 
1852.0 95.01176470588236 
1590.0 95.01639344262296 
1543.0 95.01666666666667 
2763.0 94.0047619047619 
2221.0 95.00757575757575 
2265.0 95.00735294117646 
1915.0 95.01136363636364 
1872.0 95.01149425287356 
1714.0 95.01282051282051 
1525.0 95.01818181818182 
1753.0 95.0126582278481 
1488.0 95.01851851851852 
2724.0 94.00485436893204 
2187.0 95.0077519379845 
1672.0 95.01388888888889 
1703.0 95.01369863013699 
2752.0 94.0048309178744 
1924.0 95.01086956521739 
1529.0 95.01785714285714 
1771.0 95.01234567901234 
2613.0 95.0059880239521 
2595.0 95.00613496932516 
2716.0 94.00523560209425 
1939.0 95.01041666666667 
2642.0 95.00549450549451 
1474.0 95.01886792452831 
2037.0 95.00943396226415 
2294.0 95.00694444444444 
2583.0 95.00645161290322 
2179.0 95.00806451612904 
2622.0 95.00571428571429 
2555.0 95.00666666666666 
2633.0 95.00561797752809 
2584.0 95.00636942675159 
2168.0 95.00869565217391 
2572.0 95.00649350649351 
2284.0 95.00709219858156 
2274.0 95.0072463768116 
2563.0 95.00653594771242 
1711.0 95.01333333333334 
