0.442530535546508 4.013329456261869E-5 
0.31255872220482306 6.243363798300551E-5 
0.36799248355778263 5.831869366132865E-5 
0.40400876918258694 4.3483236502100696E-5 
0.1384278108362042 0.10547378386611488 
0.1650485436893204 0.05281983962040295 
0.1656749138740996 2.0341822824214008E-4 
0.25336673974318824 1.2336646736060358E-4 
0.21641089884121517 1.2832653725059493E-4 
0.16035076730347636 0.10540563891368845 
0.16191669276542436 0.05284721074302747 
0.38239899780770437 4.816108335410951E-5 
0.2602568117757595 1.0529764133296489E-4 
0.2815533980582524 9.71978227690057E-5 
0.20231756968368306 1.3088023659978633E-4 
0.18979016598809897 1.502774848485363E-4 
0.17851550266207328 1.5328688895463333E-4 
0.37206388975884747 4.9370322676344096E-5 
0.3059818352646414 7.12289388230853E-5 
0.1935483870967742 1.4162156994515114E-4 
0.29721265267773256 7.59357990382857E-5 
0.1534606952709051 0.10542407752505394 
0.31099279674287506 6.527853776109341E-5 
0.28499843407453807 9.335384107745149E-5 
0.2903225806451613 8.086858854368414E-5 
0.14563106796116504 0.10544053043981058 
0.306295020357031 6.673283354297197E-5 
0.1506420294393987 0.10542803841193964 
0.14249921703726903 0.10545402182991125 
0.19041653617287818 1.4733143661819183E-4 
0.2934544315690573 7.919822595987518E-5 
0.15690573128719074 0.10542021208122561 
0.17193861572189165 1.7279612936683047E-4 
0.17538365173817727 1.6600077596480822E-4 
0.25681177575947384 1.1399744645720351E-4 
0.1688067647979956 1.8736929690398127E-4 
0.013153773880363295 0.1581894565561732 
0.014406514249921704 0.1581812146355292 
0.008142812402129659 0.5265943659883296 
0.010335108048856874 0.47394435964634396 
0.01096147823363608 0.36868173398198933 
0.012214218603194488 0.31603047881201163 
0.011587848418415283 0.31604726235950503 
0.009082367679298466 0.5265827045474182 
0.03852176636392108 0.15804445980410045 
0.037269025994362666 0.15805695183197138 
0.01534606952709051 0.1581732569190453 
0.06984027560288131 0.13173624910802004 
0.09802693391794551 0.1317037698355557 
0.05887879736924522 0.15800255106543706 
0.05324146570623239 0.15804049891721475 
0.030065768869401818 0.15810655253087055 
0.021609771374882555 0.1581182763324285 
0.03131850923896023 0.15808505889468086 
0.020357031005324145 0.1581244087824743 
0.0557469464453492 0.15801526495244725 
0.05731287190729721 0.15800876829589794 
0.05418102098340119 0.15803663347338642 
0.030378953961791418 0.1580902052582757 
0.12088944566238648 0.131648467290549 
0.07422486689633573 0.13173228822113434 
0.0833072345756342 0.13171041332310549 
0.09646100845599749 0.13170705425636683 
0.07641716254306295 0.131728422777306 
0.11807077983088005 0.13165964705032143 
0.11243344816786721 0.1316745384903381 
0.10773567178202317 0.13169133096525057 
0.1114938928906984 0.13168267505034717 
0.1096147823363608 0.13168838491702023 
0.10648293141246477 0.13170055759981752 
0.012840588787973693 0.21087299073072197 
0.01691199498903852 0.15815813725772557 
