2841.0 89.00645161290322 
2426.0 89.00729927007299 
2603.0 89.00714285714285 
2718.0 89.00657894736842 
1870.0 93.01408450704226 
1955.0 91.0126582278481 
1957.0 89.0126582278481 
2237.0 89.00961538461539 
2119.0 89.00980392156863 
1940.0 93.01149425287356 
1945.0 91.01369863013699 
2649.0 89.00675675675676 
2259.0 89.00892857142857 
2327.0 89.00862068965517 
2074.0 89.00990099009901 
2034.0 89.01063829787235 
1998.0 89.01075268817205 
2616.0 89.00680272108843 
2405.0 89.00763358778626 
2046.0 89.01030927835052 
2377.0 89.0078125 
1918.0 93.01219512195122 
2421.0 89.00740740740741 
2338.0 89.00847457627118 
2355.0 89.008 
1893.0 93.01282051282051 
2406.0 89.00746268656717 
1909.0 93.01234567901234 
1883.0 93.01333333333334 
2036.0 89.01052631578948 
2365.0 89.0079365079365 
1929.0 93.01204819277109 
1977.0 89.01149425287356 
1988.0 89.01123595505618 
2248.0 89.00925925925925 
1967.0 89.01204819277109 
1470.0 95.01785714285714 
1474.0 95.01754385964912 
1454.0 109.02127659574468 
1461.0 107.02 
1463.0 103.01886792452831 
1467.0 101.01754385964912 
1465.0 101.01818181818182 
1457.0 109.02083333333333 
1551.0 95.01234567901234 
1547.0 95.01282051282051 
1477.0 95.01724137931035 
1651.0 94.01234567901234 
1741.0 94.0111111111111 
1616.0 95.01075268817205 
1598.0 95.01219512195122 
1524.0 95.01470588235294 
1497.0 95.01515151515152 
1528.0 95.01388888888889 
1493.0 95.01538461538462 
1606.0 95.01123595505618 
1611.0 95.01098901098901 
1601.0 95.01204819277109 
1525.0 95.01408450704226 
1814.0 94.009009009009 
1665.0 94.01219512195122 
1694.0 94.01136363636364 
1736.0 94.01123595505618 
1672.0 94.01204819277109 
1805.0 94.00943396226415 
1787.0 94.01 
1772.0 94.01063829787235 
1784.0 94.01030927835052 
1778.0 94.01052631578948 
1768.0 94.01098901098901 
1469.0 97.0204081632653 
1482.0 95.01666666666667 
