1460.0 115.02127659574468 
2841.0 89.00645161290322 
1464.0 115.02083333333333 
1466.0 107.02083333333333 
1465.0 111.02173913043478 
2426.0 89.00729927007299 
2603.0 89.00714285714285 
1488.0 100.01851851851852 
1490.0 97.01923076923077 
2718.0 89.00657894736842 
1870.0 93.01408450704226 
1955.0 91.0126582278481 
1957.0 89.0126582278481 
2237.0 89.00961538461539 
2119.0 89.00980392156863 
1940.0 93.01149425287356 
1945.0 91.01369863013699 
1869.0 95.01020408163265 
1492.0 95.01851851851852 
1473.0 101.01960784313725 
1469.0 105.0204081632653 
1471.0 103.01960784313725 
1637.0 95.01428571428572 
2649.0 89.00675675675676 
2259.0 89.00892857142857 
2327.0 89.00862068965517 
1643.0 95.01408450704226 
1573.0 95.01470588235294 
1480.0 100.01923076923077 
1703.0 95.01351351351352 
1477.0 101.01923076923077 
1756.0 95.01234567901234 
1528.0 95.01538461538462 
2074.0 89.00990099009901 
2034.0 89.01063829787235 
1998.0 89.01075268817205 
2616.0 89.00680272108843 
1782.0 95.01149425287356 
1813.0 95.01136363636364 
2405.0 89.00763358778626 
2046.0 89.01030927835052 
2377.0 89.0078125 
1496.0 95.01785714285714 
1863.0 95.01052631578948 
1517.0 95.01724137931035 
1833.0 95.01123595505618 
1918.0 93.01219512195122 
2421.0 89.00740740740741 
1845.0 95.01086956521739 
1773.0 95.01190476190476 
2338.0 89.00847457627118 
2355.0 89.008 
1893.0 93.01282051282051 
2406.0 89.00746268656717 
1909.0 93.01234567901234 
1883.0 93.01333333333334 
2036.0 89.01052631578948 
2365.0 89.0079365079365 
1929.0 93.01204819277109 
1977.0 89.01149425287356 
1988.0 89.01123595505618 
2248.0 89.00925925925925 
1967.0 89.01204819277109 
