1459.0 109.02380952380952 
3534.0 95.00432900432901 
2561.0 95.005 
3409.0 95.0049751243781 
1462.0 107.02272727272727 
1468.0 101.0204081632653 
1469.0 97.0204081632653 
1463.0 103.02272727272727 
1471.0 95.01960784313725 
1465.0 103.02173913043478 
1466.0 101.02173913043478 
1994.0 95.00806451612904 
2134.0 95.00787401574803 
2257.0 95.00595238095238 
2378.0 95.00584795321637 
2389.0 95.00561797752809 
2469.0 95.00552486187846 
1860.0 95.0091743119266 
1933.0 95.00909090909092 
1816.0 95.01030927835052 
1750.0 95.01041666666667 
1593.0 95.01492537313433 
1535.0 95.01538461538462 
3414.0 95.00490196078431 
3468.0 95.00478468899522 
1482.0 95.01666666666667 
1527.0 95.01612903225806 
2492.0 95.005291005291 
2537.0 95.00515463917526 
2173.0 95.00641025641026 
2212.0 95.00625 
1976.0 95.00862068965517 
1939.0 95.009009009009 
1663.0 95.01219512195122 
1705.0 95.01162790697674 
1695.0 95.01190476190476 
1823.0 95.00943396226415 
1852.0 95.00934579439253 
1733.0 95.01149425287356 
1598.0 95.01449275362319 
1623.0 95.01408450704226 
2235.0 95.00621118012423 
3529.0 95.00442477876106 
1746.0 95.01075268817205 
2486.0 95.00540540540541 
3508.0 95.00462962962963 
3484.0 95.0047619047619 
3492.0 95.0046511627907 
1661.0 95.0126582278481 
1646.0 95.01282051282051 
3514.0 95.00454545454545 
2558.0 95.00510204081633 
2152.0 95.00714285714285 
2163.0 95.0068493150685 
2548.0 95.0051282051282 
1637.0 95.01369863013699 
2172.0 95.00653594771242 
1627.0 95.01388888888889 
2151.0 95.00769230769231 
1985.0 95.00847457627118 
2142.0 95.0077519379845 
1530.0 95.015625 
1479.0 95.01724137931035 
3486.0 95.00469483568075 
1701.0 95.01176470588236 
2140.0 95.0078125 
1641.0 95.01315789473684 
