1465.0 113.01886792452831 
3914.0 95.00352112676056 
1468.0 113.01851851851852 
1469.0 107.01818181818182 
1477.0 101.01923076923077 
1470.0 103.01694915254237 
1479.0 97.01923076923077 
1481.0 95.01851851851852 
1473.0 103.01666666666667 
3675.0 95.00363636363636 
3413.0 95.00398406374502 
3166.0 95.004 
2609.0 95.00558659217877 
2838.0 95.00526315789473 
3078.0 95.00425531914894 
2935.0 95.00487804878048 
2477.0 95.00602409638554 
3550.0 95.00375939849624 
3421.0 95.00389105058366 
2304.0 95.00666666666666 
2427.0 95.00662251655629 
2041.0 95.0078125 
2138.0 95.0077519379845 
2854.0 95.0049751243781 
3560.0 95.00371747211896 
3632.0 95.0037037037037 
1623.0 95.01282051282051 
3090.0 95.00416666666666 
3151.0 95.00408163265305 
2281.0 95.00729927007299 
1681.0 95.0126582278481 
2229.0 95.00746268656717 
2185.0 95.00751879699249 
1764.0 95.01149425287356 
1800.0 95.01075268817205 
1839.0 95.01030927835052 
1916.0 95.00934579439253 
1738.0 95.01162790697674 
2467.0 95.00625 
2430.0 95.00649350649351 
1513.0 95.01639344262296 
1587.0 95.01333333333334 
1974.0 95.00833333333334 
2009.0 95.00813008130082 
1619.0 95.01298701298701 
1542.0 95.01587301587301 
1561.0 95.01408450704226 
3663.0 95.0036496350365 
1927.0 95.00877192982456 
1890.0 95.00961538461539 
1583.0 95.01388888888889 
1705.0 95.01219512195122 
1727.0 95.01176470588236 
1856.0 95.00990099009901 
1877.0 95.00970873786407 
1556.0 95.01470588235294 
1942.0 95.00862068965517 
1961.0 95.00840336134453 
1488.0 95.01754385964912 
1506.0 95.01694915254237 
2167.0 95.00763358778626 
1688.0 95.01234567901234 
1779.0 95.01123595505618 
2011.0 95.00806451612904 
1796.0 95.01086956521739 
2151.0 95.00769230769231 
3648.0 95.00369003690037 
2303.0 95.00675675675676 
2026.0 95.008 
2289.0 95.00689655172414 
1853.0 95.01020408163265 
