0.010021922956467273 0.6844436301648121 
0.442530535546508 4.013329456261869E-5 
0.011274663326025681 0.6844319687239006 
0.011901033510804886 0.47396628315525735 
0.011587848418415283 0.5792229558405719 
0.31255872220482306 6.243363798300551E-5 
0.36799248355778263 5.831869366132865E-5 
0.018791105543376135 0.28974790964682406 
0.019417475728155338 0.2108420156003893 
0.40400876918258694 4.3483236502100696E-5 
0.1384278108362042 0.10547378386611488 
0.1650485436893204 0.05281983962040295 
0.1656749138740996 2.0341822824214008E-4 
0.25336673974318824 1.2336646736060358E-4 
0.21641089884121517 1.2832653725059493E-4 
0.16035076730347636 0.10540563891368845 
0.16191669276542436 0.05284721074302747 
0.13811462574381458 0.15798811820900938 
0.020043845912934545 0.15820685616642205 
0.014093329157532102 0.3160847785244905 
0.012840588787973693 0.4213386762993652 
0.013466958972752897 0.36870119991665135 
0.06545568430942687 0.1580954986608303 
0.38239899780770437 4.816108335410951E-5 
0.2602568117757595 1.0529764133296489E-4 
0.2815533980582524 9.71978227690057E-5 
0.06733479486376448 0.1580902052582757 
0.04541183839649233 0.15810655253087055 
0.016285624804259317 0.28976664768863053 
0.08612590040714062 0.15807518344021548 
0.01534606952709051 0.3160748583847109 
0.10272471030378955 0.15804445980410045 
0.03131850923896023 0.1581244087824743 
0.20231756968368306 1.3088023659978633E-4 
0.18979016598809897 1.502774848485363E-4 
0.17851550266207328 1.5328688895463333E-4 
0.37206388975884747 4.9370322676344096E-5 
0.1108675227059192 0.15802206030584925 
0.12057626056999687 0.15801862401918587 
0.3059818352646414 7.12289388230853E-5 
0.1935483870967742 1.4162156994515114E-4 
0.29721265267773256 7.59357990382857E-5 
0.021296586282492952 0.1581894565561732 
0.136235515189477 0.15799659561310062 
0.0278734732226746 0.1581732569190453 
0.12683996241778892 0.15801526495244725 
0.1534606952709051 0.10542407752505394 
0.31099279674287506 6.527853776109341E-5 
0.13059818352646413 0.1580056258913715 
0.10804885687441278 0.15803286006393466 
0.28499843407453807 9.335384107745149E-5 
0.2903225806451613 8.086858854368414E-5 
0.14563106796116504 0.10544053043981058 
0.306295020357031 6.673283354297197E-5 
0.1506420294393987 0.10542803841193964 
0.14249921703726903 0.10545402182991125 
0.19041653617287818 1.4733143661819183E-4 
0.2934544315690573 7.919822595987518E-5 
0.15690573128719074 0.10542021208122561 
0.17193861572189165 1.7279612936683047E-4 
0.17538365173817727 1.6600077596480822E-4 
0.25681177575947384 1.1399744645720351E-4 
0.1688067647979956 1.8736929690398127E-4 

0.009395552771688067 0.5529692134896178 
0.4691512683996242 0.15785668901016622 
0.013153773880363295 0.1581894565561732 
0.011901033510804886 0.3160653125898285 
0.010648293141246476 0.4739779445961688 
0.011274663326025681 0.3687572702719286 
0.39931099279674287 0.15787911078064581 
0.3347948637644848 0.15788307211483701 
0.010021922956467273 0.5266192437289408 
0.18477920450986532 0.1579484341289887 
0.23551518947698089 0.15794646199925144 
0.05167554024428437 0.15816556895566217 
0.014406514249921704 0.1581812146355292 
0.3106796116504854 0.15792846240244232 
0.274036955840902 0.15793013276502613 
0.23770748512370812 0.157935308150737 
0.1099279674287504 0.1580658277465111 
0.07923582837456937 0.15808005352734908 
0.42561854055746945 0.15787173766151597 
0.14782336360789228 0.15797263064384304 
0.17099906044472282 0.1579702214670394 
0.05324146570623239 0.15813073287158386 
0.07297212652677733 0.1581123269405932 
0.44973379267146885 0.15786264648541473 
0.46507986219855935 0.1578581313462789 
0.11274663326025681 0.15803663347338642 
0.1262135922330097 0.15803286006393466 
0.43908549953022236 0.15786746601595242 
0.31569057312871907 0.1579103062874002 
0.32665205136235514 0.15790110301529267 
0.13341684935797057 0.1580056258913715 
0.14030692139054182 0.15799954166133096 
0.17788913247729407 0.1579566779866294 
0.12746633260256812 0.15802917544058803 
0.445662386470404 0.15786501630982275 
0.07359849671155654 0.1581009454953428 
0.07735671782023176 0.1580902052582757 
0.3313498277481992 0.1578851275240872 
0.44221735045411836 0.1578666403235698 
0.3138114625743815 0.1579204931153055 
0.32821797682430315 0.1578883094557147 
0.17413091136861886 0.1579655382074585 
0.17757594738490448 0.1579588326312403 
0.17475728155339806 0.15796102681061414 
0.14187284685248983 0.15799088574642758 
0.14437832759160665 0.15798811820900938 
0.14531788286877545 0.15798014441308222 
0.23708111493892892 0.1579407444802649 
0.32790479173191356 0.15789623225191457 
0.052301910429063576 0.15815094922201642 
0.14469151268399624 0.15798274918641853 

0.011587848418415283 0.6317638409427934 
0.7785781396805512 0.15781230162416202 
0.01252740369558409 0.6317546486958694 
0.012840588787973693 0.4738965265359875 
0.01534606952709051 0.3160748583847109 
0.013153773880363295 0.3686312545243054 
0.015972439711869714 0.2108420156003893 
0.01659880989664892 0.15820685616642205 
0.014093329157532102 0.3686238228263688 
0.7037269025994363 0.15781533330017053 
0.6216724083933605 0.15782448066788826 
0.5443156905731287 0.15782489992224205 
0.3698715941121203 0.1578666403235698 
0.4415909802693392 0.1578581313462789 
0.5167554024428437 0.15783161691220693 
0.4719699342311306 0.1578479998145603 
0.32853116191669274 0.157878150276422 
0.664578766050736 0.15781857012718728 
0.6241778891324773 0.15782203365804165 
0.2743501409332916 0.15789505515076463 
0.31287190729721265 0.15789389364035877 
0.19198246163482618 0.1579251999755207 
0.2223614155966176 0.1579236066972566 
0.44660194174757284 0.157850553699836 
0.667710616974632 0.1578174671192201 
0.6902599436266834 0.15781710489685055 
0.06107109301597244 0.15805695183197138 
0.520513623551519 0.15782928462402449 
0.5396179141872847 0.15782704753127816 
0.26714688380833074 0.15791169781446543 
0.07923582837456937 0.15805268240472456 
0.2508612590040714 0.1579159970100254 
0.23708111493892892 0.15791747317491694 
0.10523019104290636 0.15802206030584925 
0.11650485436893204 0.15800255106543706 
0.12871907297212654 0.15799088574642758 
0.1528343250861259 0.1579655382074585 
0.0970873786407767 0.15802557650615612 
0.32539931099279673 0.15788409339630793 
0.3138114625743815 0.1578904996164453 
0.026620732853116193 0.15815094922201642 
0.049796429689946756 0.15807044322207206 
0.17099906044472282 0.15793890216859177 
0.1819605386783589 0.15793355497129583 
0.05981835264641403 0.15806133215343263 
0.035703100532414656 0.15813725772542703 
0.0416536172878171 0.1580902052582757 
0.6999686814907611 0.1578156824469615 
0.15627936110241153 0.15795044085749338 
0.14469151268399624 0.15797263064384304 
0.04854368932038835 0.15808505889468086 
0.08675227059191983 0.15804049891721475 
0.09364234262449107 0.15802917544058803 
0.13404321954274975 0.15798014441308222 
0.1406201064829314 0.15797508660077866 
0.04008769182586909 0.15810655253087055 
0.16097713748825557 0.15794646199925144 
0.166927654243658 0.1579407444802649 
0.018791105543376135 0.1581812146355292 
0.024428437206388976 0.15816556895566217 
0.23144378327591605 0.1579204931153055 
0.08142812402129658 0.15804445980410045 
0.1099279674287504 0.15801526495244725 
0.1825869088631381 0.1579318300689423 
0.11525211399937363 0.1580056258913715 
0.22643282179768243 0.15792203793096596 
0.695270905104917 0.15781674534770873 
0.274036955840902 0.15789742525983655 
0.18728468524898215 0.15793013276502613 
0.26965236454744757 0.15790110301529267 
0.13310366426558096 0.15798811820900938 

0.008142812402129659 0.5265943659883296 
0.5944253053554651 0.1578350539684753 
0.010335108048856874 0.47394435964634396 
0.01096147823363608 0.36868173398198933 
0.012214218603194488 0.31603047881201163 
0.013153773880363295 0.2108519357401689 
0.013780144065142498 0.1582255942082285 
0.011587848418415283 0.31604726235950503 
0.009082367679298466 0.5265827045474182 
0.5900407140620106 0.15783924985534875 
0.5227059191982462 0.15783979589542155 
0.4312558722204823 0.15786035269815307 
0.37206388975884747 0.15786342779364398 
0.28499843407453807 0.1578820634417792 
0.33573441904165363 0.15788106714507788 
0.46539304729094894 0.15784990574626973 
0.248042593172565 0.15790625013403972 
0.20889445662386472 0.1579089347823072 
0.5042279987472597 0.15784926417648243 
0.17538365173817727 0.157935308150737 
0.14375195740682745 0.15793890216859177 
0.06827435014093329 0.15801198053163612 
0.09426871280927028 0.15800255106543706 
0.13654870028186658 0.1579588326312403 
0.11055433761352959 0.15796785774640182 
0.03852176636392108 0.15804445980410045 
0.06107109301597244 0.15803663347338642 
0.43814594425305353 0.15785321129618907 
0.4575634199812089 0.1578525368304479 
0.18290009395552773 0.15792203793096596 
0.20106482931412464 0.15791454271424352 
0.35108048856874413 0.15786830103819233 
0.2630754776072659 0.15790364058082895 
0.015032884434700909 0.15819799818302263 
0.026620732853116193 0.1581732569190453 
0.3611024115252114 0.15786746601595242 
0.26996554963983715 0.15789863449915878 
0.36454744754149704 0.15786501630982275 
0.3438772314437833 0.15786999971200674 
0.061697463200751645 0.15803286006393466 
0.1803946132164109 0.15793013276502613 
0.06764797995615408 0.15801862401918587 
0.5164422173504541 0.1578431798057303 
0.5223927341058565 0.15784090307344875 
0.031631694331349824 0.1580902052582757 
0.037269025994362666 0.15805695183197138 
0.46320075164422175 0.15785120813293788 
0.09802693391794551 0.1579854065814382 
0.10241152521139994 0.15798274918641853 
0.10616974632007517 0.15797508660077866 
0.28061384278108364 0.15788939747104505 
0.5082994049483245 0.1578479998145603 
0.5123708111493893 0.15784554368565892 
0.20513623551518947 0.1579103062874002 
0.33980582524271846 0.1578735162648148 
0.14030692139054182 0.15794646199925144 
0.2768556216724084 0.1578904996164453 
0.43470090823676794 0.15785740640247384 
0.17694957720012527 0.1579318300689423 
0.34325086125900406 0.15787262179280687 
0.2709051049170059 0.15789623225191457 
0.274036955840902 0.15789274741298454 
0.028813028499843407 0.1581244087824743 

0.009395552771688067 0.6581735841844415 
0.4274976511118071 0.13158684445468422 
0.013153773880363295 0.21083246980550688 
0.01252740369558409 0.36864690020417246 
0.18697150015659256 0.1316344073214795 
0.3088005010961478 0.1316325337841845 
0.010648293141246476 0.500324320007959 
0.010021922956467273 0.5265943659883296 
0.011901033510804886 0.36871151686202236 
0.4152834325086126 0.13159672547278603 
0.34325086125900406 0.1315980394379593 
0.01534606952709051 0.1581732569190453 
0.013780144065142498 0.210781990347823 
0.06984027560288131 0.13173624910802004 
0.12840588787973692 0.13169741519529107 
0.09802693391794551 0.1317037698355557 
0.05887879736924522 0.15800255106543706 
0.15753210147196994 0.13166687590469825 
0.1406201064829314 0.1316745384903381 
0.08455997494519261 0.13172464936785427 
0.32445975571562796 0.1316186076487006 
0.16035076730347636 0.13165505092685922 
0.04071406201064829 0.15805268240472456 
0.05324146570623239 0.15804049891721475 
0.17287817099906044 0.13165281611453375 
0.17507046664578765 0.1316506219351599 
0.08706545568430943 0.13172096474450765 
0.0974005637331663 0.13170705425636683 
0.3347948637644848 0.13160926247883656 
0.030065768869401818 0.15810655253087055 
0.03977450673347949 0.15806133215343263 
0.021609771374882555 0.1581182763324285 
0.03131850923896023 0.15808505889468086 
0.13279047917319137 0.1316771958853578 
0.31475101785155024 0.13163069147251136 
0.020357031005324145 0.1581244087824743 
0.41935483870967744 0.13158921456375614 
0.42342624491074227 0.13158802155583418 
0.3169433134982775 0.1316219220689457 
0.3207015346069527 0.1316202517063619 
0.33855308487316005 0.13160209559131977 
0.34137175070466647 0.1316007240862268 
0.13028499843407454 0.13167990751292896 
0.3360476041340432 0.13160778631394499 
0.0557469464453492 0.15801526495244725 
0.05731287190729721 0.15800876829589794 
0.05418102098340119 0.15803663347338642 
0.030378953961791418 0.1580902052582757 
0.012214218603194488 0.3686912797768717 

0.010021922956467273 0.7108337553726605 
0.5596617601002192 0.21044662717202206 
0.013466958972752897 0.21090800609544622 
0.012214218603194488 0.3687572702719286 
0.01096147823363608 0.5266464356779803 
0.010648293141246476 0.5792927018922583 
0.3119323520200438 0.2104798491858048 
0.4262449107422487 0.2104752853536081 
0.45255245850297526 0.2104499768296102 
0.14249921703726903 0.2105668622496542 
0.10930159724397119 0.2105752540234011 
0.1932352020043846 0.21054997636345663 
0.16316943313498278 0.2105517295428978 
0.2934544315690573 0.21048556694148235 
0.07203257124960852 0.21062204728353232 
0.09145004697776386 0.21061897245759786 
0.2107735671782023 0.21054162136768154 
0.14500469777638583 0.2105590394097207 
0.16254306295020357 0.21055351170051168 
0.28593798935170683 0.21049553217280662 
0.27215784528656434 0.2105069210086061 
0.2229877857813968 0.21053845932312676 
0.24929533354212338 0.21052811920662626 
0.23770748512370812 0.2105295311973247 
0.26119636705292826 0.21050803756113537 
0.05292828061384278 0.2107119200529911 
0.04384591293454432 0.21071736688750362 
0.10241152521139994 0.21059656580524302 
0.09364234262449107 0.21060730713858838 
0.23113059818352646 0.21053389456707777 
0.0548073911681804 0.21068686461423286 
0.061697463200751645 0.2106691037968854 
0.02943939868462261 0.21079763602769 
0.022862511744440966 0.21081441957518343 
0.23708111493892892 0.21053096410640434 
0.03131850923896023 0.2107745586498864 
0.037269025994362666 0.21075367911758783 
0.06639523958659568 0.21064199789831695 
0.4478546821171312 0.21045406251061416 
0.43564046351393676 0.2104613656654093 
0.44033823989978077 0.2104596011978911 
0.4431569057312872 0.21045676833719687 
0.019417475728155338 0.2108622526855399 
0.015032884434700909 0.21087299073072197 
0.0413404321954275 0.2107408301746351 
0.10523019104290636 0.21057968301510044 
0.29000939555277166 0.21048904318496767 
0.2571249608518634 0.21051628169556416 
0.252740369558409 0.21052535617446802 
0.25618540557469466 0.21051878437923002 
0.2530535546507986 0.21052400426230458 
0.06357657375508925 0.21065305486554722 
0.42843720638897587 0.21047169780510339 
0.4309426871280927 0.21046762952509868 
0.43313498277481993 0.21046505028875592 
0.021609771374882555 0.21082327755858288 
0.10460382085812715 0.21058427913856265 
0.14469151268399624 0.2105609449732944 

0.01096147823363608 0.5792774241856983 
0.5129971813341685 0.13156178901592636 
0.011274663326025681 0.3687451018118472 
0.012214218603194488 0.36868173398198933 
0.013466958972752897 0.26353713676813667 
0.4325086125900407 0.1315718723022556 
0.3344816786720952 0.1315738527456988 
0.44221735045411836 0.13156621056394222 
0.25367992483557783 0.13159672547278603 
0.3181960538678359 0.13159542988474857 
0.014093329157532102 0.2108958376353648 
0.014406514249921704 0.2108841761944533 
0.015032884434700909 0.15827941624320396 
0.12088944566238648 0.131648467290549 
0.17068587535233323 0.13164427240723636 
0.07422486689633573 0.13173228822113434 
0.19292201691199498 0.1316186076487006 
0.2245537112433448 0.13161698927944032 
0.0554337613529596 0.15803663347338642 
0.24303163169433134 0.13161228241922512 
0.0833072345756342 0.13171041332310549 
0.09646100845599749 0.13170705425636683 
0.041027247103037894 0.15816556895566217 
0.02943939868462261 0.1581732569190453 
0.10491700595051676 0.1317037698355557 
0.07641716254306295 0.131728422777306 
0.04697776385844034 0.1581244087824743 
0.11807077983088005 0.13165964705032143 
0.11243344816786721 0.1316745384903381 
0.024115252113999373 0.15820685616642205 
0.01534606952709051 0.1582458312933791 
0.020357031005324145 0.1582355143480081 
0.3216410898841215 0.13159289231921226 
0.32665205136235514 0.13158802155583418 
0.17569683683056686 0.13163631288505317 
0.1807077983088005 0.1316325337841845 
0.18979016598809897 0.13162887961227046 
0.43313498277481993 0.1315689905791622 
0.43783275916066394 0.1315680528756157 
0.18509238960225494 0.13163069147251136 
0.3341684935797056 0.13158340547289415 
0.3304102724710304 0.1315856829442784 
0.17193861572189165 0.131642230161413 
0.17507046664578765 0.13163825130317103 
0.021609771374882555 0.1582255942082285 
0.10773567178202317 0.13169133096525057 
0.1114938928906984 0.13168267505034717 
0.1096147823363608 0.13168838491702023 
0.052301910429063576 0.15804851971315867 
0.048230504227998745 0.1581123269405932 
0.10648293141246477 0.13170055759981752 
0.05386783589101159 0.15804445980410045 
0.049796429689946756 0.15807044322207206 
0.050735984967115566 0.1580658277465111 

0.5684309426871281 0.13152786439530678 
0.008769182586908864 0.5266325307040395 
0.013466958972752897 0.1582255942082285 
0.013153773880363295 0.31609509546986153 
0.01096147823363608 0.47396628315525735 
0.011274663326025681 0.3687572702719286 
0.012214218603194488 0.31610583351504357 
0.010021922956467273 0.5266192437289408 
0.011587848418415283 0.3687451018118472 
0.34951456310679613 0.15789863449915878 
0.27497651111807075 0.15790110301529267 
0.49859066708424676 0.1315332536551184 
0.4325086125900407 0.13153613984639173 
0.5029752583777012 0.1315304980607351 
0.38333855308487313 0.15785527641294259 
0.4005637331663013 0.13155289837636674 
0.1932352020043846 0.1579545618178154 
0.22893830253679925 0.15795044085749338 
0.052301910429063576 0.1581009454953428 
0.07485123708111494 0.1580954986608303 
0.18697150015659256 0.15797759071373302 
0.16473535859693078 0.15799088574642758 
0.1108675227059192 0.15803286006393466 
0.13279047917319137 0.15802917544058803 
0.050735984967115566 0.15815094922201642 
0.03601628562480426 0.15815813725772557 
0.418102098340119 0.13153673357716808 
0.24835577826495459 0.15791897170594288 
0.2621359223300971 0.15791310980516388 
0.1525211399937363 0.15801862401918587 
0.1390541810209834 0.15802206030584925 
0.08957093642342624 0.15805695183197138 
0.030378953961791418 0.15819799818302263 
0.10178515502662074 0.15805268240472456 
0.018791105543376135 0.15820685616642205 
0.40588787973692453 0.1315391661440379 
0.23770748512370812 0.1579236066972566 
0.07641716254306295 0.15808505889468086 
0.08612590040714062 0.15808005352734908 
0.41465706232383337 0.1315385491886724 
0.1553398058252427 0.1580056258913715 
0.031631694331349824 0.1581894565561732 
0.10742248668963357 0.15804445980410045 
0.3711243344816787 0.1578772012752426 
0.3654870028186658 0.15788106714507788 
0.4033823989978077 0.13154919570639342 
0.16003758221108674 0.15799371094087522 
0.38020670216097713 0.15786421768767794 
0.014406514249921704 0.15821604841334608 
0.19072972126526777 0.15796785774640182 
0.27121829000939557 0.15790236298706922 
0.3617287817099906 0.15788939747104505 
0.2352020043845913 0.1579318300689423 
0.3739430003131851 0.15786999971200674 
0.3529595991230817 0.15789505515076463 
0.3773880363294707 0.15786746601595242 
0.3620419668023802 0.15788723530045168 
0.23175696836830567 0.1579484341289887 
0.35828374569370497 0.1578904996164453 
0.2680864390854995 0.15790625013403972 
0.2649545881616035 0.1579103062874002 
0.35546507986219855 0.15789161616897454 
0.08863138114625743 0.15807044322207206 

0.009708737864077669 0.5266610027935374 
0.6595678045725023 0.1578335554374494 
0.3548387096774194 0.15785120813293788 
0.6204196680238021 0.157850553699836 
0.010648293141246476 0.47401610931187865 
0.01252740369558409 0.31610583351504357 
0.012840588787973693 0.21087299073072197 
0.01096147823363608 0.36878326652755705 
0.013466958972752897 0.1582355143480081 
0.011587848418415283 0.3687572702719286 
0.011901033510804886 0.31614084887976784 
0.17726276229251486 0.1579318300689423 
0.22110867522705918 0.157926818344781 
0.25963044159098025 0.15787626357169612 
0.29752583777012215 0.1578735162648148 
0.30097087378640774 0.15786746601595242 
0.32602568117757597 0.15786501630982275 
0.13529595991230817 0.15796102681061414 
0.15815847165674915 0.1579588326312403 
0.12151581584716567 0.15799088574642758 
0.10084559974945193 0.15799371094087522 
0.05167554024428437 0.1581123269405932 
0.03351080488568744 0.1581244087824743 
0.6219855934857501 0.15784862889659512 
0.6388975884747886 0.15784554368565892 
0.01691199498903852 0.15815813725772557 
0.031005324146570624 0.1581439930584266 
0.3332289383025368 0.15785886396144727 
0.3473222674600689 0.15785527641294259 
0.23332289383025367 0.1578883094557147 
0.24553711243344817 0.15788409339630793 
0.17162543062950203 0.15794646199925144 
0.16003758221108674 0.1579566779866294 
0.07359849671155654 0.15804049891721475 
0.08675227059191983 0.15802557650615612 
0.0836204196680238 0.15803286006393466 
0.1237081114938929 0.15796785774640182 
0.13279047917319137 0.1579655382074585 
0.0955214531788287 0.15802206030584925 
0.05324146570623239 0.1581009454953428 
0.06107109301597244 0.1580902052582757 
0.252740369558409 0.15788307211483701 
0.6580018791105543 0.15783607509138717 
0.09959285937989351 0.15800255106543706 
0.3313498277481992 0.1578618736237609 
0.6514249921703726 0.1578414643511988 
0.6439085499530223 0.1578449442732485 
0.6464140306921391 0.15784203085013693 
0.07297212652677733 0.15805268240472456 
0.06827435014093329 0.15805695183197138 
0.6533041027247103 0.15783924985534875 
0.35389915440025055 0.15785389264423347 
0.22674600689007204 0.15790758287014375 
0.23019104290635767 0.15789986030340333 
0.35076730347635454 0.15785458098046304 
0.06545568430942687 0.15808005352734908 
0.23300970873786409 0.15789161616897454 
0.062323833385530845 0.15808505889468086 
0.22643282179768243 0.15792203793096596 
0.17444409646100845 0.15794261801755988 
0.223614155966176 0.1579236066972566 
0.03194487942373943 0.15813073287158386 
0.015972439711869714 0.1581732569190453 
0.6445349201378014 0.1578431798057303 
0.08549953022236141 0.15802917544058803 
0.2229877857813968 0.1579251999755207 
0.06670842467898529 0.1580658277465111 

0.009082367679298466 0.6581735841844415 
0.39523958659567804 0.15787533696523323 
0.01096147823363608 0.5002983237523306 
0.009708737864077669 0.6581125725640888 
0.01252740369558409 0.3950416510670161 
0.013780144065142498 0.23717046338162032 
0.012214218603194488 0.4740445814013766 
0.013466958972752897 0.31615355816029744 
0.14970247416222987 0.1579484341289887 
0.20732853116191668 0.15794261801755988 
0.3914813654870028 0.15787911078064581 
0.3479486376448481 0.15788008299833597 
0.013153773880363295 0.34240330616594195 
0.014406514249921704 0.1845338049043089 
0.2586908863138115 0.15791454271424352 
0.2906357657375509 0.1579089347823072 
0.07234575634199812 0.15801526495244725 
0.10241152521139994 0.15800876829589794 
0.10460382085812715 0.15799088574642758 
0.12746633260256812 0.1579854065814382 
0.014719699342311305 0.15826775480229247 
0.011901033510804886 0.5002744938513377 
0.3272784215471344 0.1578851275240872 
0.3445036016285625 0.1578820634417792 
0.2940808017538365 0.15790625013403972 
0.30817413091136864 0.15790236298706922 
0.03069213905418102 0.1581812146355292 
0.04321954274976511 0.15815813725772557 
0.252740369558409 0.15791897170594288 
0.24052615095521454 0.1579204931153055 
0.21797682430316317 0.1579407444802649 
0.019104290635765738 0.15819799818302263 
0.029752583777012214 0.1581894565561732 
0.05418102098340119 0.1581439930584266 
0.04447228311932352 0.15815094922201642 
0.13247729408080175 0.15797263064384304 
0.140933291575321 0.15796785774640182 
0.3150642029439399 0.15789274741298454 
0.3228938302536799 0.15789161616897454 
0.23300970873786409 0.15792203793096596 
0.222048230504228 0.15793013276502613 
0.22925148762918884 0.157926818344781 
0.14751017851550266 0.15796326162293964 
0.0704666457876605 0.15804049891721475 
0.06482931412464767 0.1580658277465111 
0.06451612903225806 0.15808005352734908 
0.060131537738803635 0.15808505889468086 
0.32633886626996556 0.1578904996164453 
0.015972439711869714 0.15825656933856114 
0.2555590353899154 0.1579159970100254 
0.31224553711243347 0.15789389364035877 
0.2192295646727216 0.157935308150737 
0.12997181334168492 0.15797759071373302 
0.05668650172251801 0.1581123269405932 
0.3103664265580958 0.15790110301529267 
0.31161916692765423 0.15789986030340333 
0.05825242718446602 0.15810655253087055 

