140.0 6.125 
160.0 4.111111111111111 
152.0 4.125 
148.0 6.1 
144.0 6.111111111111111 

140.0 6.125 
156.0 4.111111111111111 
144.0 6.111111111111111 
152.0 4.125 

140.0 6.125 
153.0 4.111111111111111 
144.0 6.111111111111111 
149.0 4.125 

156.0 4.111111111111111 
142.0 6.125 
148.0 6.1 
152.0 4.125 
144.0 6.111111111111111 

140.0 6.125 
156.0 4.111111111111111 
148.0 6.1 
152.0 4.125 
144.0 6.111111111111111 

158.0 4.111111111111111 
140.0 6.125 
152.0 4.125 
144.0 6.111111111111111 

148.0 4.111111111111111 

156.0 4.111111111111111 
140.0 6.125 
146.0 6.111111111111111 
152.0 4.125 

140.0 6.125 
158.0 4.111111111111111 
152.0 4.125 
144.0 6.111111111111111 

140.0 6.125 
156.0 4.111111111111111 
144.0 6.111111111111111 
152.0 4.125 

